  -5.00000000000000      -4.266481869091062E-004 -0.204239222223290     
  -4.98998998998999      -4.284817589757340E-004 -0.204667210046884     
  -4.97997997997998      -4.303278526194135E-004 -0.205097039098179     
  -4.96996996996997      -4.321862737914386E-004 -0.205528720720047     
  -4.95995995995996      -4.340558050879841E-004 -0.205962268487672     
  -4.94994994994995      -4.359381712841397E-004 -0.206397695337974     
  -4.93993993993994      -4.378334520159324E-004 -0.206835013108918     
  -4.92992992992993      -4.397416138369829E-004 -0.207274234474748     
  -4.91991991991992      -4.416628408537989E-004 -0.207715372313508     
  -4.90990990990991      -4.435976611783491E-004 -0.208158439555885     
  -4.89989989989990      -4.455470413157702E-004 -0.208603447798849     
  -4.88988988988989      -4.475068199928720E-004 -0.209050408724825     
  -4.87987987987988      -4.494780966793159E-004 -0.209499341669060     
  -4.86986986986987      -4.514642965695118E-004 -0.209950257638236     
  -4.85985985985986      -4.534646298398842E-004 -0.210403169188476     
  -4.84984984984985      -4.554789139111649E-004 -0.210858090062879     
  -4.83983983983984      -4.575072569300258E-004 -0.211315034193281     
  -4.82982982982983      -4.595499507134551E-004 -0.211774015685660     
  -4.81981981981982      -4.616077247960257E-004 -0.212235048813117     
  -4.80980980980981      -4.636825691172384E-004 -0.212698146793942     
  -4.79979979979980      -4.657721757230330E-004 -0.213163319422025     
  -4.78978978978979      -4.678708502161034E-004 -0.213630584292415     
  -4.77977977977978      -4.699829622370138E-004 -0.214099966282162     
  -4.76976976976977      -4.721202276470752E-004 -0.214571474487368     
  -4.75975975975976      -4.742884211745005E-004 -0.215045103916798     
  -4.74974974974975      -4.764362485127184E-004 -0.215520862497666     
  -4.73973973973974      -4.785895506413003E-004 -0.215998824327670     
  -4.72972972972973      -4.807718658108928E-004 -0.216478974670524     
  -4.71971971971972      -4.829741165679763E-004 -0.216961322410805     
  -4.70970970970971      -4.851936388731012E-004 -0.217445883822126     
  -4.69969969969970      -4.874298950308163E-004 -0.217932675403373     
  -4.68968968968969      -4.896830918615987E-004 -0.218421713730107     
  -4.67967967967968      -4.919542271145951E-004 -0.218913015688102     
  -4.66966966966967      -4.942466544944456E-004 -0.219406598324259     
  -4.65965965965966      -4.965708102298355E-004 -0.219902471281218     
  -4.64964964964965      -4.989069987360421E-004 -0.220400618489206     
  -4.63963963963964      -5.012142283208718E-004 -0.220901108230320     
  -4.62962962962963      -5.035533985301192E-004 -0.221403971854453     
  -4.61961961961962      -5.059255329364489E-004 -0.221909191289388     
  -4.60960960960961      -5.083058924569553E-004 -0.222416782913808     
  -4.59959959959960      -5.107075701522675E-004 -0.222926777646857     
  -4.58958958958959      -5.131230670038705E-004 -0.223439183842013     
  -4.57957957957958      -5.155579413951469E-004 -0.223954028189134     
  -4.56956956956957      -5.180138113958311E-004 -0.224471322965022     
  -4.55955955955956      -5.204892001869024E-004 -0.224991086151295     
  -4.54954954954955      -5.229841188496193E-004 -0.225513336786509     
  -4.53953953953954      -5.254995380895730E-004 -0.226038094299557     
  -4.52952952952953      -5.280387782191624E-004 -0.226565378174389     
  -4.51951951951952      -5.306106005822431E-004 -0.227095199299379     
  -4.50950950950951      -5.331892893890826E-004 -0.227627554926933     
  -4.49949949949950      -5.357590105405045E-004 -0.228162515464056     
  -4.48948948948949      -5.383631802748825E-004 -0.228700097190166     
  -4.47947947947948      -5.409979468510745E-004 -0.229240305604572     
  -4.46946946946947      -5.436631723653979E-004 -0.229783164706924     
  -4.45945945945946      -5.463697053678067E-004 -0.230328702547880     
  -4.44944944944945      -5.491574084515038E-004 -0.230876940282191     
  -4.43943943943944      -5.520655068674773E-004 -0.231427775185018     
  -4.42942942942943      -5.548205996839576E-004 -0.231981296369548     
  -4.41941941941942      -5.578364782584149E-004 -0.232537773869605     
  -4.40940940940941      -5.613059974623396E-004 -0.233096314187159     
  -4.39939939939940      -5.634701568659207E-004 -0.233657390906074     
  -4.38938938938939      -5.658233097309387E-004 -0.234222189906224     
  -4.37937937937938      -5.685059684232990E-004 -0.234789834601995     
  -4.36936936936937      -5.713016474705912E-004 -0.235360276974433     
  -4.35935935935936      -5.741516011901831E-004 -0.235933558868868     
  -4.34934934934935      -5.770378854174388E-004 -0.236509716295976     
  -4.33933933933934      -5.799539456582609E-004 -0.237088779543311     
  -4.32932932932933      -5.828971660910922E-004 -0.237670776036025     
  -4.31931931931932      -5.858667002746938E-004 -0.238255731927874     
  -4.30930930930931      -5.888631738104588E-004 -0.238843672944201     
  -4.29929929929930      -5.918906618679299E-004 -0.239434623884494     
  -4.28928928928929      -5.949577146297946E-004 -0.240028593671388     
  -4.27927927927928      -5.980144305359444E-004 -0.240625598334823     
  -4.26926926926927      -6.010890862571361E-004 -0.241225720757641     
  -4.25925925925926      -6.042013105871166E-004 -0.241828955203732     
  -4.24924924924925      -6.073427787195267E-004 -0.242435322032975     
  -4.23923923923924      -6.105112728992205E-004 -0.243044847470210     
  -4.22922922922923      -6.137063432514825E-004 -0.243657557936715     
  -4.21921921921922      -6.169280319948176E-004 -0.244273479926887     
  -4.20920920920921      -6.201765977588198E-004 -0.244892640100222     
  -4.19919919919920      -6.234524271333128E-004 -0.245515065089698     
  -4.18918918918919      -6.267550029427641E-004 -0.246140782018903     
  -4.17917917917918      -6.300852184539223E-004 -0.246769819258995     
  -4.16916916916917      -6.334438369942323E-004 -0.247402204057482     
  -4.15915915915916      -6.368307953281905E-004 -0.248037963877767     
  -4.14914914914915      -6.402457170669732E-004 -0.248677128382730     
  -4.13913913913914      -6.436901317676349E-004 -0.249319726505457     
  -4.12912912912913      -6.471643934236786E-004 -0.249965787311454     
  -4.11911911911912      -6.506690444336168E-004 -0.250615340781573     
  -4.10910910910911      -6.542049369909729E-004 -0.251268417598221     
  -4.09909909909910      -6.577734696812522E-004 -0.251925049366732     
  -4.08908908908909      -6.613774639684328E-004 -0.252585268974900     
  -4.07907907907908      -6.650241448306718E-004 -0.253249109533157     
  -4.06906906906907      -6.687188570369858E-004 -0.253916594308006     
  -4.05905905905906      -6.724695809690674E-004 -0.254587774931149     
  -4.04904904904905      -6.763026442946659E-004 -0.255262656289703     
  -4.03903903903904      -6.803501949142605E-004 -0.255941310721130     
  -4.02902902902903      -6.846203488534707E-004 -0.256623086415824     
  -4.01901901901902      -6.878938417772230E-004 -0.257308742860188     
  -4.00900900900901      -6.914379920865271E-004 -0.257998833477833     
  -3.99899899899900      -6.952214982479666E-004 -0.258692791623848     
  -3.98898898898899      -6.991012211757176E-004 -0.259390620580744     
  -3.97897897897898      -7.030394189362250E-004 -0.260092371110035     
  -3.96896896896897      -7.070255598841759E-004 -0.260798089990161     
  -3.95895895895896      -7.110580142391251E-004 -0.261507821643947     
  -3.94894894894895      -7.151411777535996E-004 -0.262221611438132     
  -3.93893893893894      -7.192908571315098E-004 -0.262939508926473     
  -3.92892892892893      -7.235617509681032E-004 -0.263661565040548     
  -3.91891891891892      -7.281300310780699E-004 -0.264387706112106     
  -3.90890890890891      -7.326405667136450E-004 -0.265117398249805     
  -3.89889889889890      -7.364541403545617E-004 -0.265851676047953     
  -3.88888888888889      -7.406728201603086E-004 -0.266590647154177     
  -3.87887887887888      -7.452436017185790E-004 -0.267333639968401     
  -3.86886886886887      -7.494956510034643E-004 -0.268080750962400     
  -3.85885885885886      -7.535889412600488E-004 -0.268832558683491     
  -3.84884884884885      -7.579046115312180E-004 -0.269588953682334     
  -3.83883883883884      -7.623492717308846E-004 -0.270349801877766     
  -3.82882882882883      -7.668661338617715E-004 -0.271115148869407     
  -3.81881881881882      -7.714399852890570E-004 -0.271885049158278     
  -3.80880880880881      -7.760672778118288E-004 -0.272659554906480     
  -3.79879879879880      -7.807498905174579E-004 -0.273438718150636     
  -3.78878878878879      -7.854973556386347E-004 -0.274222592756764     
  -3.77877877877878      -7.903431258398229E-004 -0.275011226067707     
  -3.76876876876877      -7.953060281932665E-004 -0.275804559532826     
  -3.75875875875876      -8.001978239642391E-004 -0.276602761379448     
  -3.74874874874875      -8.053780593644801E-004 -0.277405858216052     
  -3.73873873873874      -8.103245950005970E-004 -0.278213612384636     
  -3.72872872872873      -8.153191859445926E-004 -0.279026854766050     
  -3.71871871871872      -8.209543693731991E-004 -0.279845226267826     
  -3.70870870870871      -8.271659980882865E-004 -0.280667651525680     
  -3.69869869869870      -8.323803376293865E-004 -0.281494895695723     
  -3.68868868868869      -8.368008486540222E-004 -0.282327341886959     
  -3.67867867867868      -8.413327252179340E-004 -0.283166379914876     
  -3.66866866866867      -8.466152312861980E-004 -0.284010923525429     
  -3.65865865865866      -8.525208729545223E-004 -0.284860928936156     
  -3.64864864864865      -8.598099144948956E-004 -0.285716106855527     
  -3.63863863863864      -8.675021630945440E-004 -0.286573759711796     
  -3.62862862862863      -8.720041826732066E-004 -0.287436042545739     
  -3.61861861861862      -8.749676688536025E-004 -0.288306930137739     
  -3.60860860860861      -8.796629192820934E-004 -0.289184462763745     
  -3.59859859859860      -8.850963443674556E-004 -0.290067500986453     
  -3.58858858858859      -8.909722856255390E-004 -0.290956115020701     
  -3.57857857857858      -8.970949476197408E-004 -0.291849948300541     
  -3.56856856856857      -9.026275993431965E-004 -0.292749774752185     
  -3.55855855855856      -9.086089791187243E-004 -0.293655910392750     
  -3.54854854854855      -9.149640742442305E-004 -0.294567585225300     
  -3.53853853853854      -9.206916224725432E-004 -0.295485338433489     
  -3.52852852852853      -9.266894402628592E-004 -0.296409716827611     
  -3.51851851851852      -9.329646209677877E-004 -0.297340376457754     
  -3.50850850850851      -9.394601922268363E-004 -0.298277412708878     
  -3.49849849849850      -9.463183991797601E-004 -0.299220938728046     
  -3.48848848848849      -9.538015299817908E-004 -0.300170492573835     
  -3.47847847847848      -9.602753810811543E-004 -0.301126242890187     
  -3.46846846846847      -9.671844157521551E-004 -0.302090054180657     
  -3.45845845845846      -9.757474977252140E-004 -0.303060866235993     
  -3.44844844844845      -9.851130488874389E-004 -0.304036010690199     
  -3.43843843843844      -9.916447762840016E-004 -0.305020210768757     
  -3.42842842842843      -1.002396654000078E-003 -0.306014736509750     
  -3.41841841841842      -1.022547612732913E-003 -0.307013727248593     
  -3.40840840840841      -1.039804055686562E-003 -0.308002913168316     
  -3.39839839839840      -1.041834850612292E-003 -0.308997542246583     
  -3.38838838838839      -1.035691925598041E-003 -0.310017662245677     
  -3.37837837837838      -1.040920694976899E-003 -0.311052335927961     
  -3.36836836836837      -1.054390896201949E-003 -0.312096320877696     
  -3.35835835835836      -1.084391396933459E-003 -0.313148345459411     
  -3.34834834834835      -1.137731694219289E-003 -0.314169404698422     
  -3.33833833833834      -1.125067778117489E-003 -0.315164864757464     
  -3.32832832832833      -1.093665779548011E-003 -0.316228874646161     
  -3.31831831831832      -1.088535928093729E-003 -0.317312483748625     
  -3.30830830830831      -1.092956580286062E-003 -0.318401616846693     
  -3.29829829829830      -1.102417279586308E-003 -0.319497798649473     
  -3.28828828828829      -1.119520129744087E-003 -0.320600153462066     
  -3.27827827827828      -1.135234673978473E-003 -0.321696267023639     
  -3.26826826826827      -1.141903947906677E-003 -0.322813284889958     
  -3.25825825825826      -1.166940117309744E-003 -0.323932339709724     
  -3.24824824824825      -1.166719310919120E-003 -0.325048985359447     
  -3.23823823823824      -1.172948815603128E-003 -0.326201404272000     
  -3.22822822822823      -1.200738992492822E-003 -0.327353149278806     
  -3.21821821821822      -1.203448765758384E-003 -0.328502158495404     
  -3.20820820820821      -1.210846459805462E-003 -0.329693288951346     
  -3.19819819819820      -1.242024613824274E-003 -0.330907371786818     
  -3.18818818818819      -1.319966511910997E-003 -0.332141816651246     
  -3.17817817817818      -1.481982667279329E-003 -0.333305095939517     
  -3.16816816816817      -1.554431192225118E-003 -0.334361893474087     
  -3.15815815815816      -1.463530338122511E-003 -0.335490431445542     
  -3.14814814814815      -1.498727598858187E-003 -0.336802566469174     
  -3.13813813813814      -1.755762682107911E-003 -0.337934241035993     
  -3.12812812812813      -1.650642973564619E-003 -0.338811049192954     
  -3.11811811811812      -1.416331300714191E-003 -0.340061785129406     
  -3.10810810810811      -1.339475767219178E-003 -0.341389647140114     
  -3.09809809809810      -1.316458907431426E-003 -0.342705572213322     
  -3.08808808808809      -1.311862025877483E-003 -0.344015812376730     
  -3.07807807807808      -1.316508938109425E-003 -0.345326893471738     
  -3.06806806806807      -1.326411064117887E-003 -0.346637625473928     
  -3.05805805805806      -1.330219624028654E-003 -0.347956292842834     
  -3.04804804804805      -1.337634035900210E-003 -0.349288887788546     
  -3.03803803803804      -1.348384012645810E-003 -0.350631968166717     
  -3.02802802802803      -1.362371072855571E-003 -0.351986477809660     
  -3.01801801801802      -1.382504132464778E-003 -0.353350356612742     
  -3.00800800800801      -1.397022795857987E-003 -0.354718240980933     
  -2.99799799799800      -1.409892694621081E-003 -0.356112495217389     
  -2.98798798798799      -1.437487104133674E-003 -0.357526426279417     
  -2.97797797797798      -1.487755572075325E-003 -0.358941074014712     
  -2.96796796796797      -1.514033311172064E-003 -0.360360628364334     
  -2.95795795795796      -1.579993627101797E-003 -0.361822020108248     
  -2.94794794794795      -1.648745939466236E-003 -0.363278846968919     
  -2.93793793793794      -1.853358977075710E-003 -0.364804468222507     
  -2.92792792792793      -2.230098845054249E-003 -0.365910753299280     
  -2.91791791791792      -1.883264366924697E-003 -0.366988518345719     
  -2.90790790790791      -1.653040193152790E-003 -0.368547663612222     
  -2.89789789789790      -1.585032960419185E-003 -0.370126851236923     
  -2.88788788788789      -1.565405173085919E-003 -0.371691522554622     
  -2.87787787787788      -1.563034758766953E-003 -0.373252562405050     
  -2.86786786786787      -1.568336805080198E-003 -0.374817489700463     
  -2.85785785785786      -1.577888410801341E-003 -0.376390660861217     
  -2.84784784784785      -1.590881005204132E-003 -0.377974595724554     
  -2.83783783783784      -1.607437132185132E-003 -0.379568065913330     
  -2.82782782782783      -1.619662801950336E-003 -0.381173665451378     
  -2.81781781781782      -1.634311510977553E-003 -0.382799009586256     
  -2.80780780780781      -1.654856981893467E-003 -0.384441122110519     
  -2.79779779779780      -1.687141788541137E-003 -0.386094727437173     
  -2.78778778778779      -1.711726317502912E-003 -0.387746658382908     
  -2.77777777777778      -1.740784039223551E-003 -0.389424858401074     
  -2.76776776776777      -1.751856399392538E-003 -0.391096756633649     
  -2.75775775775776      -1.760481088543998E-003 -0.392819899839164     
  -2.74774774774775      -1.786358637047621E-003 -0.394544080043854     
  -2.73773773773774      -1.789762910275603E-003 -0.396297519352024     
  -2.72772772772773      -1.810757173115918E-003 -0.398088804331776     
  -2.71771771771772      -1.854340551691035E-003 -0.399908478192201     
  -2.70770770770771      -1.953819228354184E-003 -0.401754536199723     
  -2.69769769769770      -2.167717413328363E-003 -0.403486064427144     
  -2.68768768768769      -2.089637143594533E-003 -0.405069470949916     
  -2.67767767767768      -1.962753992730105E-003 -0.406943306420187     
  -2.66766766766767      -1.935225560362859E-003 -0.408865973202508     
  -2.65765765765766      -1.939125590647368E-003 -0.410796976849146     
  -2.64764764764765      -1.955491286438159E-003 -0.412741696640782     
  -2.63763763763764      -1.981651619640441E-003 -0.414702302182587     
  -2.62762762762763      -2.005301304094164E-003 -0.416674056669552     
  -2.61761761761762      -2.025139464618249E-003 -0.418680545348350     
  -2.60760760760761      -2.054842375544510E-003 -0.420717736908968     
  -2.59759759759760      -2.097140676621167E-003 -0.422784291893767     
  -2.58758758758759      -2.148606223336122E-003 -0.424867887683386     
  -2.57757757757758      -2.190913080579508E-003 -0.427003866834875     
  -2.56756756756757      -2.273987949754019E-003 -0.429210723161557     
  -2.55755755755756      -2.452034429532139E-003 -0.431497213474890     
  -2.54754754754755      -2.919127280026706E-003 -0.433792986783357     
  -2.53753753753754      -3.572120732814044E-003 -0.435471181348982     
  -2.52752752752753      -3.352983963494577E-003 -0.436883772237488     
  -2.51751751751752      -3.006409868514955E-003 -0.438954729869555     
  -2.50750750750751      -2.663582746653982E-003 -0.441240169250827     
  -2.49749749749750      -2.554570507593753E-003 -0.443725611913160     
  -2.48748748748749      -2.610557371229133E-003 -0.446233213070633     
  -2.47747747747748      -2.861914331499949E-003 -0.448711061984345     
  -2.46746746746747      -3.171150976349565E-003 -0.451011079400060     
  -2.45745745745746      -3.657143767366141E-003 -0.452923898572849     
  -2.44744744744745      -3.114203170525209E-003 -0.454750554779967     
  -2.43743743743744      -2.747895047675834E-003 -0.457344144709847     
  -2.42742742742743      -2.644891127746575E-003 -0.459975592760660     
  -2.41741741741742      -2.621626931677467E-003 -0.462591292119867     
  -2.40740740740741      -2.627576739547808E-003 -0.465210349334630     
  -2.39739739739740      -2.647025094690496E-003 -0.467846118711443     
  -2.38738738738739      -2.674216980242455E-003 -0.470506685679289     
  -2.37737737737738      -2.707367636363606E-003 -0.473197393271120     
  -2.36736736736737      -2.748238061501836E-003 -0.475920691071605     
  -2.35735735735736      -2.792735897521522E-003 -0.478668771826245     
  -2.34734734734735      -2.830893692456112E-003 -0.481459117352015     
  -2.33733733733734      -2.871026572466200E-003 -0.484282654265034     
  -2.32732732732733      -2.904342534560284E-003 -0.487159016253233     
  -2.31731731731732      -2.946660534918095E-003 -0.490083798870226     
  -2.30730730730731      -2.995230146513318E-003 -0.493054465083056     
  -2.29729729729730      -3.051591240844247E-003 -0.496069700191757     
  -2.28728728728729      -3.102324212301602E-003 -0.499126845572962     
  -2.27727727727728      -3.152494081787591E-003 -0.502248583684042     
  -2.26726726726727      -3.212037759106759E-003 -0.505430000701901     
  -2.25725725725726      -3.281860104213795E-003 -0.508674127289576     
  -2.24724724724725      -3.372633220387117E-003 -0.511985285112115     
  -2.23723723723724      -3.496059972512925E-003 -0.515335930307382     
  -2.22722722722723      -3.596160532908415E-003 -0.518758642313870     
  -2.21721721721722      -3.769588114404544E-003 -0.522238627873490     
  -2.20720720720721      -3.880292383735438E-003 -0.525818501308998     
  -2.19719719719720      -4.226350554001545E-003 -0.529619693567736     
  -2.18718718718719      -5.173367100825395E-003 -0.533084893237993     
  -2.17717717717718      -5.089429795354186E-003 -0.535484935532979     
  -2.16716716716717      -4.368595365765902E-003 -0.539257351384598     
  -2.15715715715716      -4.185706626535667E-003 -0.543367750695379     
  -2.14714714714715      -4.185101627021871E-003 -0.547510660065772     
  -2.13713713713714      -4.253636419127038E-003 -0.551712575820010     
  -2.12712712712713      -4.366383189412241E-003 -0.556007809507447     
  -2.11711711711712      -4.533688406425786E-003 -0.560428861786603     
  -2.10710710710711      -4.821992313691464E-003 -0.565001107607828     
  -2.09709709709710      -5.375553027991870E-003 -0.569557148623029     
  -2.08708708708709      -5.829215533459603E-003 -0.573974572501455     
  -2.07707707707708      -6.093187461969339E-003 -0.578197561318248     
  -2.06706706706707      -5.965422941835316E-003 -0.583284944126565     
  -2.05705705705706      -6.766968781511475E-003 -0.588795806740638     
  -2.04704704704705      -8.024756164097094E-003 -0.593188797131821     
  -2.03703703703704      -8.530047369789552E-003 -0.598031066556583     
  -2.02702702702703      -8.772158206688467E-003 -0.601827147299477     
  -2.01701701701702      -8.278582059611100E-003 -0.607460649841575     
  -2.00700700700701      -8.252725286391783E-003 -0.612441192919373     
  -1.99699699699700      -7.410066656493232E-003 -0.618790082598039     
  -1.98698698698699      -7.408603456039818E-003 -0.625882308786262     
  -1.97697697697698      -7.877474786415400E-003 -0.633345508109998     
  -1.96696696696697      -8.873554259694830E-003 -0.641420071111439     
  -1.95695695695696      -1.144735935116973E-002 -0.650603549868317     
  -1.94694694694695      -1.782645177005679E-002 -0.654548524582173     
  -1.93693693693694      -1.446052340125690E-002 -0.659990355362019     
  -1.92692692692693      -1.528324706728438E-002 -0.671804620171055     
  -1.91691691691692      -2.277309085795320E-002 -0.684792786125623     
  -1.90690690690691      -4.064386554859296E-002 -0.686026862521266     
  -1.89689689689690      -3.545744967832273E-002 -0.671904508738767     
  -1.88688688688689      -2.127160944322381E-002 -0.681540074301198     
  -1.87687687687688      -1.755569378291657E-002 -0.697250347675610     
  -1.86686686686687      -1.874695624507727E-002 -0.713405193353865     
  -1.85685685685686      -2.564851535755709E-002 -0.730017540276819     
  -1.84684684684685      -3.918277589525490E-002 -0.737177015896410     
  -1.83683683683684      -4.208055706843620E-002 -0.736871892994801     
  -1.82682682682683      -3.164216489526160E-002 -0.745776711046367     
  -1.81681681681682      -2.964930075040813E-002 -0.769052161895316     
  -1.80680680680681      -3.931159435594120E-002 -0.795173281998134     
  -1.79679679679680      -6.424126270665277E-002 -0.809420802827991     
  -1.78678678678679      -7.248970148880736E-002 -0.806652304238323     
  -1.77677677677678      -5.798925596320820E-002 -0.817127430387834     
  -1.76676676676677      -5.367984273816623E-002 -0.857809463085947     
  -1.75675675675676      -6.802207413556227E-002 -0.909962605341851     
  -1.74674674674675      -0.109544170292778      -0.976814420889903     
  -1.73673673673674      -0.219387752407150       -1.03507022621380     
  -1.72672672672673      -0.347557708686740       -1.00370736433284     
  -1.71671671671672      -0.430693777308353      -0.896584461880440     
  -1.70670670670671      -0.482568826555953      -0.828192816615698     
  -1.69669669669670      -0.456434757854223      -0.728843041404048     
  -1.68668668668669      -0.484525923074769      -0.634505524563090     
  -1.67667667667668      -0.447976819401193      -0.543153007250190     
  -1.66666666666667      -0.320221611469364      -0.411720176784483     
  -1.65665665665666      -0.152871507894996      -0.451015873336570     
  -1.64664664664665      -8.618271655250861E-002 -0.531991108268662     
  -1.63663663663664      -5.983153727778143E-002 -0.594784183486817     
  -1.62662662662663      -4.790039185467468E-002 -0.644630791204717     
  -1.61661661661662      -4.293165042120860E-002 -0.687741191812001     
  -1.60660660660661      -4.306660479450784E-002 -0.728491538080525     
  -1.59659659659660      -4.999072662901145E-002 -0.770762118073502     
  -1.58658658658659      -7.322211015137606E-002 -0.817746589773089     
  -1.57657657657658      -0.145014778650446      -0.846426418502277     
  -1.56656656656657      -0.173632214242477      -0.754640847119805     
  -1.55655655655656      -9.641631732511050E-002 -0.762840593720555     
  -1.54654654654655      -8.309778664870386E-002 -0.820392971465099     
  -1.53653653653654      -0.121835245268490      -0.858750669858153     
  -1.52652652652653      -0.129597821501861      -0.829111189740033     
  -1.51651651651652      -9.325654471137390E-002 -0.866177120780609     
  -1.50650650650651      -0.109214081793032      -0.937008178838871     
  -1.49649649649650      -0.206522396870360      -0.999189743949596     
  -1.48648648648649      -0.349178027784594      -0.865842037630126     
  -1.47647647647648      -0.198794461945205      -0.741866150454463     
  -1.46646646646647      -0.102068219445336      -0.805784605911415     
  -1.45645645645646      -7.374596188375893E-002 -0.875452890336013     
  -1.44644644644645      -7.014284339339853E-002 -0.938854960356754     
  -1.43643643643644      -8.817073609073332E-002  -1.00108591131849     
  -1.42642642642643      -0.143077742370136       -1.03168725806643     
  -1.41641641641642      -0.126648749467161       -1.01344224943338     
  -1.40640640640641      -9.933974442211117E-002  -1.07801304885285     
  -1.39639639639640      -0.118177787026392       -1.16137915030506     
  -1.38638638638639      -0.191068224202033       -1.21930894677428     
  -1.37637637637638      -0.200773959496753       -1.20615642468520     
  -1.36636636636637      -0.174849019736165       -1.30463882023214     
  -1.35635635635636      -0.231746903956476       -1.45596939149031     
  -1.34634634634635      -0.406351229766973       -1.59471337832777     
  -1.33633633633634      -0.641255580616051       -1.61235254055138     
  -1.32632632632633      -0.844750932703675       -1.54172563330250     
  -1.31631631631632       -1.00736664077831       -1.41017114886806     
  -1.30630630630631       -1.07518003628284       -1.23024025662715     
  -1.29629629629630       -1.07991735890675       -1.17545772153769     
  -1.28628628628629       -1.23342753327004       -1.06415458769103     
  -1.27627627627628       -1.28195810313076      -0.783112790869004     
  -1.26626626626627       -1.05106324316308      -0.546260771277279     
  -1.25625625625626      -0.880020598337448      -0.701698580030795     
  -1.24624624624625       -1.00706909882794      -0.646920668151910     
  -1.23623623623624      -0.865254007935781      -0.491811851317938     
  -1.22622622622623      -0.670060350336497      -0.662873106947447     
  -1.21621621621622      -0.868058011829897      -0.841812199337778     
  -1.20620620620621       -1.03739790635819      -0.741014051932206     
  -1.19619619619620       -1.17150413617538      -0.574701381476820     
  -1.18618618618619       -1.21182083549385      -0.341132286707970     
  -1.17617617617618       -1.14843636222849      -3.774461618642778E-002
  -1.16616616616617      -0.793627231467718       0.264101161833005     
  -1.15615615615616      -0.378218628298778       0.154409159735380     
  -1.14614614614615      -0.211127639799184      -4.654222092659650E-002
  -1.13613613613614      -0.142334435648024      -0.198476235354301     
  -1.12612612612613      -0.108152009302829      -0.314320855585457     
  -1.11611611611612      -8.940918098760989E-002 -0.408454077432119     
  -1.10610610610611      -7.954691546232220E-002 -0.489765825887491     
  -1.09609609609610      -7.742732309205745E-002 -0.564201859929243     
  -1.08608608608609      -8.894986452752947E-002 -0.634258442684512     
  -1.07607607607608      -0.121440062381141      -0.672460001085906     
  -1.06606606606607      -9.801240801041980E-002 -0.692310773423119     
  -1.05605605605606      -8.243818016808437E-002 -0.758864358660096     
  -1.04604604604605      -9.433233630200222E-002 -0.831650610659736     
  -1.03603603603604      -0.142452898440267      -0.885622219285879     
  -1.02602602602603      -0.150234349316537      -0.884663720560067     
  -1.01601601601602      -0.133193671864255      -0.956981497732581     
  -1.00600600600601      -0.193850083485145       -1.05079844913550     
 -0.995995995995996      -0.323028352838801       -1.02049235519043     
 -0.985985985985986      -0.246294056837677      -0.939022119913805     
 -0.975975975975976      -0.174220324668576       -1.03799380704384     
 -0.965965965965966      -0.207885139277443       -1.16419750868785     
 -0.955955955955956      -0.318705257858731       -1.19509027922870     
 -0.945945945945946      -0.272659414964114       -1.20359453698763     
 -0.935935935935936      -0.293366517585195       -1.37313603048145     
 -0.925925925925926      -0.484084832962936       -1.51978738471383     
 -0.915915915915916      -0.731469129430839       -1.49409131927001     
 -0.905905905905906      -0.866190162818331       -1.34846676413413     
 -0.895895895895896      -0.886583161632707       -1.29445160128932     
 -0.885885885885886       -1.05245908332178       -1.26094853388895     
 -0.875875875875876       -1.20225627868905       -1.04398739189109     
 -0.865865865865866       -1.14628360961461      -0.717805240457301     
 -0.855855855855856      -0.861614115078451      -0.662349982324723     
 -0.845845845845846      -0.916149014855795      -0.670309087268281     
 -0.835835835835836      -0.706473661314927      -0.422417643254169     
 -0.825825825825826      -0.375360274166599      -0.560674915760507     
 -0.815815815815816      -0.267588101500748      -0.797697578345423     
 -0.805805805805806      -0.270824065609844       -1.01571208426566     
 -0.795795795795796      -0.350110386871128       -1.20746456236046     
 -0.785785785785786      -0.549440300839894       -1.37392579450392     
 -0.775775775775776      -0.799699827077281       -1.34005744377952     
 -0.765765765765765      -0.960878954284036       -1.22917641256402     
 -0.755755755755755       -1.01182971624873       -1.01791102145218     
 -0.745745745745745      -0.919182419783693      -0.961830272496461     
 -0.735735735735735       -1.05059314419306      -0.893155158615922     
 -0.725725725725725      -0.958385581949610      -0.542297621589871     
 -0.715715715715715      -0.523073674636788      -0.507540293407179     
 -0.705705705705705      -0.313983237588959      -0.754068895011795     
 -0.695695695695695      -0.268742987866340      -0.985773953929926     
 -0.685685685685685      -0.292408074567084       -1.18720362272559     
 -0.675675675675675      -0.413712406142567       -1.37310634435564     
 -0.665665665665665      -0.547118843919945       -1.40898023067619     
 -0.655655655655655      -0.608152660483098       -1.50912242211693     
 -0.645645645645645      -0.791474199922174       -1.57325746713748     
 -0.635635635635635      -0.943612081746907       -1.53148224556811     
 -0.625625625625625       -1.05218205232562       -1.46450776579601     
 -0.615615615615615       -1.10280411460254       -1.33913709273909     
 -0.605605605605605      -0.997449169176304       -1.29386340586060     
 -0.595595595595595       -1.00306229151428       -1.41662028275396     
 -0.585585585585585       -1.13039029173580       -1.46059893967788     
 -0.575575575575575       -1.23509034962491       -1.42673534079924     
 -0.565565565565565       -1.30670408258447       -1.36895591750608     
 -0.555555555555555       -1.33476731631484       -1.30358281172817     
 -0.545545545545545       -1.35489002488104       -1.28850521060357     
 -0.535535535535535       -1.39043721536373       -1.23882487140802     
 -0.525525525525525       -1.37615520771053       -1.23241417370047     
 -0.515515515515515       -1.42739502241225       -1.23597464140411     
 -0.505505505505505       -1.47426124243370       -1.22132760083483     
 -0.495495495495495       -1.52606892906982       -1.18961866352281     
 -0.485485485485485       -1.56654386289883       -1.14946729447801     
 -0.475475475475475       -1.60015586730757       -1.10801372624094     
 -0.465465465465465       -1.62984427315658       -1.06570392224517     
 -0.455455455455455       -1.65687908635703       -1.02170956556256     
 -0.445445445445445       -1.68170119717803      -0.974785875268737     
 -0.435435435435435       -1.70423512767914      -0.922777719419699     
 -0.425425425425425       -1.72248827517670      -0.861952847524639     
 -0.415415415415415       -1.73000053762907      -0.788956201588298     
 -0.405405405405405       -1.72137058110356      -0.699306998166045     
 -0.395395395395395       -1.65739066080899      -0.576870910287703     
 -0.385385385385385       -1.42621945620982      -0.498051740718841     
 -0.375375375375375       -1.23963515829774      -0.798523268078383     
 -0.365365365365365       -1.44821760768001      -0.980276480514380     
 -0.355355355355355       -1.60216261056290      -0.952708277396293     
 -0.345345345345345       -1.68426204588493      -0.892254872464457     
 -0.335335335335335       -1.72824167483488      -0.828025981470732     
 -0.325325325325325       -1.75540189606747      -0.770920694867869     
 -0.315315315315315       -1.76799331565817      -0.715907445974140     
 -0.305305305305305       -1.78031025763934      -0.651912469010303     
 -0.295295295295295       -1.75004860113381      -0.563885231229600     
 -0.285285285285285       -1.61967989365481      -0.544191590987702     
 -0.275275275275275       -1.61255070615806      -0.652371268583372     
 -0.265265265265265       -1.66883746718843      -0.668790916068682     
 -0.255255255255255       -1.66168333363445      -0.676243057007217     
 -0.245245245245245       -1.73790812791762      -0.712827419088255     
 -0.235235235235235       -1.80073754330863      -0.674071145183179     
 -0.225225225225225       -1.83498247900744      -0.633356332082599     
 -0.215215215215215       -1.85993218384761      -0.592170216884505     
 -0.205205205205205       -1.87699255344912      -0.552090614311103     
 -0.195195195195195       -1.88912764849528      -0.512949449151595     
 -0.185185185185185       -1.89609544733957      -0.472898826517073     
 -0.175175175175175       -1.89128648272333      -0.432106874220758     
 -0.165165165165165       -1.87243437121493      -0.415224111853469     
 -0.155155155155155       -1.87786059384688      -0.405048570834811     
 -0.145145145145145       -1.89002222999119      -0.401038521085844     
 -0.135135135135135       -1.91365298812593      -0.377835554980719     
 -0.125125125125125       -1.92977318346174      -0.348548706700268     
 -0.115115115115115       -1.94057685448041      -0.317106065000319     
 -0.105105105105105       -1.94781235256388      -0.286495255828211     
 -9.509509509509506E-002  -1.95322534393986      -0.256911963973211     
 -8.508508508508505E-002  -1.95750102458910      -0.228010979455837     
 -7.507507507507505E-002  -1.96080730855560      -0.199481444114565     
 -6.506506506506504E-002  -1.96278342758608      -0.171154849617284     
 -5.505505505505504E-002  -1.96254204483935      -0.144781544680759     
 -4.504504504504503E-002  -1.96550368667246      -0.120867516344626     
 -3.503503503503502E-002  -1.96825564095486      -9.435829901574143E-002
 -2.502502502502502E-002  -1.97060163393852      -6.766419206421742E-002
 -1.501501501501501E-002  -1.97194696739507      -4.050512582742862E-002
 -5.005005005005003E-003  -1.97257327274455      -1.339167742202664E-002
  5.005005005005003E-003  -1.97257083879053       1.370458322103888E-002
  1.501501501501501E-002  -1.97193975630824       4.081756722580868E-002
  2.502502502502502E-002  -1.97058901340867       6.797666648076314E-002
  3.503503503503502E-002  -1.96824036546191       9.466600275862271E-002
  4.504504504504503E-002  -1.96548034684689       0.121173614503715     
  5.505505505505504E-002  -1.96255139469988       0.145082673822180     
  6.506506506506504E-002  -1.96277241295151       0.171493185556419     
  7.507507507507505E-002  -1.96077689696729       0.199819741568267     
  8.508508508508505E-002  -1.95746013983445       0.228348965467478     
  9.509509509509506E-002  -1.95317537691660       0.257252137442148     
  0.105105105105105       -1.94775179292549       0.286839947682129     
  0.115115115115115       -1.94050173705280       0.317455358762133     
  0.125125125125125       -1.92969475905172       0.348912112861848     
  0.135135135135135       -1.91348763289436       0.378256830446124     
  0.145145145145145       -1.88977572341305       0.401280207135074     
  0.155155155155155       -1.87732195308852       0.405458705280067     
  0.165165165165165       -1.87255137640557       0.414164530017794     
  0.175175175175175       -1.89210074311643       0.432771888871115     
  0.185185185185185       -1.89620203847192       0.473731949824879     
  0.195195195195195       -1.88900819665451       0.513689130831865     
  0.205205205205205       -1.87676139930974       0.552803513119562     
  0.215215215215215       -1.85958660863086       0.592906635039774     
  0.225225225225225       -1.83445770233565       0.634158469401199     
  0.235235235235235       -1.79986349057105       0.674959451776114     
  0.245245245245245       -1.73626132121733       0.713540264589480     
  0.255255255255255       -1.65993694845246       0.676049957533023     
  0.265265265265265       -1.66505044135504       0.667804513392307     
  0.275275275275275       -1.60998466538727       0.646639919296445     
  0.285285285285285       -1.62935262036029       0.537893294939017     
  0.295295295295295       -1.75491571474958       0.568008454615955     
  0.305305305305305       -1.78051836880948       0.656242821820583     
  0.315315315315315       -1.76858097987423       0.716868327404148     
  0.325325325325325       -1.75397861243956       0.773911772327367     
  0.335335335335335       -1.72948860443960       0.829735483173787     
  0.345345345345345       -1.68116593874704       0.894286322933565     
  0.355355355355355       -1.59837811577240       0.954018796633842     
  0.365365365365365       -1.43960187808661       0.978816460169887     
  0.375375375375375       -1.23680805448321       0.780042535905345     
  0.385385385385385       -1.44423258744095       0.495635862846732     
  0.395395395395395       -1.66377868039183       0.582582360682011     
  0.405405405405405       -1.72371801162246       0.705761527286411     
  0.415415415415415       -1.72993123078572       0.792956710313396     
  0.425425425425425       -1.72202168502667       0.865245017875172     
  0.435435435435435       -1.70343531719661       0.925392036835245     
  0.445445445445445       -1.68079460759316       0.976944933855688     
  0.455455455455455       -1.65595418910338        1.02356698962468     
  0.465465465465465       -1.62891965464201        1.06738784957589     
  0.475475475475475       -1.59920045124379        1.10960041378033     
  0.485485485485485       -1.56554555815714        1.15095161274521     
  0.495495495495495       -1.52507743366630        1.19100068893511     
  0.505505505505505       -1.47365162886852        1.22274781165782     
  0.515515515515515       -1.42548600334860        1.23911958234575     
  0.525525525525525       -1.37327242227460        1.23213982701378     
  0.535535535535535       -1.38837687449410        1.23989265260348     
  0.545545545545545       -1.35298486244186        1.28487923058397     
  0.555555555555555       -1.33954928767175        1.30699419193910     
  0.565565565565565       -1.30498115594448        1.37378688811401     
  0.575575575575575       -1.23145021204754        1.42958591647723     
  0.585585585585585       -1.12643845552337        1.46006401463277     
  0.595595595595595       -1.00766911963191        1.42171358790912     
  0.605605605605605      -0.987794968991902        1.28927573768262     
  0.615615615615615       -1.10398986045100        1.34294733875346     
  0.625625625625625       -1.04693276536442        1.46804193664194     
  0.635635635635635      -0.937634272603639        1.53441554126927     
  0.645645645645645      -0.781391788388101        1.57292495989506     
  0.655655655655655      -0.604735719620736        1.50297600351323     
  0.665665665665665      -0.534078183900853        1.41297669265369     
  0.675675675675675      -0.400648499845390        1.35463958959995     
  0.685685685685685      -0.297291045244720        1.17947937159447     
  0.695695695695695      -0.263715316116514       0.973446619711087     
  0.705705705705705      -0.318112498055221       0.736399104822306     
  0.715715715715715      -0.542066171067651       0.492171602926175     
  0.725725725725725      -0.979154703892562       0.552577053271324     
  0.735735735735735       -1.05076329609980       0.901740597022091     
  0.745745745745745      -0.929005524727539       0.956584256182447     
  0.755755755755755       -1.03014423065489        1.03763413262785     
  0.765765765765765      -0.951913106972024        1.25594041534905     
  0.775775775775776      -0.772722897170966        1.35317333383173     
  0.785785785785786      -0.521201623516483        1.36161513107046     
  0.795795795795796      -0.340740095340542        1.19036483554435     
  0.805805805805806      -0.264025186841858       0.992846287393407     
  0.815815815815816      -0.272284380027642       0.771123628136202     
  0.825825825825826      -0.397571318333342       0.532125457907537     
  0.835835835835836      -0.754175822543811       0.423616753150877     
  0.845845845845846      -0.927646940265453       0.693289420844527     
  0.855855855855856      -0.880322183857647       0.665699801375058     
  0.865865865865866       -1.16258152085990       0.751355145720813     
  0.875875875875876       -1.19291639318116        1.07354722886941     
  0.885885885885886       -1.03413597225886        1.27686746716441     
  0.895895895895896      -0.874606066097997        1.29653665468627     
  0.905905905905906      -0.860419542680405        1.36262524495721     
  0.915915915915916      -0.707840606095871        1.50477957897631     
  0.925925925925926      -0.456726539043085        1.51155977979906     
  0.935935935935936      -0.282786590654865        1.35308948109177     
  0.945945945945946      -0.278372020818712        1.19057107300566     
  0.955955955955956      -0.313299187216190        1.20044501139842     
  0.965965965965966      -0.200109993206761        1.15342279336894     
  0.975975975975976      -0.175594359291335        1.02612428400458     
  0.985985985985986      -0.258086203340538       0.935539148922670     
  0.995995995995996      -0.315744730452924        1.03535654250465     
   1.00600600600601      -0.181124413198009        1.04146528568151     
   1.01601601601602      -0.131345009795412       0.945377380800780     
   1.02602602602603      -0.154953488994001       0.879289568052475     
   1.03603603603604      -0.137358537709023       0.883504085439628     
   1.04604604604605      -9.195909935893806E-002  0.823563101798901     
   1.05605605605606      -8.298207361466822E-002  0.750632064020406     
   1.06606606606607      -0.102015974511475       0.686126605781595     
   1.07607607607608      -0.119094805593598       0.671289373241284     
   1.08608608608609      -8.671846012184201E-002  0.626132915739148     
   1.09609609609610      -7.742250769794759E-002  0.555141960466377     
   1.10610610610611      -8.055922562804824E-002  0.479938685399605     
   1.11611611611612      -9.136666113448724E-002  0.397231258871144     
   1.12612612612613      -0.111564132512801       0.300784775146195     
   1.13613613613614      -0.148672508805115       0.181147363223704     
   1.14614614614615      -0.224847769655193       2.312196154877811E-002
   1.15615615615616      -0.414751210462426      -0.182103122386533     
   1.16616616616617      -0.860014213095052      -0.247635089688698     
   1.17617617617618       -1.16855066190052       8.579771169588557E-002
   1.18618618618619       -1.20255108348645       0.384920748109406     
   1.19619619619620       -1.14933401432111       0.585799081925512     
   1.20620620620621       -1.03839621843405       0.742272153707836     
   1.21621621621622      -0.839492555348745       0.847721756315036     
   1.22622622622623      -0.671100086565806       0.629349855950074     
   1.23623623623624      -0.905161640048080       0.491952872247181     
   1.24624624624625       -1.00101633082706       0.696663290628537     
   1.25625625625626      -0.850689682299235       0.666045146679173     
   1.26626626626627       -1.10151910420787       0.535888200391932     
   1.27627627627628       -1.30143337337484       0.822062966911165     
   1.28628628628629       -1.22482822903834        1.09278185490586     
   1.29629629629630       -1.06616712011857        1.18784528182893     
   1.30630630630631       -1.07271543589863        1.24321662713652     
   1.31631631631632      -0.994520482984295        1.42535063395853     
   1.32632632632633      -0.827686026511338        1.55126022039135     
   1.33633633633634      -0.621216878762187        1.61598681608801     
   1.34634634634635      -0.386202008029292        1.58767138921155     
   1.35635635635636      -0.222259506120137        1.44310838598678     
   1.36636636636637      -0.171915476168069        1.29402250911576     
   1.37637637637638      -0.203329910199983        1.19849342703166     
   1.38638638638639      -0.189755691196864        1.21955023950176     
   1.39639639639640      -0.116128385976109        1.15846636336841     
   1.40640640640641      -9.797270764660974E-002   1.07558761821203     
   1.41641641641642      -0.124639889662294        1.01159750033388     
   1.42642642642643      -0.139538869235646        1.02816970331773     
   1.43643643643644      -8.684886046451411E-002  0.995567065895733     
   1.44644644644645      -7.051262598058745E-002  0.933163274112922     
   1.45645645645646      -7.597812150749655E-002  0.869019073067529     
   1.46646646646647      -0.109117271802090       0.798121740044257     
   1.47647647647648      -0.220116506229323       0.742472488876133     
   1.48648648648649      -0.343824256674102       0.898384047681550     
   1.49649649649650      -0.187095818554461       0.994437579901975     
   1.50650650650651      -0.105437884497151       0.926203922526898     
   1.51651651651652      -9.993819307818609E-002  0.858058384368383     
   1.52652652652653      -0.135716119527052       0.839557924191197     
   1.53653653653654      -0.112785612815099       0.858181998067039     
   1.54654654654655      -8.194023535683888E-002  0.813453342256834     
   1.55655655655656      -0.103530478312718       0.756984596794607     
   1.56656656656657      -0.183856894712144       0.768625881919587     
   1.57657657657658      -0.131743687168039       0.849445744506243     
   1.58658658658659      -6.839596742961614E-002  0.813074426274366     
   1.59659659659660      -4.839403966163724E-002  0.766739725703282     
   1.60660660660661      -4.252791359366282E-002  0.725039561888193     
   1.61661661661662      -4.290420412847063E-002  0.684458697618257     
   1.62662662662663      -4.829722286909967E-002  0.641186288195546     
   1.63663663663664      -6.086333558056214E-002  0.590828802628821     
   1.64664664664665      -8.875290099611241E-002  0.527205225206428     
   1.65665665665666      -0.159730126079331       0.447887380641269     
   1.66666666666667      -0.312215234864582       0.413704440636171     
   1.67667667667668      -0.472932365305416       0.511994133452842     
   1.68668668668669      -0.517081262154191       0.689978680404752     
   1.69669669669670      -0.421923739668522       0.739641757334176     
   1.70670670670671      -0.483467642491961       0.804446712931938     
   1.71671671671672      -0.457062712428600       0.917227880546331     
   1.72672672672673      -0.320820426080015        1.02488718754649     
   1.73673673673674      -0.209528816402477        1.02148542875267     
   1.74674674674675      -0.108657296549759       0.972602649505818     
   1.75675675675676      -6.743503967702459E-002  0.907688015269575     
   1.76676676676677      -5.380449622536815E-002  0.856228850915266     
   1.77677677677678      -5.958025681675740E-002  0.817604199877911     
   1.78678678678679      -6.802794899278952E-002  0.809425233401976     
   1.79679679679680      -6.195378914408543E-002  0.805282865970058     
   1.80680680680681      -3.963992886175122E-002  0.793446338974405     
   1.81681681681682      -3.004181782582270E-002  0.767854296408108     
   1.82682682682683      -3.303351325764611E-002  0.745357890558719     
   1.83683683683684      -4.096740677513277E-002  0.739237070895021     
   1.84684684684685      -3.730968109528213E-002  0.735656526183996     
   1.85685685685686      -2.552868931030391E-002  0.728938589375495     
   1.86686686686687      -1.870115080799494E-002  0.712649247068032     
   1.87687687687688      -1.763860791069611E-002  0.696555786972297     
   1.88688688688689      -2.174104706310672E-002  0.680942228454853     
   1.89689689689690      -3.619028731658656E-002  0.672672942085934     
   1.90690690690691      -3.953109797895525E-002  0.686101003838630     
   1.91691691691692      -2.230121996684938E-002  0.684216135254284     
   1.92692692692693      -1.506243729451119E-002  0.671306985846323     
   1.93693693693694      -1.419693585909900E-002  0.659443320916284     
   1.94694694694695      -1.878378730622245E-002  0.653058063217424     
   1.95695695695696      -1.020318006654003E-002  0.652768006543763     
   1.96696696696697      -7.758889757583856E-003  0.640464602439438     
   1.97697697697698      -7.685172068086992E-003  0.632267097439539     
   1.98698698698699      -7.833865420649452E-003  0.624880348722159     
   1.99699699699700      -8.629434650968271E-003  0.618807278191267     
   2.00700700700701      -7.753520981348982E-003  0.613423078918350     
   2.01701701701702      -7.478869987431983E-003  0.606815774523042     
   2.02702702702703      -8.831460261431346E-003  0.600987839549228     
   2.03703703703704      -9.264518933614593E-003  0.597590297369742     
   2.04704704704705      -7.914511861253385E-003  0.593914880285018     
   2.05705705705706      -6.288665700114544E-003  0.588502559176700     
   2.06706706706707      -5.763837386915866E-003  0.582876367417111     
   2.07707707707708      -5.929986606120624E-003  0.577591810378752     
   2.08708708708709      -6.334023997230051E-003  0.573442288387468     
   2.09709709709710      -5.680824567549262E-003  0.569550765888221     
   2.10710710710711      -4.919858142022671E-003  0.564962338989468     
   2.11711711711712      -4.577792245165113E-003  0.560346787900488     
   2.12712712712713      -4.390782040045942E-003  0.555899486243547     
   2.13713713713714      -4.269248988317724E-003  0.551586893460878     
   2.14714714714715      -4.195040920194223E-003  0.547372153558248     
   2.15715715715716      -4.185852418532127E-003  0.543218402089469     
   2.16716716716717      -4.331215407912721E-003  0.539086799033770     
   2.17717717717718      -4.968317558608193E-003  0.535110026163921     
   2.18718718718719      -5.701849597100022E-003  0.532621150173633     
   2.19719719719720      -4.574834821232381E-003  0.529692836878282     
   2.20720720720721      -4.059997775009687E-003  0.525882716232990     
   2.21721721721722      -3.851170251971228E-003  0.522324015919125     
   2.22722722722723      -3.627152983112712E-003  0.518780112618690     
   2.23723723723724      -3.516193256399509E-003  0.515333353878227     
   2.24724724724725      -3.385445335569564E-003  0.511964224685728     
   2.25725725725726      -3.291574551693039E-003  0.508641598509324     
   2.26726726726727      -3.219577075058475E-003  0.505389175100980     
   2.27727727727728      -3.158695002737294E-003  0.502201280004719     
   2.28728728728729      -3.107928525173453E-003  0.499074761455852     
   2.29729729729730      -3.055398051992229E-003  0.496013476176664     
   2.30730730730731      -2.998795380526320E-003  0.492993711340264     
   2.31731731731732      -2.950104544845001E-003  0.490019403961932     
   2.32732732732733      -2.907495901011054E-003  0.487090951360235     
   2.33733733733734      -2.874441255057498E-003  0.484208616813152     
   2.34734734734735      -2.841591324835165E-003  0.481383928644177     
   2.35735735735736      -2.802400428984050E-003  0.478596240135972     
   2.36736736736737      -2.753933172180536E-003  0.475845523705774     
   2.37737737737738      -2.712230677461490E-003  0.473117517546701     
   2.38738738738739      -2.679119311424048E-003  0.470422125029335     
   2.39739739739740      -2.652289553164514E-003  0.467756555840769     
   2.40740740740741      -2.633296708882440E-003  0.465115255799927     
   2.41741741741742      -2.627446614817272E-003  0.462490022111157     
   2.42742742742743      -2.648781752872884E-003  0.459867461126669     
   2.43743743743744      -2.740321550829882E-003  0.457226948491580     
   2.44744744744745      -3.053661722523178E-003  0.454589699994518     
   2.45745745745746      -3.702688388646624E-003  0.452459838620611     
   2.46746746746747      -3.630305536394655E-003  0.450865494273782     
   2.47747747747748      -3.057131502111792E-003  0.448818129931674     
   2.48748748748749      -2.688560062496704E-003  0.446274369501477     
   2.49749749749750      -2.601151656852969E-003  0.443720522298631     
   2.50750750750751      -2.700964205069704E-003  0.441205278533465     
   2.51751751751752      -2.995228999640633E-003  0.438900401789854     
   2.52752752752753      -3.321644008891256E-003  0.436626365803053     
   2.53753753753754      -4.016558973972217E-003  0.435159126692196     
   2.54754754754755      -3.330519022197851E-003  0.433962772917161     
   2.55755755755756      -2.610134094640244E-003  0.431701610573513     
   2.56756756756757      -2.347236217914333E-003  0.429355483603750     
   2.57757757757758      -2.238953788622950E-003  0.427107961645809     
   2.58758758758759      -2.184240031527400E-003  0.424959575163281     
   2.59759759759760      -2.115405045002203E-003  0.422855089861678     
   2.60760760760761      -2.069015074127769E-003  0.420772678732072     
   2.61761761761762      -2.039054754377656E-003  0.418724786291964     
   2.62762762762763      -2.018559917187565E-003  0.416717831182339     
   2.63763763763764      -1.985401568868840E-003  0.414736441925814     
   2.64764764764765      -1.960247059924651E-003  0.412767800716250     
   2.65765765765766      -1.944594254047237E-003  0.410817886647195     
   2.66766766766767      -1.942888660952249E-003  0.408881883416112     
   2.67767767767768      -1.979522528639767E-003  0.406955934707267     
   2.68768768768769      -2.125333115425243E-003  0.405112690473743     
   2.69769769769770      -2.117330494989700E-003  0.403536666326582     
   2.70770770770771      -1.925785402913292E-003  0.401745156642503     
   2.71771771771772      -1.846069867176121E-003  0.399898398067531     
   2.72772772772773      -1.808729817550022E-003  0.398080824426984     
   2.73773773773774      -1.791325445903288E-003  0.396291401343479     
   2.74774774774775      -1.782824758313256E-003  0.394543406776221     
   2.75775775775776      -1.754554644578410E-003  0.392807239170345     
   2.76776776776777      -1.749107234074597E-003  0.391076700470659     
   2.77777777777778      -1.760781823056626E-003  0.389399178814145     
   2.78778778778779      -1.736273799481723E-003  0.387745309461691     
   2.79779779779780      -1.692474859989024E-003  0.386097048712132     
   2.80780780780781      -1.657876461424438E-003  0.384436852352031     
   2.81781781781782      -1.637075116552982E-003  0.382791881295940     
   2.82782782782783      -1.622806628013575E-003  0.381164905493730     
   2.83783783783784      -1.608647309700017E-003  0.379558187587161     
   2.84784784784785      -1.592319212276760E-003  0.377961209329527     
   2.85785785785786      -1.579874605893584E-003  0.376375137326819     
   2.86786786786787      -1.570612117090306E-003  0.374799762241374     
   2.87787787787788      -1.565476016534913E-003  0.373232389122441     
   2.88788788788789      -1.567626628922571E-003  0.371668666258044     
   2.89789789789790      -1.585386459607413E-003  0.370101109424943     
   2.90790790790791      -1.644070678776329E-003  0.368517373995072     
   2.91791791791792      -1.836144208234220E-003  0.366921856237134     
   2.92792792792793      -2.313733050174723E-003  0.365659531331373     
   2.93793793793794      -2.086132190716708E-003  0.364833911456115     
   2.94794794794795      -1.751862326800994E-003  0.363363403684986     
   2.95795795795796      -1.621711612526909E-003  0.361900233221042     
   2.96796796796797      -1.530859301419972E-003  0.360412914035581     
   2.97797797797798      -1.505026374063491E-003  0.358974313253203     
   2.98798798798799      -1.450976429093848E-003  0.357561012128780     
   2.99799799799800      -1.418407825915857E-003  0.356141090279721     
   3.00800800800801      -1.405112858367170E-003  0.354743371255785     
   3.01801801801802      -1.386685990182390E-003  0.353373904864206     
   3.02802802802803      -1.365161865853049E-003  0.352006260893478     
   3.03803803803804      -1.350550701858202E-003  0.350649299908514     
   3.04804804804805      -1.339320222454220E-003  0.349304293389530     
   3.05805805805806      -1.331347053297375E-003  0.347969841378723     
   3.06806806806807      -1.328700147003279E-003  0.346647923038638     
   3.07807807807808      -1.320594983458552E-003  0.345339408265882     
   3.08808808808809      -1.314556300047306E-003  0.344027619370735     
   3.09809809809810      -1.319928657924626E-003  0.342715452913755     
   3.10810810810811      -1.347402617199907E-003  0.341397158162236     
   3.11811811811812      -1.441617237828148E-003  0.340072582518666     
   3.12812812812813      -1.677451184957163E-003  0.338888951730019     
   3.13813813813814      -1.679244713671637E-003  0.337974637212571     
   3.14814814814815      -1.470373741803441E-003  0.336774470971457     
   3.15815815815816      -1.490110190279029E-003  0.335493738715697     
   3.16816816816817      -1.508518654181575E-003  0.334407948434436     
   3.17817817817818      -1.435362357268458E-003  0.333297486113948     
   3.18818818818819      -1.297575339922948E-003  0.332116781191251     
   3.19819819819820      -1.234288735541642E-003  0.330886872309010     
   3.20820820820821      -1.211014546543339E-003  0.329677285729753     
   3.21821821821822      -1.211094653813482E-003  0.328499376883019     
   3.22822822822823      -1.188090426710470E-003  0.327352858601930     
   3.23823823823824      -1.166109912726032E-003  0.326191350817242     
   3.24824824824825      -1.162891353286485E-003  0.325039415407150     
   3.25825825825826      -1.166677912393761E-003  0.323921411536271     
   3.26826826826827      -1.145203095463907E-003  0.322805199151555     
   3.27827827827828      -1.138840881705022E-003  0.321695870941594     
   3.28828828828829      -1.116836837602075E-003  0.320596553890175     
   3.29829829829830      -1.101558170765013E-003  0.319492812985147     
   3.30830830830831      -1.092949249204829E-003  0.318396727764362     
   3.31831831831832      -1.089524897864145E-003  0.317307523520196     
   3.32832832832833      -1.097655799528257E-003  0.316224356390041     
   3.33833833833834      -1.132434276462329E-003  0.315170834392363     
   3.34834834834835      -1.125554844759040E-003  0.314177172384160     
   3.35835835835836      -1.074984367149111E-003  0.313140394977654     
   3.36836836836837      -1.051106318149439E-003  0.312088324767163     
   3.37837837837838      -1.039588057555075E-003  0.311045602696625     
   3.38838838838839      -1.035393475469675E-003  0.310011841436480     
   3.39839839839840      -1.042204204474335E-003  0.308993614768454     
   3.40840840840841      -1.038971888105711E-003  0.308000350304923     
   3.41841841841842      -1.018443139563519E-003  0.307009030591055     
   3.42842842842843      -1.000548252697844E-003  0.306008689730469     
   3.43843843843844      -9.903600382626578E-004  0.305014669293365     
   3.44844844844845      -9.837709173309245E-004  0.304029740768167     
   3.45845845845846      -9.759837139457079E-004  0.303055119673302     
   3.46846846846847      -9.672937255746651E-004  0.302084889369115     
   3.47847847847848      -9.605348233958301E-004  0.301121345586724     
   3.48848848848849      -9.537228348623551E-004  0.300165988327980     
   3.49849849849850      -9.462081226784425E-004  0.299216272912246     
   3.50850850850851      -9.394048123016881E-004  0.298272779041721     
   3.51851851851852      -9.329384965805301E-004  0.297335779667543     
   3.52852852852853      -9.267015506528451E-004  0.296405141377924     
   3.53853853853854      -9.207954860279300E-004  0.295480798971496     
   3.54854854854855      -9.150522036113198E-004  0.294563218786936     
   3.55855855855856      -9.087170400010546E-004  0.293651455082866     
   3.56856856856857      -9.029582840177729E-004  0.292745581014725     
   3.57857857857858      -8.968081965434505E-004  0.291845965777717     
   3.58858858858859      -8.907479821529747E-004  0.290951639249949     
   3.59859859859860      -8.850443043986877E-004  0.290062991074612     
   3.60860860860861      -8.796686156710774E-004  0.289179939328395     
   3.61861861861862      -8.749669160520957E-004  0.288302313818768     
   3.62862862862863      -8.721965408489577E-004  0.287430799412149     
   3.63863863863864      -8.691918446856217E-004  0.286569322879757     
   3.64864864864865      -8.607035343132690E-004  0.285712705592377     
   3.65865865865866      -8.528613444985586E-004  0.284857425560225     
   3.66866866866867      -8.467725819982448E-004  0.284007264928402     
   3.67867867867868      -8.413982364256271E-004  0.283162610346054     
   3.68868868868869      -8.367583017583810E-004  0.282323365774774     
   3.69869869869870      -8.328775592435760E-004  0.281490636241011     
   3.70870870870871      -8.277614396420281E-004  0.280663942737851     
   3.71871871871872      -8.212702857414621E-004  0.279841723967265     
   3.72872872872873      -8.154790237181943E-004  0.279023278775954     
   3.73873873873874      -8.104829993893723E-004  0.278209999489036     
   3.74874874874875      -8.054668831689014E-004  0.277402276496779     
   3.75875875875876      -8.002906859012115E-004  0.276599149875024     
   3.76876876876877      -7.953234046815697E-004  0.275801004913796     
   3.77877877877878      -7.903325473459373E-004  0.275007596151494     
   3.78878878878879      -7.854963240801294E-004  0.274218950488728     
   3.79879879879880      -7.807492971262436E-004  0.273435074341850     
   3.80880880880881      -7.760653799365055E-004  0.272655912062174     
   3.81881881881882      -7.714367165410327E-004  0.271881408962705     
   3.82882882882883      -7.668617674361340E-004  0.271111512634608     
   3.83883883883884      -7.623441991237325E-004  0.270346170548627     
   3.84884884884885      -7.578993496771206E-004  0.269585327616179     
   3.85885885885886      -7.535845848309532E-004  0.268828935097015     
   3.86886886886887      -7.495274243189547E-004  0.268077122191760     
   3.87887887887888      -7.452630730262447E-004  0.267330123452629     
   3.88888888888889      -7.406291072730076E-004  0.266587115929950     
   3.89889889889890      -7.363616854381966E-004  0.265848149593226     
   3.90890890890891      -7.325047000645963E-004  0.265113757921990     
   3.91891891891892      -7.281160304755561E-004  0.264384066655939     
   3.92892892892893      -7.235508135380740E-004  0.263657972260105     
   3.93893893893894      -7.192783537378675E-004  0.262935932499271     
   3.94894894894895      -7.151292469380145E-004  0.262218047679068     
   3.95895895895896      -7.110468148091457E-004  0.261504269453571     
   3.96896896896897      -7.070149923391726E-004  0.260794548651135     
   3.97897897897898      -7.030293783001042E-004  0.260088840031368     
   3.98898898898899      -6.990915077863602E-004  0.259387099217514     
   3.99899899899900      -6.952112955848856E-004  0.258689279395422     
   4.00900900900901      -6.914233100275956E-004  0.257995328736894     
   4.01901901901902      -6.878583998772655E-004  0.257305225311599     
   4.02902902902903      -6.846826225747429E-004  0.256619460981044     
   4.03903903903904      -6.804903053645053E-004  0.255937903113601     
   4.04904904904905      -6.763480944242822E-004  0.255259277751967     
   4.05905905905906      -6.724967340360964E-004  0.254584398592867     
   4.06906906906907      -6.687292667301376E-004  0.253913227478346     
   4.07907907907908      -6.650224538824818E-004  0.253245745366436     
   4.08908908908909      -6.613719072385591E-004  0.252581909335205     
   4.09909909909910      -6.577659560389373E-004  0.251921696742895     
   4.10910910910911      -6.541962786875848E-004  0.251265073310480     
   4.11911911911912      -6.506596650963945E-004  0.250612005654081     
   4.12912912912913      -6.471545340970505E-004  0.249962461890731     
   4.13913913913914      -6.436799376924394E-004  0.249316411167929     
   4.14914914914915      -6.402352718380063E-004  0.248673823388286     
   4.15915915915916      -6.368201778108869E-004  0.248034669345855     
   4.16916916916917      -6.334331995089723E-004  0.247398920231557     
   4.17917917917918      -6.300745145566614E-004  0.246766546222274     
   4.18918918918919      -6.267443229438736E-004  0.246137519950277     
   4.19919919919920      -6.234413923726352E-004  0.245511813912824     
   4.20920920920921      -6.201656424972659E-004  0.244889399627711     
   4.21921921921922      -6.169171480802639E-004  0.244270250339465     
   4.22922922922923      -6.136955096760903E-004  0.243654339217096     
   4.23923923923924      -6.105004971308661E-004  0.243041639570008     
   4.24924924924925      -6.073320676573114E-004  0.242432124883934     
   4.25925925925926      -6.041906291156211E-004  0.241825768708154     
   4.26926926926927      -6.010781641373245E-004  0.241222544659221     
   4.27927927927928      -5.980026428612795E-004  0.240622430300746     
   4.28928928928929      -5.949562191502268E-004  0.240025434288474     
   4.29929929929930      -5.918861789702677E-004  0.239431484557202     
   4.30930930930931      -5.888551942192901E-004  0.238840543439925     
   4.31931931931932      -5.858578354514634E-004  0.238252611524033     
   4.32932932932933      -5.828881964415279E-004  0.237667664763425     
   4.33933933933934      -5.799451932614872E-004  0.237085677243350     
   4.34934934934935      -5.770295524049598E-004  0.236506622619937     
   4.35935935935936      -5.741438330482656E-004  0.235930473286826     
   4.36936936936937      -5.712944145467543E-004  0.235357198756663     
   4.37937937937938      -5.684983368139657E-004  0.234786762677928     
   4.38938938938939      -5.658095605399519E-004  0.234219120835049     
   4.39939939939940      -5.634287814898589E-004  0.233654286332717     
   4.40940940940941      -5.614713055691029E-004  0.233093075966804     
   4.41941941941942      -5.580258540117708E-004  0.232534867895440     
   4.42942942942943      -5.548667947749244E-004  0.231978399542554     
   4.43943943943944      -5.521152236832204E-004  0.231424834317888     
   4.44944944944945      -5.491982425375751E-004  0.230874048034241     
   4.45945945945946      -5.463812536738598E-004  0.230325813196290     
   4.46946946946947      -5.436642791559177E-004  0.229780274403385     
   4.47947947947948      -5.409946413458867E-004  0.229237417915355     
   4.48948948948949      -5.383575723484732E-004  0.228697214481433     
   4.49949949949950      -5.357518065454672E-004  0.228159638780124     
   4.50950950950951      -5.331833856740647E-004  0.227624682928393     
   4.51951951951952      -5.306085612347240E-004  0.227092340473798     
   4.52952952952953      -5.280327112136024E-004  0.226562530914613     
   4.53953953953954      -5.254915068349550E-004  0.226035255466756     
   4.54954954954955      -5.229753419358217E-004  0.225510506672519     
   4.55955955955956      -5.204800761175384E-004  0.224988265107114     
   4.56956956956957      -5.180045276621260E-004  0.224468511201087     
   4.57957957957958      -5.155486601582195E-004  0.223951225814144     
   4.58958958958959      -5.131140873772270E-004  0.223436390997915     
   4.59959959959960      -5.106988317181309E-004  0.222923994894641     
   4.60960960960961      -5.082975280824284E-004  0.222414010291841     
   4.61961961961962      -5.059152212199719E-004  0.221906429106064     
   4.62962962962963      -5.035435135704997E-004  0.221401217183399     
   4.63963963963964      -5.012052981328010E-004  0.220898361791367     
   4.64964964964965      -4.989053057879713E-004  0.220397879782408     
   4.65965965965966      -4.965695534724318E-004  0.219899753243410     
   4.66966966966967      -4.942400127763995E-004  0.219403890870423     
   4.67967967967968      -4.919458073944474E-004  0.218910316911512     
   4.68968968968969      -4.896740539970973E-004  0.218419023972570     
   4.69969969969970      -4.874206119350538E-004  0.217929994914761     
   4.70970970970971      -4.851842665356357E-004  0.217443212717682     
   4.71971971971972      -4.829647415707505E-004  0.216958660718957     
   4.72972972972973      -4.807625481908709E-004  0.216476322348103     
   4.73973973973974      -4.785803008399733E-004  0.215996181179843     
   4.74974974974975      -4.764274991368465E-004  0.215518227213263     
   4.75975975975976      -4.742853292109884E-004  0.215042479571305     
   4.76976976976977      -4.721144658284116E-004  0.214568864329588     
   4.77977977977978      -4.699753625299944E-004  0.214097364980610     
   4.78978978978979      -4.678636445618560E-004  0.213627991715958     
   4.79979979979980      -4.657659523627838E-004  0.213160737921460     
   4.80980980980981      -4.636744807071342E-004  0.212695575765010     
   4.81981981981982      -4.615988791966843E-004  0.212232486649522     
   4.82982982982983      -4.595408756468735E-004  0.211771462588496     
   4.83983983983984      -4.574980937874247E-004  0.211312490261959     
   4.84984984984985      -4.554697229550760E-004  0.210855555335985     
   4.85985985985986      -4.534554444891827E-004  0.210400643670755     
   4.86986986986987      -4.514551435405324E-004  0.209947741310692     
   4.87987987987988      -4.494690129102633E-004  0.209496834484309     
   4.88988988988989      -4.474979929404073E-004  0.209047910571543     
   4.89989989989990      -4.455386551548717E-004  0.208600959354675     
   4.90990990990991      -4.435888710658565E-004  0.208155960517398     
   4.91991991991992      -4.416538968134134E-004  0.207712902295664     
   4.92992992992993      -4.397326457238062E-004  0.207271773454710     
   4.93993993993994      -4.378245043647909E-004  0.206832561069798     
   4.94994994994995      -4.359292753217982E-004  0.206395252247660     
   4.95995995995996      -4.340470235085332E-004  0.205959834315796     
   4.96996996996997      -4.321776752551143E-004  0.205526295597436     
   4.97997997997998      -4.303191465257160E-004  0.205094623004652     
   4.98998998998999      -4.284730075426727E-004  0.204664802759406     
   5.00000000000000      -4.266394501057041E-004  0.204236823703296     
