  -5.00000000000000      -1.204848348755614E-003 -0.221908237029963     
  -4.98998998998999      -9.860222556777444E-004 -0.222938468395106     
  -4.97997997997998      -8.696580624290072E-004 -0.223837794519951     
  -4.96996996996997      -8.027979927801937E-004 -0.224659708052901     
  -4.95995995995996      -7.631619694121817E-004 -0.225434634535958     
  -4.94994994994995      -7.404783443366238E-004 -0.226181311271690     
  -4.93993993993994      -7.300797901215793E-004 -0.226912616925011     
  -4.92992992992993      -7.307051054467132E-004 -0.227638901872650     
  -4.91991991991992      -7.444370605981429E-004 -0.228370487544502     
  -4.90990990990991      -7.792485768705514E-004 -0.229120496882250     
  -4.89989989989990      -8.589776764435302E-004 -0.229908809040430     
  -4.88988988988989      -1.063817815026689E-003 -0.230758202074251     
  -4.87987987987988      -1.637318936580809E-003 -0.231518896813469     
  -4.86986986986987      -2.246167846320844E-003 -0.231618594869062     
  -4.85985985985986      -2.219092091570652E-003 -0.231113098315861     
  -4.84984984984985      -1.294845514287359E-003 -0.231560066965893     
  -4.83983983983984      -9.426835775567861E-004 -0.232442455488042     
  -4.82982982982983      -8.124364891809102E-004 -0.233260844148227     
  -4.81981981981982      -7.545496599068597E-004 -0.234025382264108     
  -4.80980980980981      -7.255436340066907E-004 -0.234757392905364     
  -4.79979979979980      -7.094639488279903E-004 -0.235471071930094     
  -4.78978978978979      -7.006195340466969E-004 -0.236174466027424     
  -4.77977977977978      -6.960566348693187E-004 -0.236872086950705     
  -4.76976976976977      -6.942367227898708E-004 -0.237566980323628     
  -4.75975975975976      -6.943456712095525E-004 -0.238261267778200     
  -4.74974974974975      -6.959458722940393E-004 -0.238956541132971     
  -4.73973973973974      -6.988268930653140E-004 -0.239654108721448     
  -4.72972972972973      -7.029454705457321E-004 -0.240355164918623     
  -4.71971971971972      -7.084195827651452E-004 -0.241060933473207     
  -4.70970970970971      -7.155761076365613E-004 -0.241772825174224     
  -4.69969969969970      -7.250880680066552E-004 -0.242492659147211     
  -4.68968968968969      -7.383235496901144E-004 -0.243223029986585     
  -4.67967967967968      -7.583300352531601E-004 -0.243967949917711     
  -4.66966966966967      -7.931842069323781E-004 -0.244733478400361     
  -4.65965965965966      -8.660530102578199E-004 -0.245519345116566     
  -4.64964964964965      -9.764703707751044E-004 -0.246292074082109     
  -4.63963963963964      -1.130385654282852E-003 -0.247121009393245     
  -4.62962962962963      -1.567788109388703E-003 -0.247870979148084     
  -4.61961961961962      -2.054565371822107E-003 -0.248106431182045     
  -4.60960960960961      -1.624996769866563E-003 -0.248167552883790     
  -4.59959959959960      -1.345844858039545E-003 -0.249078198883604     
  -4.58958958958959      -1.580171336190378E-003 -0.249699873594023     
  -4.57957957957958      -1.230813293007377E-003 -0.250088379431090     
  -4.56956956956957      -9.576458044029479E-004 -0.250949039578803     
  -4.55955955955956      -8.639129817147340E-004 -0.251813896800308     
  -4.54954954954955      -8.256406624150821E-004 -0.252645405814130     
  -4.53953953953954      -8.078230946477158E-004 -0.253457263609334     
  -4.52952952952953      -7.992677783026305E-004 -0.254258838686353     
  -4.51951951951952      -7.955846033250073E-004 -0.255055518089803     
  -4.50950950950951      -7.947724500700225E-004 -0.255850537322198     
  -4.49949949949950      -7.958260468059650E-004 -0.256645980832816     
  -4.48948948948949      -7.982250545278470E-004 -0.257443303319702     
  -4.47947947947948      -8.017422761414648E-004 -0.258243627107347     
  -4.46946946946947      -8.064256934285076E-004 -0.259047948313386     
  -4.45945945945946      -8.128355786524256E-004 -0.259857315523873     
  -4.44944944944945      -8.231898965860911E-004 -0.260672679139384     
  -4.43943943943944      -8.439767554533865E-004 -0.261488841204350     
  -4.42942942942943      -8.541710034579560E-004 -0.262291324821692     
  -4.41941941941942      -8.574143590045072E-004 -0.263120238043470     
  -4.40940940940941      -8.741900008051416E-004 -0.263953030388675     
  -4.39939939939940      -9.014913447096389E-004 -0.264799394372266     
  -4.38938938938939      -9.887712042640012E-004 -0.265617110600691     
  -4.37937937937938      -9.693228555962318E-004 -0.266330733492896     
  -4.36936936936937      -8.982394343064232E-004 -0.267179628195919     
  -4.35935935935936      -8.781898613016552E-004 -0.268053569022543     
  -4.34934934934935      -8.742186760016239E-004 -0.268926707549789     
  -4.33933933933934      -8.755856564118146E-004 -0.269801058408542     
  -4.32932932932933      -8.791778919491570E-004 -0.270678669029999     
  -4.31931931931932      -8.838859418947646E-004 -0.271560732947876     
  -4.30930930930931      -8.892429280383195E-004 -0.272447967876597     
  -4.29929929929930      -8.950276228020419E-004 -0.273340845062937     
  -4.28928928928929      -9.011269811194907E-004 -0.274239704432358     
  -4.27927927927928      -9.074822485601063E-004 -0.275144814494850     
  -4.26926926926927      -9.140668673080837E-004 -0.276056406680492     
  -4.25925925925926      -9.208798149624953E-004 -0.276974698756177     
  -4.24924924924925      -9.279523670091403E-004 -0.277899916039446     
  -4.23923923923924      -9.353833913348508E-004 -0.278832315006681     
  -4.22922922922923      -9.434653811664160E-004 -0.279772156414361     
  -4.21921921921922      -9.525219424802244E-004 -0.280719348028839     
  -4.20920920920921      -9.632967093312910E-004 -0.281674626711191     
  -4.19919919919920      -9.772384855365479E-004 -0.282636603783478     
  -4.18918918918919      -9.997927591746734E-004 -0.283600504214584     
  -4.17917917917918      -1.011209419458779E-003 -0.284554419806716     
  -4.16916916916917      -1.004694897269119E-003 -0.285525602757773     
  -4.15915915915916      -1.001702018256189E-003 -0.286519163462192     
  -4.14914914914915      -1.005874891441722E-003 -0.287521834260297     
  -4.13913913913914      -1.012510094043110E-003 -0.288531391997071     
  -4.12912912912913      -1.020123677365165E-003 -0.289548424096739     
  -4.11911911911912      -1.028297897405851E-003 -0.290573377567851     
  -4.10910910910911      -1.036707431842053E-003 -0.291606477936942     
  -4.09909909909910      -1.045267613410531E-003 -0.292648283168680     
  -4.08908908908909      -1.054114913966697E-003 -0.293698914318029     
  -4.07907907907908      -1.063192758326314E-003 -0.294758536835448     
  -4.06906906906907      -1.072482279980954E-003 -0.295827356023166     
  -4.05905905905906      -1.081981175398293E-003 -0.296905578170030     
  -4.04904904904905      -1.091693944727859E-003 -0.297993412965694     
  -4.03903903903904      -1.101629250045884E-003 -0.299091077290490     
  -4.02902902902903      -1.111799251039660E-003 -0.300198798521166     
  -4.01901901901902      -1.122219831493941E-003 -0.301316817803901     
  -4.00900900900901      -1.132911742620084E-003 -0.302445393808322     
  -3.99899899899900      -1.143903801682973E-003 -0.303584807563755     
  -3.98898898898899      -1.155243262615085E-003 -0.304735368412013     
  -3.97897897897898      -1.167036814150632E-003 -0.305897405489348     
  -3.96896896896897      -1.179480375976800E-003 -0.307071038328778     
  -3.95895895895896      -1.191937203785143E-003 -0.308256417930383     
  -3.94894894894895      -1.204561418446622E-003 -0.309454795384194     
  -3.93893893893894      -1.217801690101078E-003 -0.310666661303517     
  -3.92892892892893      -1.231881192668328E-003 -0.311892371663679     
  -3.91891891891892      -1.246820517354747E-003 -0.313132580563655     
  -3.90890890890891      -1.262757941177087E-003 -0.314388166358486     
  -3.89889889889890      -1.279923045105050E-003 -0.315660198065071     
  -3.88888888888889      -1.298627796468193E-003 -0.316950000809904     
  -3.87887887887888      -1.319337025324610E-003 -0.318259311383152     
  -3.86886886886887      -1.342757000694293E-003 -0.319590366167004     
  -3.85885885885886      -1.369930978288014E-003 -0.320946198211913     
  -3.84884884884885      -1.402512221054005E-003 -0.322331054129317     
  -3.83883883883884      -1.443240999609070E-003 -0.323751095587450     
  -3.82882882882883      -1.496925971465053E-003 -0.325215652553478     
  -3.81881881881882      -1.572635091952365E-003 -0.326739563556355     
  -3.80880880880881      -1.689123706806652E-003 -0.328347767461041     
  -3.79879879879880      -1.890216163635705E-003 -0.330084524531339     
  -3.78878878878879      -2.296578183213681E-003 -0.332029154210159     
  -3.77877877877878      -3.315429487108214E-003 -0.334269400634846     
  -3.76876876876877      -6.247850640008326E-003 -0.335955033062370     
  -3.75875875875876      -8.439017907222275E-003 -0.332912922375225     
  -3.74874874874875      -5.651055087022140E-003 -0.331617840692058     
  -3.73873873873874      -3.296747504913236E-003 -0.333269115378760     
  -3.72872872872873      -2.383326036813288E-003 -0.335492959221322     
  -3.71871871871872      -2.010537573725330E-003 -0.337506604922031     
  -3.70870870870871      -1.841894269894307E-003 -0.339375271435178     
  -3.69869869869870      -1.759917917551733E-003 -0.341153244404304     
  -3.68868868868869      -1.718957907571396E-003 -0.342881912214801     
  -3.67867867867868      -1.700289436979982E-003 -0.344585978464475     
  -3.66866866866867      -1.695134121741408E-003 -0.346280745381973     
  -3.65865865865866      -1.699132934192789E-003 -0.347976316869363     
  -3.64864864864865      -1.709971576850771E-003 -0.349680003139284     
  -3.63863863863864      -1.726542649689673E-003 -0.351397688188356     
  -3.62862862862863      -1.748555611914303E-003 -0.353134658157725     
  -3.61861861861862      -1.776426951005605E-003 -0.354896254999079     
  -3.60860860860861      -1.811356028761910E-003 -0.356688491769284     
  -3.59859859859860      -1.855591173183949E-003 -0.358519026229848     
  -3.58858858858859      -1.913503676118710E-003 -0.360398335737675     
  -3.57857857857858      -1.993048698355407E-003 -0.362341813446167     
  -3.56856856856857      -2.109937161152903E-003 -0.364373994947611     
  -3.55855855855856      -2.298293172129144E-003 -0.366536622227183     
  -3.54854854854855      -2.642597863703661E-003 -0.368904710595618     
  -3.53853853853854      -3.392702625538385E-003 -0.371607734239719     
  -3.52852852852853      -5.449970068163858E-003 -0.374668080852971     
  -3.51851851851852      -1.085942985544483E-002 -0.374987967970246     
  -3.50850850850851      -9.779500140689406E-003 -0.369240631160833     
  -3.49849849849850      -5.161236872709439E-003 -0.370424159139130     
  -3.48848848848849      -3.383005556039533E-003 -0.373513528471771     
  -3.47847847847848      -2.744857339703593E-003 -0.376299318240681     
  -3.46846846846847      -2.469727527632306E-003 -0.378814753383453     
  -3.45845845845846      -2.336369666191335E-003 -0.381180234404690     
  -3.44844844844845      -2.268815556101239E-003 -0.383465369950548     
  -3.43843843843844      -2.235941058463105E-003 -0.385709064940040     
  -3.42842842842843      -2.223209563501238E-003 -0.387934260325312     
  -3.41841841841842      -2.223143065284120E-003 -0.390155358007603     
  -3.40840840840841      -2.231614514235921E-003 -0.392381967834322     
  -3.39839839839840      -2.246242237514623E-003 -0.394620898506955     
  -3.38838838838839      -2.265646474332351E-003 -0.396877288272986     
  -3.37837837837838      -2.289116030380075E-003 -0.399155309676047     
  -3.36836836836837      -2.316544886760453E-003 -0.401458687150675     
  -3.35835835835836      -2.348737817638260E-003 -0.403791197299107     
  -3.34834834834835      -2.388786304286238E-003 -0.406157226294429     
  -3.33833833833834      -2.447561615503080E-003 -0.408560713414232     
  -3.32832832832833      -2.559366991318653E-003 -0.410981477875936     
  -3.31831831831832      -2.640549893612410E-003 -0.413302254512650     
  -3.30830830830831      -2.608030192670674E-003 -0.415752101164520     
  -3.29829829829830      -2.614045756545704E-003 -0.418262899041155     
  -3.28828828828829      -2.624247111869958E-003 -0.420844420852199     
  -3.27827827827828      -2.664071081324966E-003 -0.423479828032279     
  -3.26826826826827      -2.724754797640083E-003 -0.426167423673217     
  -3.25825825825826      -2.814079885920022E-003 -0.428922071747703     
  -3.24824824824825      -2.968103349945318E-003 -0.431767704367105     
  -3.23823823823824      -3.319826812934009E-003 -0.434720510126208     
  -3.22822822822823      -4.260465244272966E-003 -0.437390149680664     
  -3.21821821821822      -4.302256026559174E-003 -0.438765741103518     
  -3.20820820820821      -3.456300448271586E-003 -0.441531784904437     
  -3.19819819819820      -3.198411739229357E-003 -0.444669009666671     
  -3.18818818818819      -3.137674678460159E-003 -0.447790040496618     
  -3.17817817817818      -3.138542942583210E-003 -0.450911250273445     
  -3.16816816816817      -3.165695763740852E-003 -0.454058093301872     
  -3.15815815815816      -3.206768286379319E-003 -0.457243069226596     
  -3.14814814814815      -3.256271807220706E-003 -0.460474873002186     
  -3.13813813813814      -3.311981487286055E-003 -0.463759894388260     
  -3.12812812812813      -3.373263733231349E-003 -0.467103469624137     
  -3.11811811811812      -3.440806708415080E-003 -0.470510838325467     
  -3.10810810810811      -3.517624848912423E-003 -0.473988095238012     
  -3.09809809809810      -3.613732002789518E-003 -0.477543001349778     
  -3.08808808808809      -3.766399488101274E-003 -0.481175652942527     
  -3.07807807807808      -4.027680680385754E-003 -0.484742817781816     
  -3.06806806806807      -4.004959214025682E-003 -0.488264297609795     
  -3.05805805805806      -3.986561511977485E-003 -0.492071554116663     
  -3.04804804804805      -4.001872665714943E-003 -0.495981723155299     
  -3.03803803803804      -4.057537610728832E-003 -0.499995113514803     
  -3.02802802802803      -4.135769366346946E-003 -0.504089393181844     
  -3.01801801801802      -4.224675076972603E-003 -0.508270236279882     
  -3.00800800800801      -4.320868064095123E-003 -0.512544491351965     
  -2.99799799799800      -4.423519711489467E-003 -0.516918318776146     
  -2.98798798798799      -4.533175776246845E-003 -0.521397608097607     
  -2.97797797797798      -4.652376127717711E-003 -0.525986313308285     
  -2.96796796796797      -4.773972057238683E-003 -0.530683688210264     
  -2.95795795795796      -4.896186665617979E-003 -0.535512716849882     
  -2.94794794794795      -5.030400558798482E-003 -0.540475920643123     
  -2.93793793793794      -5.175708526427456E-003 -0.545579272383599     
  -2.92792792792793      -5.333445401346336E-003 -0.550833341217339     
  -2.91791791791792      -5.506923158555578E-003 -0.556251301753015     
  -2.90790790790791      -5.702251530228978E-003 -0.561850295054637     
  -2.89789789789790      -5.931481310947651E-003 -0.567654137308432     
  -2.88788788788789      -6.222234402687905E-003 -0.573696895209206     
  -2.87787787787788      -6.636956137581748E-003 -0.580010356725791     
  -2.86786786786787      -7.249655457880671E-003 -0.586647529790061     
  -2.85785785785786      -8.400574457996182E-003 -0.593774383304886     
  -2.84784784784785      -1.155846398681334E-002 -0.600890167254023     
  -2.83783783783784      -1.501161915173536E-002 -0.602190012498022     
  -2.82782782782783      -1.064353979524116E-002 -0.606320158440276     
  -2.81781781781782      -8.809529174686422E-003 -0.614470809711874     
  -2.80780780780781      -8.391974548450899E-003 -0.622712064935169     
  -2.79779779779780      -8.461076342777974E-003 -0.630893417171589     
  -2.78778778778779      -8.591092285125767E-003 -0.639093284508485     
  -2.77777777777778      -8.761286080741663E-003 -0.647599773717467     
  -2.76776776776777      -8.998208800423646E-003 -0.656396136366887     
  -2.75775775775776      -9.300945227058936E-003 -0.665520226394434     
  -2.74774774774775      -9.656885807044305E-003 -0.674988909363295     
  -2.73773773773774      -1.005525603905427E-002 -0.684837827857137     
  -2.72772772772773      -1.049400526508997E-002 -0.695105738127874     
  -2.71771771771772      -1.097455466358787E-002 -0.705832759643229     
  -2.70770770770771      -1.150010111504127E-002 -0.717061721058316     
  -2.69769769769770      -1.207514008679285E-002 -0.728839403596096     
  -2.68768768768769      -1.270537363681603E-002 -0.741217690306364     
  -2.67767767767768      -1.339778982515739E-002 -0.754254758077975     
  -2.66766766766767      -1.416085404409407E-002 -0.768016417533938     
  -2.65765765765766      -1.500480253740048E-002 -0.782577694204852     
  -2.64764764764765      -1.594205197711283E-002 -0.798024752040385     
  -2.63763763763764      -1.698775706377144E-002 -0.814457283649599     
  -2.62762762762763      -1.816056873391689E-002 -0.831991531697945     
  -2.61761761761762      -1.948367417588284E-002 -0.850764167942249     
  -2.60760760760761      -2.098624419666566E-002 -0.870937353233561     
  -2.59759759759760      -2.270548838010652E-002 -0.892705443881100     
  -2.58758758758759      -2.468962955204742E-002 -0.916304044972579     
  -2.57757757757758      -2.700233263341691E-002 -0.942022482331898     
  -2.56756756756757      -2.972949855819255E-002 -0.970221376094373     
  -2.55755755755756      -3.299007737193412E-002  -1.00135803903738     
  -2.54754754754755      -3.695399413327051E-002  -1.03602411595194     
  -2.53753753753754      -4.187147847427682E-002  -1.07500366911943     
  -2.52752752752753      -4.813239665836692E-002  -1.11937181225540     
  -2.51751751751752      -5.638202568839166E-002  -1.17064749539143     
  -2.50750750750751      -6.776904501550995E-002  -1.23108112545594     
  -2.49749749749750      -8.457979106929360E-002  -1.30418435083185     
  -2.48748748748749      -0.112119894166535       -1.39567819701956     
  -2.47747747747748      -0.165526394934514       -1.51384506895397     
  -2.46746746746747      -0.288480230499160       -1.64864374941540     
  -2.45745745745746      -0.482460694870330       -1.71196222358444     
  -2.44744744744745      -0.658454861102542       -1.70198812720841     
  -2.43743743743744      -0.805312550328473       -1.66293252878010     
  -2.42742742742743      -0.929614072067846       -1.60996169947824     
  -2.41741741741742       -1.03890949635774       -1.55304488482454     
  -2.40740740740741       -1.13909492950908       -1.48942188881932     
  -2.39739739739740       -1.23160513566923       -1.42128638854440     
  -2.38738738738739       -1.31707070765750       -1.34695560413019     
  -2.37737737737738       -1.39555513223567       -1.26761477600977     
  -2.36736736736737       -1.46786844904658       -1.18352086950317     
  -2.35735735735736       -1.53447637032621       -1.09453102174694     
  -2.34734734734735       -1.59557396907846       -1.00032583617130     
  -2.33733733733734       -1.65110513996085      -0.900476056725584     
  -2.32732732732733       -1.70080612960585      -0.794487533970838     
  -2.31731731731732       -1.74419779304184      -0.681768567079244     
  -2.30730730730731       -1.78053850439327      -0.561629717468575     
  -2.29729729729730       -1.80875802581810      -0.433280901105854     
  -2.28728728728729       -1.82735592672828      -0.295832987477742     
  -2.27727727727728       -1.83424563144725      -0.148310843357825     
  -2.26726726726727       -1.82651230443616       1.030495540881335E-002
  -2.25725725725726       -1.80002762174492       0.180970662322599     
  -2.24724724724725       -1.74881416613425       0.364317489296913     
  -2.23723723723724       -1.66394855288020       0.560002748649198     
  -2.22722722722723       -1.53158189596630       0.764983462267414     
  -2.21721721721722       -1.32939462134904       0.968297217006230     
  -2.20720720720721       -1.02332267685808        1.13233932033723     
  -2.19719719719720      -0.614108545191170        1.13642553097916     
  -2.18718718718719      -0.321817706817551       0.925189869901897     
  -2.17717717717718      -0.199857360332942       0.719015705158709     
  -2.16716716716717      -0.142004230433253       0.564753928744161     
  -2.15715715715716      -0.109114989756360       0.446200348281945     
  -2.14714714714715      -8.818412166138022E-002  0.351143790481121     
  -2.13713713713714      -7.397932065241419E-002  0.272228779912644     
  -2.12712712712713      -6.430595683494106E-002  0.204891912846279     
  -2.11711711711712      -5.878024164021449E-002  0.147256137359191     
  -2.10710710710711      -5.269836247187983E-002  9.927077210975754E-002
  -2.09709709709710      -4.711674427411432E-002  5.310857424112410E-002
  -2.08708708708709      -4.617632436279681E-002  1.266545513316508E-002
  -2.07707707707708      -4.134211954293047E-002 -1.985223925379029E-002
  -2.06706706706707      -3.548262345062731E-002 -5.476812072130113E-002
  -2.05705705705706      -3.214743280420441E-002 -8.785268599019017E-002
  -2.04704704704705      -2.981765301673749E-002 -0.118572069115870     
  -2.03703703703704      -2.799905712497701E-002 -0.147339673788682     
  -2.02702702702703      -2.651568523460342E-002 -0.174503671175370     
  -2.01701701701702      -2.528137022773471E-002 -0.200331499236953     
  -2.00700700700701      -2.424633224502803E-002 -0.225041501949550     
  -1.99699699699700      -2.337959958097820E-002 -0.248806680059457     
  -1.98698698698699      -2.264814282503449E-002 -0.271779820779755     
  -1.97697697697698      -2.204085254396876E-002 -0.294096612234059     
  -1.96696696696697      -2.154405508173625E-002 -0.315867542670493     
  -1.95695695695696      -2.114564871470195E-002 -0.337194770077993     
  -1.94694694694695      -2.083668118884000E-002 -0.358171210733037     
  -1.93693693693694      -2.061031730363089E-002 -0.378882185026863     
  -1.92692692692693      -2.046134503133407E-002 -0.399407099058229     
  -1.91691691691692      -2.038587984302985E-002 -0.419821122153563     
  -1.90690690690691      -2.038146947149133E-002 -0.440196043792685     
  -1.89689689689690      -2.044650769200435E-002 -0.460601698695588     
  -1.88688688688689      -2.058051054565604E-002 -0.481106965093565     
  -1.87687687687688      -2.078399301489445E-002 -0.501780719633999     
  -1.86686686686687      -2.105848106664369E-002 -0.522692845631968     
  -1.85685685685686      -2.140656161453061E-002 -0.543915256181801     
  -1.84684684684685      -2.183197181954622E-002 -0.565522982706215     
  -1.83683683683684      -2.233973463190266E-002 -0.587595369406565     
  -1.82682682682683      -2.293634018871696E-002 -0.610217432780804     
  -1.81681681681682      -2.363003954085086E-002 -0.633481446619387     
  -1.80680680680681      -2.443121141741043E-002 -0.657488766159424     
  -1.79679679679680      -2.535275341825656E-002 -0.682351956018705     
  -1.78678678678679      -2.641039761212342E-002 -0.708198145030595     
  -1.77677677677678      -2.762473408539475E-002 -0.735172312333854     
  -1.76676676676677      -2.902144060757691E-002 -0.763441370358530     
  -1.75675675675676      -3.063327329856320E-002 -0.793200703158844     
  -1.74674674674675      -3.250273819026699E-002 -0.824682118497466     
  -1.73673673673674      -3.468596102108340E-002 -0.858164813665815     
  -1.72672672672673      -3.725865392013850E-002 -0.893990816270293     
  -1.71671671671672      -4.032579897167745E-002 -0.932587313491595     
  -1.70670670670671      -4.403839932830968E-002 -0.974500015942145     
  -1.69669669669670      -4.862560248241723E-002  -1.02044459126687     
  -1.68668668668669      -5.446800010933803E-002  -1.07138301598398     
  -1.67667667667668      -6.227003641249561E-002  -1.12854400520947     
  -1.66666666666667      -7.271654180802196E-002  -1.19342979279154     
  -1.65665665665666      -8.768555858506519E-002  -1.26916589402808     
  -1.64664664664665      -0.110135588110452       -1.35989294212214     
  -1.63663663663664      -0.150082959228684       -1.47397485924604     
  -1.62662662662663      -0.239767096846154       -1.61398005638608     
  -1.61661661661662      -0.413933036024636       -1.71484850007148     
  -1.60660660660661      -0.590314940236732       -1.72990331479454     
  -1.59659659659660      -0.734255114239139       -1.70860909585726     
  -1.58658658658659      -0.853897402608812       -1.67363578297397     
  -1.57657657657658      -0.956389494267748       -1.63235870623033     
  -1.56656656656657       -1.04615765202408       -1.58773777674470     
  -1.55655655655656       -1.12603258971022       -1.54118171080507     
  -1.54654654654655       -1.19792839198813       -1.49344314258402     
  -1.53653653653654       -1.26320371717375       -1.44495723701209     
  -1.52652652652653       -1.32286152407876       -1.39598965200961     
  -1.51651651651652       -1.37766581404130       -1.34670857897340     
  -1.50650650650651       -1.42821349019210       -1.29722285923804     
  -1.49649649649650       -1.47498061596139       -1.24760351515293     
  -1.48648648648649       -1.51835335214218       -1.19789656674740     
  -1.47647647647648       -1.55864933083710       -1.14813099065510     
  -1.46646646646647       -1.59613283812875       -1.09832383249366     
  -1.45645645645646       -1.63102585794304       -1.04848357602308     
  -1.44644644644645       -1.66351626885874      -0.998612398418755     
  -1.43643643643644       -1.69376402941585      -0.948707678613558     
  -1.42642642642643       -1.72190590224774      -0.898762969205210     
  -1.41641641641642       -1.74805907807665      -0.848768536026978     
  -1.40640640640641       -1.77232391763286      -0.798711475617644     
  -1.39639639639640       -1.79478588460665      -0.748575301351367     
  -1.38638638638639       -1.81551650266524      -0.698338670794077     
  -1.37637637637638       -1.83457254259510      -0.647972463762631     
  -1.36636636636637       -1.85199045735198      -0.597433428276823     
  -1.35635635635636       -1.86776409979876      -0.546654042689674     
  -1.34634634634635       -1.88179902063127      -0.495541255169681     
  -1.33633633633634       -1.89359829947372      -0.443914968249087     
  -1.32632632632633       -1.90141440366432      -0.393489870346849     
  -1.31631631631632       -1.91159038552402      -0.347737370817611     
  -1.30630630630631       -1.92299227839205      -0.297112699859963     
  -1.29629629629630       -1.93122388393056      -0.245265043387843     
  -1.28628628628629       -1.93740900408222      -0.193337914907365     
  -1.27627627627628       -1.94194890100700      -0.141322049646667     
  -1.26626626626627       -1.94496289549654      -8.915494388918102E-002
  -1.25625625625626       -1.94648604928310      -3.679061977948864E-002
  -1.24624624624625       -1.94652100401502       1.580444259940623E-002
  -1.23623623623624       -1.94505295874819       6.865609995422146E-002
  -1.22622622622623       -1.94205708060287       0.121779714512035     
  -1.21621621621622       -1.93751578350949       0.175196646194490     
  -1.20620620620621       -1.93138335305858       0.228933456716508     
  -1.19619619619620       -1.92361037170946       0.283010251503892     
  -1.18618618618619       -1.91413785031080       0.337439004312919     
  -1.17617617617618       -1.90290335030653       0.392233942739998     
  -1.16616616616617       -1.88983530881747       0.447409775875196     
  -1.15615615615616       -1.87485121738141       0.502981292235172     
  -1.14614614614615       -1.85785665684041       0.558962412392518     
  -1.13613613613614       -1.83874396693730       0.615365969700475     
  -1.12612612612613       -1.81739036761215       0.672203440546772     
  -1.11611611611612       -1.79365557671041       0.729484543181226     
  -1.10610610610611       -1.76737882683171       0.787216673117021     
  -1.09609609609610       -1.73837511217274       0.845404121920877     
  -1.08608608608609       -1.70643042101294       0.904046995269860     
  -1.07607607607608       -1.67129560536085       0.963139700633702     
  -1.06606606606607       -1.63267838424716        1.02266880308302     
  -1.05605605605606       -1.59023273833252        1.08260992915938     
  -1.04604604604605       -1.54354457477974        1.14292319565894     
  -1.03603603603604       -1.49211192212976        1.20354627852731     
  -1.02602602602603       -1.43531686765214        1.26438356430215     
  -1.01601601601602       -1.37238460981833        1.32528851035214     
  -1.00600600600601       -1.30232162561272        1.38603360801080     
 -0.995995995995996       -1.22381846993442        1.44625625553804     
 -0.985985985985986       -1.13508962829778        1.50535406881452     
 -0.975975975975976       -1.03359518970161        1.56226324949862     
 -0.965965965965966      -0.915530551459486        1.61493042370481     
 -0.955955955955956      -0.774876411583616        1.65883821917375     
 -0.945945945945946      -0.602175504175842        1.68197050327933     
 -0.935935935935936      -0.393309704756511        1.64671290816317     
 -0.925925925925926      -0.222448129489583        1.51047768459536     
 -0.915915915915916      -0.145265809002682        1.36493890667468     
 -0.905905905905906      -0.108151491662263        1.24996661411440     
 -0.895895895895896      -8.645196106892387E-002   1.15763037790978     
 -0.885885885885886      -7.230097533732144E-002   1.08076729646817     
 -0.875875875875876      -6.224297704128775E-002   1.01519465333010     
 -0.865865865865866      -5.459102398478384E-002  0.957836370635266     
 -0.855855855855856      -4.862212046188395E-002  0.906869542416886     
 -0.845845845845846      -4.386443848739022E-002  0.861015984580003     
 -0.835835835835836      -3.997847990338718E-002  0.819364500631516     
 -0.825825825825826      -3.674047869672251E-002  0.781202896541117     
 -0.815815815815816      -3.400204046484131E-002  0.745980892318165     
 -0.805805805805806      -3.165893189534379E-002  0.713265253688402     
 -0.795795795795796      -2.963524672983282E-002  0.682707922746956     
 -0.785785785785786      -2.787426435444403E-002  0.654024226454423     
 -0.775775775775776      -2.633274922623963E-002  0.626977605685456     
 -0.765765765765765      -2.497722589993894E-002  0.601368622783141     
 -0.755755755755755      -2.378146382216592E-002  0.577026852682866     
 -0.745745745745745      -2.272473667118037E-002  0.553804764119025     
 -0.735735735735735      -2.179059556580522E-002  0.531573000592171     
 -0.725725725725725      -2.096599423233402E-002  0.510216659404892     
 -0.715715715715715      -2.024066299123966E-002  0.489632287318141     
 -0.705705705705705      -1.960666493316549E-002  0.469725389310138     
 -0.695695695695695      -1.905809133830876E-002  0.450408297671570     
 -0.685685685685685      -1.859086959400492E-002  0.431598281176365     
 -0.675675675675675      -1.820266879863816E-002  0.413215793566514     
 -0.665665665665665      -1.789289802338422E-002  0.395182769972704     
 -0.655655655655655      -1.766280144203874E-002  0.377420880383002     
 -0.645645645645645      -1.751566472658692E-002  0.359849640694941     
 -0.635635635635635      -1.745715998344723E-002  0.342384262609172     
 -0.625625625625625      -1.749587450436755E-002  0.324933090149019     
 -0.615615615615615      -1.764409553353719E-002  0.307394416675643     
 -0.605605605605605      -1.791896548619201E-002  0.289652391250720     
 -0.595595595595595      -1.834419077730672E-002  0.271571588928497     
 -0.585585585585585      -1.895260299296607E-002  0.252989604700655     
 -0.575575575575575      -1.979007200590355E-002  0.233706680017473     
 -0.565565565565565      -2.092163224597697E-002  0.213470783490656     
 -0.555555555555555      -2.244136021766224E-002  0.191955554782085     
 -0.545545545545545      -2.448886575441318E-002  0.168726715470846     
 -0.535535535535535      -2.727798675830103E-002  0.143189209165269     
 -0.525525525525525      -3.114924047798068E-002  0.114500884912040     
 -0.515515515515515      -3.667159392673985E-002  8.142553200174039E-002
 -0.505505505505505      -4.485502434759649E-002  4.207082628625447E-002
 -0.495495495495495      -5.763534949801477E-002 -6.599869971633190E-003
 -0.485485485485485      -7.909857946101544E-002 -6.973623480087844E-002
 -0.475475475475475      -0.119223025612469      -0.156478154651780     
 -0.465465465465465      -0.207277812485552      -0.281789969716821     
 -0.455455455455455      -0.442411877134409      -0.437780406185458     
 -0.445445445445445      -0.921151013279006      -0.348319837261278     
 -0.435435435435435       -1.17741798268812       0.151244664914235     
 -0.425425425425425       -1.02559069498039       0.663475977647875     
 -0.415415415415415      -0.600240213839801       0.904842645282968     
 -0.405405405405405      -0.270115112973220       0.801272134184884     
 -0.395395395395395      -0.142964660842215       0.661573979607395     
 -0.385385385385385      -8.960221744242314E-002  0.563906526256509     
 -0.375375375375375      -6.253702138904108E-002  0.494946849511047     
 -0.365365365365365      -4.690036421432632E-002  0.443530082774970     
 -0.355355355355355      -3.702342618284014E-002  0.403310205562855     
 -0.345345345345345      -3.036939644162387E-002  0.370618476360296     
 -0.335335335335335      -2.566282844697182E-002  0.343221038414888     
 -0.325325325325325      -2.220427203979581E-002  0.319687994396458     
 -0.315315315315315      -1.958355403519226E-002  0.299063704101966     
 -0.305305305305305      -1.754696880510838E-002  0.280685703086518     
 -0.295295295295295      -1.593062570374931E-002  0.264080267697619     
 -0.285285285285285      -1.462476392806697E-002  0.248899492101821     
 -0.275275275275275      -1.355360171131661E-002  0.234881898070817     
 -0.265265265265265      -1.266343778246084E-002  0.221826939536721     
 -0.255255255255255      -1.191535355269548E-002  0.209578011000666     
 -0.245245245245245      -1.128058839221312E-002  0.198010827471249     
 -0.235235235235235      -1.073752460474934E-002  0.187025293154807     
 -0.225225225225225      -1.026967270389269E-002  0.176539692372608     
 -0.215215215215215      -9.864296001867371E-003  0.166486459943283     
 -0.205205205205205      -9.511454433287218E-003  0.156809046119621     
 -0.195195195195195      -9.203330133397721E-003  0.147459551953918     
 -0.185185185185185      -8.933747246956530E-003  0.138396913279563     
 -0.175175175175175      -8.697829689515510E-003  0.129585477523201     
 -0.165165165165165      -8.491761002781243E-003  0.120993860261972     
 -0.155155155155155      -8.312624793327601E-003  0.112593995344650     
 -0.145145145145145      -8.158315766107972E-003  0.104360307573742     
 -0.135135135135135      -8.027522921103760E-003  9.626894186319422E-002
 -0.125125125125125      -7.919801732461765E-003  8.829697626715000E-002
 -0.115115115115115      -7.835777574711806E-003  8.042152333397506E-002
 -0.105105105105105      -7.777572342667785E-003  7.261857281228086E-002
 -9.509509509509506E-002 -7.749654234283965E-003  6.486132169733191E-002
 -8.508508508508505E-002 -7.760568140755090E-003  5.711751344144506E-002
 -7.507507507507505E-002 -7.826680189462960E-003  4.934482454440557E-002
 -6.506506506506504E-002 -7.981059185724764E-003  4.148227424747913E-002
 -5.505505505505504E-002 -8.297304980646120E-003  3.343350360109276E-002
 -4.504504504504503E-002 -8.964275468067577E-003  2.503589105033364E-002
 -3.503503503503502E-002 -1.057525325346484E-002  1.605352265443015E-002
 -2.502502502502502E-002 -1.522147711597824E-002  7.110054550766231E-003
 -1.501501501501501E-002 -2.132448096054042E-002  5.705766476231642E-003
 -5.005005005005003E-003 -1.980322588833029E-002  2.307797579603151E-003
  5.005005005005003E-003 -1.983528207474445E-002 -1.966212457649728E-003
  1.501501501501501E-002 -2.152181226383770E-002 -5.235566587278455E-003
  2.502502502502502E-002 -1.528375164987806E-002 -6.545522854033837E-003
  3.503503503503502E-002 -1.059929008941777E-002 -1.551200325153290E-002
  4.504504504504503E-002 -8.977024018483180E-003 -2.450763486307473E-002
  5.505505505505504E-002 -8.305770442317737E-003 -3.291406599529237E-002
  6.506506506506504E-002 -7.987934076412963E-003 -4.096974911981904E-002
  7.507507507507505E-002 -7.833254519081612E-003 -4.883862460687527E-002
  8.508508508508505E-002 -7.767612758244414E-003 -5.661785836257323E-002
  9.509509509509506E-002 -7.757746754259410E-003 -6.436901776314338E-002
  0.105105105105105      -7.787237412755678E-003 -7.213493661318243E-002
  0.115115115115115      -7.847559702006571E-003 -7.994838269887704E-002
  0.125125125125125      -7.934312763917484E-003 -8.783672021109722E-002
  0.135135135135135      -8.045481535067792E-003 -9.582460906736372E-002
  0.145145145145145      -8.180587559245882E-003 -0.103935711921940     
  0.155155155155155      -8.340268453889797E-003 -0.112193892574951     
  0.165165165165165      -8.526085322030561E-003 -0.120624164226771     
  0.175175175175175      -8.740466665187598E-003 -0.129253539128190     
  0.185185185185185      -8.986747975646487E-003 -0.138111880758620     
  0.195195195195195      -9.269292654670490E-003 -0.147232838587084     
  0.205205205205205      -9.593696537025003E-003 -0.156654941900091     
  0.215215215215215      -9.967091923936425E-003 -0.166422938610029     
  0.225225225225225      -1.039858178061632E-002 -0.176589487039208     
  0.235235235235235      -1.089985431180862E-002 -0.187217346260366     
  0.245245245245245      -1.148605715892965E-002 -0.198382270074955     
  0.255255255255255      -1.217705629799652E-002 -0.210176902679682     
  0.265265265265265      -1.299928006764191E-002 -0.222716120544755     
  0.275275275275275      -1.398847687162898E-002 -0.236144499962888     
  0.285285285285285      -1.519394032903023E-002 -0.250646975463757     
  0.295295295295295      -1.668516612247234E-002 -0.266464405236117     
  0.305305305305305      -1.856268367141982E-002 -0.283916892992809     
  0.315315315315315      -2.097635333810599E-002 -0.303439759105084     
  0.325325325325325      -2.415766343508962E-002 -0.325640885059304     
  0.335335335335335      -2.847979960201449E-002 -0.351395654920602     
  0.345345345345345      -3.457666755403945E-002 -0.382011088448256     
  0.355355355355355      -4.359790008221152E-002 -0.419523684236815     
  0.365365365365365      -5.781198273651054E-002 -0.467267741656757     
  0.375375375375375      -8.222775448340475E-002 -0.530997134095815     
  0.385385385385385      -0.129747111397378      -0.620907116838584     
  0.395395395395395      -0.240837930766625      -0.750893350122510     
  0.405405405405405      -0.537579014336028      -0.868277439644938     
  0.415415415415415      -0.972365376693250      -0.658576834699246     
  0.425425425425425       -1.13102682803341      -0.139258606183297     
  0.435435435435435      -0.847221723620205       0.348359642449726     
  0.445445445445445      -0.389371858632726       0.392134890120454     
  0.455455455455455      -0.185648205198095       0.240983731664521     
  0.465465465465465      -0.108452562794033       0.125927461287800     
  0.475475475475475      -7.267731302900389E-002  4.617763012870695E-002
  0.485485485485485      -5.334509091191696E-002 -1.219599277762262E-002
  0.495495495495495      -4.176693412702263E-002 -5.744759963399446E-002
  0.505505505505505      -3.432702998884588E-002 -9.422431593428698E-002
  0.515515515515515      -2.929625544737493E-002 -0.125279359149088     
  0.525525525525525      -2.576653565854705E-002 -0.152333350941034     
  0.535535535535535      -2.322372531603288E-002 -0.176513449986452     
  0.545545545545545      -2.135899186041182E-002 -0.198589353770179     
  0.555555555555555      -1.997786819549291E-002 -0.219106062066184     
  0.565565565565565      -1.895313222779404E-002 -0.238462082961461     
  0.575575575575575      -1.819892433396626E-002 -0.256957446120986     
  0.585585585585585      -1.765582506672868E-002 -0.274824276528298     
  0.595595595595595      -1.728189461304776E-002 -0.292246906427431     
  0.605605605605605      -1.704710373204976E-002 -0.309375500474314     
  0.615615615615615      -1.692977046388785E-002 -0.326335542197471     
  0.625625625625625      -1.691422456798691E-002 -0.343234614970156     
  0.635635635635635      -1.698924728051751E-002 -0.360167378880532     
  0.645645645645645      -1.714701532727464E-002 -0.377219326625008     
  0.655655655655655      -1.738238268947387E-002 -0.394469706279090     
  0.665665665665665      -1.769239589771899E-002 -0.411993876561513     
  0.675675675675675      -1.807597694273388E-002 -0.429865282657316     
  0.685685685685685      -1.853373232172026E-002 -0.448157191350480     
  0.695695695695695      -1.906786304099374E-002 -0.466944293443470     
  0.705705705705705      -1.968216200022565E-002 -0.486304263503981     
  0.715715715715715      -2.038209427139975E-002 -0.506319358646702     
  0.725725725725725      -2.117496389577785E-002 -0.527078137760415     
  0.735735735735735      -2.207017924118833E-002 -0.548677390033864     
  0.745745745745745      -2.307963902691857E-002 -0.571224377711586     
  0.755755755755755      -2.421827454203790E-002 -0.594839524987532     
  0.765765765765765      -2.550480287980019E-002 -0.619659726964757     
  0.775775775775776      -2.696277527465343E-002 -0.645842516707352     
  0.785785785785786      -2.862205089750693E-002 -0.673571426375303     
  0.795795795795796      -3.052090249024032E-002 -0.703063030274244     
  0.805805805805806      -3.270909039397529E-002 -0.734576398183838     
  0.815815815815816      -3.525247583265051E-002 -0.768426079042030     
  0.825825825825826      -3.824019579831883E-002 -0.805000393413363     
  0.835835835835836      -4.179638836588225E-002 -0.844787947541709     
  0.845845845845846      -4.610092003494952E-002 -0.888417111844083     
  0.855855855855856      -5.143097692495309E-002 -0.936712998526568     
  0.865865865865866      -5.822112199652605E-002 -0.990749578477383     
  0.875875875875876      -6.712283488963847E-002  -1.05204724522740     
  0.885885885885886      -7.911474328552856E-002  -1.12276064564609     
  0.895895895895896      -9.652082297212297E-002  -1.20671620562864     
  0.905905905905906      -0.124346426688223       -1.30965146573745     
  0.915915915915916      -0.177201937178771       -1.44051501750478     
  0.925925925925926      -0.298999224777359       -1.59395438068141     
  0.935935935935936      -0.505852622233842       -1.67837547698639     
  0.945945945945946      -0.696288026445797       -1.67528976197199     
  0.955955955955956      -0.850127804726483       -1.63906479616888     
  0.965965965965966      -0.977543253562233       -1.59004217068172     
  0.975975975975976       -1.08602467028357       -1.53513636358666     
  0.985985985985986       -1.18023341961813       -1.47724777730225     
  0.995995995995996       -1.26320008382865       -1.41779999087643     
   1.00600600600601       -1.33700641880569       -1.35757031247846     
   1.01601601601602       -1.40315082369822       -1.29701538139161     
   1.02602602602603       -1.46275324080631       -1.23641731565308     
   1.03603603603604       -1.51667652603787       -1.17595636748470     
   1.04604604604605       -1.56560203928794       -1.11575001611655     
   1.05605605605606       -1.61007880462877       -1.05587536371087     
   1.06606606606607       -1.65055668402089      -0.996382633618527     
   1.07607607607608       -1.68740948051313      -0.937303652227857     
   1.08608608608609       -1.72095146975886      -0.878657366529343     
   1.09609609609610       -1.75144950913309      -0.820453538934023     
   1.10610610610611       -1.77913208942902      -0.762695282304973     
   1.11611611611612       -1.80419622174293      -0.705380834644909     
   1.12612612612613       -1.82681275843124      -0.648504821738723     
   1.13613613613614       -1.84713055896763      -0.592059166055522     
   1.14614614614615       -1.86527978756200      -0.536033744524693     
   1.15615615615616       -1.88137454434688      -0.480416861495291     
   1.16616616616617       -1.89551496696689      -0.425195577360485     
   1.17617617617618       -1.90778886433835      -0.370355918028704     
   1.18618618618619       -1.91827277332550      -0.315883113564577     
   1.19619619619620       -1.92703305538644      -0.261762794007067     
   1.20620620620621       -1.93412767786722      -0.207981133475335     
   1.21621621621622       -1.93961279544303      -0.154524438578578     
   1.22622622622623       -1.94353342967988      -0.101371561838103     
   1.23623623623624       -1.94592576033643      -4.849162937570053E-002
   1.24624624624625       -1.94680377277895       4.133475340334383E-003
   1.25625625625626       -1.94618482989543       5.652663967868733E-002
   1.26626626626627       -1.94406637339407       0.108723533389565     
   1.27627627627628       -1.94040541259616       0.160774641138599     
   1.28628628628629       -1.93504637741327       0.212745128919600     
   1.29629629629630       -1.92743828351800       0.264558984311367     
   1.30630630630631       -1.91667031367818       0.314037141155383     
   1.31631631631632       -1.90961725742645       0.360487600984384     
   1.32632632632633       -1.90173357379592       0.411806037256906     
   1.33633633633634       -1.89053320105358       0.463237292671484     
   1.34634634634635       -1.87739924434194       0.514201624966272     
   1.35635635635636       -1.86261763103582       0.564874457303725     
   1.36636636636637       -1.84624565475933       0.615328367837582     
   1.37637637637638       -1.82828024596741       0.665618393944733     
   1.38638638638639       -1.80868641840861       0.715781202121007     
   1.39639639639640       -1.78741250810904       0.765842669877672     
   1.40640640640641       -1.76439398000541       0.815822599274815     
   1.41641641641642       -1.73955385401907       0.865736908796251     
   1.42642642642643       -1.71280180591883       0.915598601479176     
   1.43643643643644       -1.68403249393610       0.965418080130801     
   1.44644644644645       -1.65312322623438        1.01520304991652     
   1.45645645645646       -1.61993090764116        1.06495809102877     
   1.46646646646647       -1.58428809486512        1.11468389537718     
   1.47647647647648       -1.54599788215269        1.16437609273229     
   1.48648648648649       -1.50482719948985        1.21402351592782     
   1.49649649649650       -1.46049789907780        1.26360564674598     
   1.50650650650651       -1.41267468284965        1.31308880860923     
   1.51651651651652       -1.36094839789153        1.36242036518531     
   1.52652652652653       -1.30481233825122        1.41151961641914     
   1.53653653653654       -1.24362763141925        1.46026297584260     
   1.54654654654655       -1.17657092741193        1.50845871708584     
   1.55655655655656       -1.10255210946020        1.55580146901914     
   1.56656656656657       -1.02007862709452        1.60178425492455     
   1.57657657657658      -0.927019520691085        1.64551249235853     
   1.58658658658659      -0.820172008131007        1.68526154808418     
   1.59659659659660      -0.694449540787278        1.71724452765096     
   1.60660660660661      -0.541784151414443        1.73140915322385     
   1.61661661661662      -0.358000142632327        1.69603504256478     
   1.62662662662663      -0.205508237220554        1.57255895059039     
   1.63663663663664      -0.135833971118603        1.43895553375137     
   1.64664664664665      -0.101926350577941        1.33303023671384     
   1.65665665665666      -8.205014482786130E-002   1.24658616863449     
   1.66666666666667      -6.920566844824834E-002   1.17415577154727     
   1.67667667667668      -5.983660920527240E-002   1.11213380832054     
   1.68668668668669      -5.259877036154345E-002   1.05706607635224     
   1.69669669669670      -4.714355434478947E-002   1.00774936045023     
   1.70670670670671      -4.283313094139604E-002  0.963112714076956     
   1.71671671671672      -3.932499741494164E-002  0.922279453486514     
   1.72672672672673      -3.641339470879740E-002  0.884589902767218     
   1.73673673673674      -3.396196484142945E-002  0.849537205595104     
   1.74674674674675      -3.187522719553258E-002  0.816722068535860     
   1.75675675675676      -3.008385386989748E-002  0.785823044681371     
   1.76676676676677      -2.853614455883690E-002  0.756576481492578     
   1.77677677677678      -2.719272462330309E-002  0.728762549993957     
   1.78678678678679      -2.602315840081323E-002  0.702195210129131     
   1.79679679679680      -2.500349504896941E-002  0.676715122891328     
   1.80680680680681      -2.411433466206269E-002  0.652183279880213     
   1.81681681681682      -2.334101963754112E-002  0.628477487724704     
   1.82682682682683      -2.267140084086157E-002  0.605489287850674     
   1.83683683683684      -2.209570638663435E-002  0.583120736317080     
   1.84684684684685      -2.160617120291048E-002  0.561282462145519     
   1.85685685685686      -2.119667213651998E-002  0.539891913958899     
   1.86686686686687      -2.086250284639675E-002  0.518871865574898     
   1.87687687687688      -2.060017762616370E-002  0.498149143202578     
   1.88688688688689      -2.040731117141900E-002  0.477653466148968     
   1.89689689689690      -2.028253963963173E-002  0.457316403811769     
   1.90690690690691      -2.022547635545461E-002  0.437070386046813     
   1.91691691691692      -2.023671157338687E-002  0.416847707430045     
   1.92692692692693      -2.031798379491614E-002  0.396579697306927     
   1.93693693693694      -2.047168936979451E-002  0.376195538185981     
   1.94694694694695      -2.070185736619547E-002  0.355621031397833     
   1.95695695695696      -2.101372628448083E-002  0.334777724872579     
   1.96696696696697      -2.141417185560403E-002  0.313581186842510     
   1.97697697697698      -2.191222910352296E-002  0.291939352106260     
   1.98698698698699      -2.252019489103800E-002  0.269750913184419     
   1.99699699699700      -2.325171634537865E-002  0.246906443386961     
   2.00700700700701      -2.411793729961816E-002  0.223269881845400     
   2.01701701701702      -2.515336808062385E-002  0.198687898771404     
   2.02702702702703      -2.639423730381919E-002  0.172986093686683     
   2.03703703703704      -2.789373816613543E-002  0.145945992141471     
   2.04704704704705      -2.975872452826083E-002  0.117285760598081     
   2.05705705705706      -3.223895671082980E-002  8.664481712156569E-002
   2.06706706706707      -3.612046618067791E-002  5.371476508421270E-002
   2.07707707707708      -4.284635605406736E-002  2.073390146223039E-002
   2.08708708708709      -4.478197921776316E-002 -1.186848115372780E-002
   2.09709709709710      -4.750344212376772E-002 -5.208222727758909E-002
   2.10710710710711      -5.041542482089161E-002 -9.610404295326022E-002
   2.11711711711712      -5.516799678672100E-002 -0.147242527187227     
   2.12712712712713      -6.253027403263187E-002 -0.205051762242133     
   2.13713713713714      -7.269630325429492E-002 -0.271366932473478     
   2.14714714714715      -8.682778114186065E-002 -0.349134910571240     
   2.15715715715716      -0.107328701854376      -0.442788553650407     
   2.16716716716717      -0.139253443646995      -0.559412405019119     
   2.17717717717718      -0.194849865417922      -0.710810215978056     
   2.18718718718719      -0.310466793289075      -0.913354100327559     
   2.19719719719720      -0.588920898928871       -1.12992115066740     
   2.20720720720721      -0.998925082076034       -1.14158607468169     
   2.21721721721722       -1.31229508381127      -0.983319952069429     
   2.22722722722723       -1.51989983857379      -0.781488628082183     
   2.23723723723724       -1.65611153657907      -0.576638395130164     
   2.24724724724725       -1.74382413779251      -0.380586422446922     
   2.25725725725726       -1.79723201627944      -0.196675198741609     
   2.26726726726727       -1.82546414289083      -2.537049591350111E-002
   2.27727727727728       -1.83462696055752       0.133903018237414     
   2.28728728728729       -1.82893433853496       0.282074910713494     
   2.29729729729730       -1.81136069059539       0.420151927371451     
   2.30730730730731       -1.78403579721363       0.549103694847650     
   2.31731731731732       -1.74849284439945       0.669817643128696     
   2.32732732732733       -1.70582799485913       0.783084424797262     
   2.33733733733734       -1.65680430445548       0.889595611577180     
   2.34734734734735       -1.60191968455851       0.989946343950159     
   2.35735735735736       -1.54145133815442        1.08463447282313     
   2.36736736736737       -1.47547885904712        1.17408741091257     
   2.37737737737738       -1.40382886005096        1.25864027760396     
   2.38738738738739       -1.32605390014560        1.33844864537151     
   2.39739739739740       -1.24136179864965        1.41329427945135     
   2.40740740740741       -1.14952208881851        1.48191838620379     
   2.41741741741742       -1.05058064871154        1.54569691389901     
   2.42742742742743      -0.943133052897041        1.60367471815134     
   2.43743743743744      -0.820410175529695        1.65785607263729     
   2.44744744744745      -0.676099054919226        1.69882310973621     
   2.45745745745746      -0.503603070088382        1.71335646868573     
   2.46746746746747      -0.308324553453149        1.66085026669635     
   2.47747747747748      -0.174575576700730        1.52869925698051     
   2.48748748748749      -0.116323448259332        1.40719660250679     
   2.49749749749750      -8.697400023652041E-002   1.31316163023390     
   2.50750750750751      -6.932148689255505E-002   1.23833852734021     
   2.51751751751752      -5.747488803363416E-002   1.17668951312128     
   2.52752752752753      -4.894543122238552E-002   1.12451423440132     
   2.53753753753754      -4.250051669382680E-002   1.07945453349535     
   2.54754754754755      -3.745530977948582E-002   1.03992713042132     
   2.55755755755756      -3.339900215520616E-002   1.00481712528927     
   2.56756756756757      -3.006915536106690E-002  0.973313765582477     
   2.57757757757758      -2.728868337541194E-002  0.944807157660041     
   2.58758758758759      -2.493406713500479E-002  0.918827115370755     
   2.59759759759760      -2.291636959587129E-002  0.895003637314075     
   2.60760760760761      -2.116984480338189E-002  0.873040392467473     
   2.61761761761762      -1.964480370782036E-002  0.852696435391430     
   2.62762762762763      -1.830297932632297E-002  0.833773265723580     
   2.63763763763764      -1.711442040020584E-002  0.816105454512539     
   2.64764764764765      -1.605535599525883E-002  0.799553715317134     
   2.65765765765766      -1.510669080514467E-002  0.783999687466970     
   2.66766766766767      -1.425292788792580E-002  0.769341940937020     
   2.67767767767768      -1.348138483477405E-002  0.755492869673612     
   2.68768768768769      -1.278161832012915E-002  0.742376236516666     
   2.69769769769770      -1.214500233263366E-002  0.729925199118583     
   2.70770770770771      -1.156442680630764E-002  0.718080687859633     
   2.71771771771772      -1.103410230962785E-002  0.706790030978146     
   2.72772772772773      -1.054948121245358E-002  0.696005730177812     
   2.73773773773774      -1.010735902116736E-002  0.685684279806692     
   2.74774774774775      -9.706384719935384E-003  0.675784922923082     
   2.75775775775776      -9.348415283367117E-003  0.666268626225078     
   2.76776776776777      -9.042181166981075E-003  0.657096122989507     
   2.77777777777778      -8.813414484894162E-003  0.648246539775026     
   2.78778778778779      -8.650527309083195E-003  0.639709675922131     
   2.79779779779780      -8.517153036993215E-003  0.631438519256825     
   2.80780780780781      -8.492402390831851E-003  0.623184990074207     
   2.81781781781782      -9.020285905888509E-003  0.614857679657945     
   2.82782782782783      -1.122592774045133E-002  0.606745099444296     
   2.83783783783784      -1.537013632917112E-002  0.603718514229957     
   2.84784784784785      -1.117165771423218E-002  0.601475044469720     
   2.85785785785786      -8.340066375348013E-003  0.594286712881330     
   2.86786786786787      -7.169720775149879E-003  0.587149730705631     
   2.87787787787788      -6.577862960969051E-003  0.580438247110056     
   2.88788788788789      -6.208500171043926E-003  0.574099834088124     
   2.89789789789790      -5.934936373682437E-003  0.568051031364002     
   2.90790790790791      -5.711437429245464E-003  0.562238144848408     
   2.91791791791792      -5.518242798594875E-003  0.556627958947113     
   2.92792792792793      -5.345519760672458E-003  0.551197914220713     
   2.93793793793794      -5.187961256725471E-003  0.545931522311205     
   2.94794794794795      -5.042663806062025E-003  0.540815929692162     
   2.95795795795796      -4.908786246126787E-003  0.535840889366459     
   2.96796796796797      -4.786837173134565E-003  0.531002539670309     
   2.97797797797798      -4.661916692150515E-003  0.526293391194355     
   2.98798798798799      -4.543048827157352E-003  0.521693210357137     
   2.99799799799800      -4.433253891174774E-003  0.517203848092883     
   3.00800800800801      -4.330256301553385E-003  0.512820403040713     
   3.01801801801802      -4.233664798861506E-003  0.508536933719068     
   3.02802802802803      -4.144317914874686E-003  0.504347276820310     
   3.03803803803804      -4.065480709996075E-003  0.500244540699042     
   3.04804804804805      -4.008585622603232E-003  0.496222284695017     
   3.05805805805806      -3.997489438712781E-003  0.492300749272387     
   3.06806806806807      -4.013463078539025E-003  0.488495779484566     
   3.07807807807808      -4.033967159263606E-003  0.484960444991676     
   3.08808808808809      -3.773988499020993E-003  0.481388848102074     
   3.09809809809810      -3.620344920824900E-003  0.477749938993656     
   3.10810810810811      -3.523728689295113E-003  0.474188799366142     
   3.11811811811812      -3.446527414617223E-003  0.470705651413489     
   3.12812812812813      -3.378626282835282E-003  0.467292736583518     
   3.13813813813814      -3.316969719908951E-003  0.463943966702419     
   3.14814814814815      -3.260832055197713E-003  0.460654133260961     
   3.15815815815816      -3.210787536723886E-003  0.457417966910066     
   3.16816816816817      -3.168937449574733E-003  0.454229197433453     
   3.17817817817818      -3.140494831492976E-003  0.451079211690189     
   3.18818818818819      -3.138952831300504E-003  0.447955576735866     
   3.19819819819820      -3.194986281027128E-003  0.444842582290128     
   3.20820820820821      -3.421012950160554E-003  0.441709961840972     
   3.21821821821822      -4.203558727577685E-003  0.438871530416411     
   3.22822822822823      -4.309555416066074E-003  0.437450261008399     
   3.23823823823824      -3.348051261621246E-003  0.434848281241395     
   3.24824824824825      -2.979603868985347E-003  0.431893039179665     
   3.25825825825826      -2.821443036554851E-003  0.429041014184628     
   3.26826826826827      -2.731431200328313E-003  0.426280305619454     
   3.27827827827828      -2.671962712933592E-003  0.423586468090412     
   3.28828828828829      -2.636990403294885E-003  0.420944752957324     
   3.29829829829830      -2.635805171208951E-003  0.418365863008452     
   3.30830830830831      -2.631005120023345E-003  0.415853735435813     
   3.31831831831832      -2.661935890619438E-003  0.413444423700318     
   3.32832832832833      -2.532880457746836E-003  0.411078508325397     
   3.33833833833834      -2.441639558120308E-003  0.408637768290324     
   3.34834834834835      -2.391133854266172E-003  0.406229642522752     
   3.35835835835836      -2.354433626623014E-003  0.403858499376368     
   3.36836836836837      -2.324378667929406E-003  0.401519065849023     
   3.37837837837838      -2.299087694988727E-003  0.399206893518318     
   3.38838838838839      -2.278263277206497E-003  0.396917869288237     
   3.39839839839840      -2.262470286850984E-003  0.394647564416223     
   3.40840840840841      -2.253058424419468E-003  0.392390640022269     
   3.41841841841842      -2.252468897519105E-003  0.390140075164857     
   3.42842842842843      -2.265019312745685E-003  0.387885957825019     
   3.43843843843844      -2.298654910884053E-003  0.385613359524729     
   3.44844844844845      -2.369077476473230E-003  0.383298310948504     
   3.45845845845846      -2.510598459660747E-003  0.380899783764613     
   3.46846846846847      -2.809228687053640E-003  0.378343972578532     
   3.47847847847848      -3.524118117939048E-003  0.375507510165216     
   3.48848848848849      -5.582757092008390E-003  0.372449549379367     
   3.49849849849850      -1.044592169249285E-002  0.372252736867883     
   3.50850850850851      -9.319552449691466E-003  0.377722892196469     
   3.51851851851852      -4.734930548125804E-003  0.376104516730633     
   3.52852852852853      -3.150626057235728E-003  0.373105854428616     
   3.53853853853854      -2.544762174967848E-003  0.370493775112165     
   3.54854854854855      -2.254799482939464E-003  0.368174573454970     
   3.55855855855856      -2.090959642082926E-003  0.366035343111637     
   3.56856856856857      -1.986553551359408E-003  0.364012497488122     
   3.57857857857858      -1.913840669419207E-003  0.362070399183789     
   3.58858858858859      -1.859753242000676E-003  0.360187868928714     
   3.59859859859860      -1.817556456541579E-003  0.358351455885262     
   3.60860860860861      -1.783563754907484E-003  0.356552021502010     
   3.61861861861862      -1.755704665307237E-003  0.354782900780243     
   3.62862862862863      -1.732859257290779E-003  0.353038835044135     
   3.63863863863864      -1.714553771216254E-003  0.351315290733539     
   3.64864864864865      -1.700827091931267E-003  0.349607999004211     
   3.65865865865866      -1.692115267222499E-003  0.347912332835213     
   3.66866866866867      -1.689822369826566E-003  0.346222805403184     
   3.67867867867868      -1.696389207772908E-003  0.344532505062506     
   3.68868868868869      -1.716296456874661E-003  0.342831644985862     
   3.69869869869870      -1.758131691376540E-003  0.341105191531051     
   3.70870870870871      -1.840578184555654E-003  0.339328548535066     
   3.71871871871872      -2.009181306196094E-003  0.337460425477720     
   3.72872872872873      -2.393043853161266E-003  0.335450656305035     
   3.73873873873874      -3.223658810655492E-003  0.333342440484336     
   3.74874874874875      -5.287266958608219E-003  0.331229399764457     
   3.75875875875876      -8.796545370457079E-003  0.332540402963376     
   3.76876876876877      -6.760195736565318E-003  0.335997818639744     
   3.77877877877878      -3.515384643647320E-003  0.334478348003631     
   3.78878878878879      -2.376325066793543E-003  0.332185679879551     
   3.79879879879880      -1.929641020928435E-003  0.330200515949483     
   3.80880880880881      -1.711756686353237E-003  0.328438625147990     
   3.81881881881882      -1.587008149934987E-003  0.326814227312945     
   3.82882882882883      -1.506730495164014E-003  0.325279288679024     
   3.83883883883884      -1.450294906446572E-003  0.323806848871549     
   3.84884884884885      -1.407801131173998E-003  0.322380942073890     
   3.85885885885886      -1.374029897726823E-003  0.320991575093207     
   3.86886886886887      -1.346020945136660E-003  0.319632176277250     
   3.87887887887888      -1.321994258041353E-003  0.318298234304942     
   3.88888888888889      -1.300827280623036E-003  0.316986534088029     
   3.89889889889890      -1.281783788407656E-003  0.315694707464185     
   3.90890890890891      -1.264365712517328E-003  0.314420957776978     
   3.91891891891892      -1.248230593421352E-003  0.313163885147646     
   3.92892892892893      -1.233148150675202E-003  0.311922382578680     
   3.93893893893894      -1.218928659715573E-003  0.310695558094339     
   3.94894894894895      -1.205550331084014E-003  0.309482673318954     
   3.95895895895896      -1.192790904385807E-003  0.308283338045678     
   3.96896896896897      -1.180280006054808E-003  0.307097086390230     
   3.97897897897898      -1.167777798639422E-003  0.305922669735069     
   3.98898898898899      -1.155933982110209E-003  0.304759915021688     
   3.99899899899900      -1.144548373566546E-003  0.303608687845258     
   4.00900900900901      -1.133515433044561E-003  0.302468651471907     
   4.01901901901902      -1.122787532009669E-003  0.301339491089105     
   4.02902902902903      -1.112335207010875E-003  0.300220921061313     
   4.03903903903904      -1.102137089625410E-003  0.299112678805603     
   4.04904904904905      -1.092176760266111E-003  0.298014519845770     
   4.05905905905906      -1.082441596045951E-003  0.296926213964331     
   4.06906906906907      -1.072922499051627E-003  0.295847541856153     
   4.07907907907908      -1.063614416213526E-003  0.294778291772826     
   4.08908908908909      -1.054518383797390E-003  0.293718255611678     
   4.09909909909910      -1.045648432553899E-003  0.292667224517769     
   4.10910910910911      -1.037055734355492E-003  0.291624999258539     
   4.11911911911912      -1.028745074855257E-003  0.290591506275969     
   4.12912912912913      -1.020534806740812E-003  0.289566272505590     
   4.13913913913914      -1.012893951120526E-003  0.288548877678388     
   4.14914914914915      -1.006277063386133E-003  0.287538952338785     
   4.15915915915916      -1.002216290876103E-003  0.286535923794748     
   4.16916916916917      -1.005564419708611E-003  0.285542309198771     
   4.17917917917918      -1.011353145230785E-003  0.284571733924686     
   4.18918918918919      -9.993184975316564E-004  0.283616356885845     
   4.19919919919920      -9.770231021789108E-004  0.282652028535633     
   4.20920920920921      -9.634643980934528E-004  0.281689553252821     
   4.21921921921922      -9.527441656877866E-004  0.280734158664807     
   4.22922922922923      -9.436952867549094E-004  0.279786653498261     
   4.23923923923924      -9.356580485244517E-004  0.278846526549484     
   4.24924924924925      -9.282541622396179E-004  0.277913834822039     
   4.25925925925926      -9.212082428775000E-004  0.276988303867875     
   4.26926926926927      -9.144302676819363E-004  0.276069670626109     
   4.27927927927928      -9.078972333765636E-004  0.275157698042932     
   4.28928928928929      -9.016224845917421E-004  0.274252148242053     
   4.29929929929930      -8.956544561901426E-004  0.273352755782138     
   4.30930930930931      -8.900946159589275E-004  0.272459193138374     
   4.31931931931932      -8.851470662446084E-004  0.271571013533089     
   4.32932932932933      -8.812483667020281E-004  0.270687542666997     
   4.33933933933934      -8.794467196918963E-004  0.269807664230913     
   4.34934934934935      -8.827152476957934E-004  0.268929476028074     
   4.35935935935936      -9.014168511043367E-004  0.268051295463817     
   4.36936936936937      -9.682111964398987E-004  0.267200037840258     
   4.37937937937938      -9.769548223718593E-004  0.266472499293459     
   4.38938938938939      -8.951649539425404E-004  0.265643866121421     
   4.39939939939940      -8.666750062892861E-004  0.264789883165617     
   4.40940940940941      -8.524319862007316E-004  0.263944684857384     
   4.41941941941942      -8.540809954232230E-004  0.263108738187648     
   4.42942942942943      -8.541101211657846E-004  0.262298190154490     
   4.43943943943944      -8.390545456637466E-004  0.261489626928645     
   4.44944944944945      -8.230533332125363E-004  0.260676692848508     
   4.45945945945946      -8.122855881155361E-004  0.259863042277577     
   4.46946946946947      -8.058117745856222E-004  0.259054408221711     
   4.47947947947948      -8.011294673850392E-004  0.258250700970080     
   4.48948948948949      -7.975704541006581E-004  0.257450986110194     
   4.49949949949950      -7.950533801418089E-004  0.256654339729742     
   4.50950950950951      -7.937701404520849E-004  0.255859726535375     
   4.51951951951952      -7.941749788245353E-004  0.255065816730198     
   4.52952952952953      -7.971355696281068E-004  0.254270726178564     
   4.53953953953954      -8.043417930828505E-004  0.253471569506445     
   4.54954954954955      -8.193881566782001E-004  0.252663609173644     
   4.55955955955956      -8.510539538216628E-004  0.251838635305435     
   4.56956956956957      -9.253387297118589E-004  0.250983331998058     
   4.57957957957958      -1.135269554599836E-003  0.250104256265637     
   4.58958958958959      -1.573967560112870E-003  0.249555131774659     
   4.59959959959960      -1.382025304312370E-003  0.249138673678073     
   4.60960960960961      -1.462042058631657E-003  0.248213293676417     
   4.61961961961962      -1.957776523975439E-003  0.247747045509703     
   4.62962962962963      -1.842561280128445E-003  0.247790586267216     
   4.63963963963964      -1.243274321345348E-003  0.247184163361291     
   4.64964964964965      -1.033286669085684E-003  0.246339910761163     
   4.65965965965966      -9.025511120921498E-004  0.245565033521421     
   4.66966966966967      -8.105789550298476E-004  0.244771659983447     
   4.67967967967968      -7.678243965799571E-004  0.243996694313275     
   4.68968968968969      -7.444482444199155E-004  0.243245135457333     
   4.69969969969970      -7.295533792005824E-004  0.242509946549568     
   4.70970970970971      -7.191813906622586E-004  0.241786319395060     
   4.71971971971972      -7.116157170903985E-004  0.241071175541770     
   4.72972972972973      -7.060406956483142E-004  0.240362373513219     
   4.73973973973974      -7.020834036294064E-004  0.239658248218768     
   4.74974974974975      -6.996429418513571E-004  0.238957329964219     
   4.75975975975976      -6.988429693144579E-004  0.238258135383615     
   4.76976976976977      -7.000663647832030E-004  0.237558960744915     
   4.77977977977978      -7.040903490863039E-004  0.236857611357659     
   4.78978978978979      -7.124158764511027E-004  0.236150969178484     
   4.79979979979980      -7.280773688319457E-004  0.235434225777671     
   4.80980980980981      -7.577227706152822E-004  0.234699624545085     
   4.81981981981982      -8.165483899789271E-004  0.233933346034704     
   4.82982982982983      -9.531118307602581E-004  0.233111427477139     
   4.83983983983984      -1.328933242245965E-003  0.232244355535633     
   4.84984984984985      -2.238664711812835E-003  0.231889236056878     
   4.85985985985986      -2.158331418695565E-003  0.232354420536183     
   4.86986986986987      -1.478893700382386E-003  0.232156814688910     
   4.87987987987988      -9.990400043074798E-004  0.231343093481019     
   4.88988988988989      -8.306330381161880E-004  0.230512612982063     
   4.89989989989990      -7.619962993156092E-004  0.229740941579246     
   4.90990990990991      -7.303481085428752E-004  0.229004475469086     
   4.91991991991992      -7.162656544136223E-004  0.228286007512602     
   4.92992992992993      -7.128517908148659E-004  0.227574566335022     
   4.93993993993994      -7.178630882653960E-004  0.226861942424462     
   4.94994994994995      -7.314765275296651E-004  0.226140486219876     
   4.95995995995996      -7.559113800321294E-004  0.225401427620995     
   4.96996996996997      -7.961756831714620E-004  0.224632974640446     
   4.97997997997998      -8.624176741338504E-004  0.223817352959418     
   4.98998998998999      -9.760791704577304E-004  0.222925328768303     
   5.00000000000000      -1.187385467287358E-003  0.221905331997008     
