  -5.00000000000000      -6.297446022074805E-004 -0.218582245616945     
  -4.98998998998999      -6.116586558914417E-004 -0.219199433760748     
  -4.97997997997998      -6.013677646520896E-004 -0.219803843157913     
  -4.96996996996997      -5.968761292309546E-004 -0.220401098771552     
  -4.95995995995996      -5.992295168310467E-004 -0.220995297488900     
  -4.94994994994995      -6.164990824587901E-004 -0.221585274937428     
  -4.93993993993994      -6.432480414399420E-004 -0.222141817371922     
  -4.92992992992993      -6.224910984855713E-004 -0.222686924219617     
  -4.91991991991992      -5.992321117828362E-004 -0.223273445594330     
  -4.90990990990991      -5.927527190566054E-004 -0.223865216736192     
  -4.89989989989990      -5.919053657915068E-004 -0.224456641534857     
  -4.88988988988989      -5.933971679016715E-004 -0.225049151315705     
  -4.87987987987988      -5.963192825578354E-004 -0.225644065905864     
  -4.86986986986987      -6.005078186182129E-004 -0.226242512180520     
  -4.85985985985986      -6.062604361652831E-004 -0.226845679336557     
  -4.84984984984985      -6.146405200291613E-004 -0.227455097670736     
  -4.83983983983984      -6.290850144262646E-004 -0.228072734632363     
  -4.82982982982983      -6.616309174113609E-004 -0.228695679676634     
  -4.81981981981982      -7.058351885898292E-004 -0.229280140695928     
  -4.80980980980981      -6.830209735853507E-004 -0.229878737461153     
  -4.79979979979980      -6.798685543978316E-004 -0.230536624396449     
  -4.78978978978979      -7.066191907880475E-004 -0.231217053496182     
  -4.77977977977978      -7.746555461288698E-004 -0.231928007947585     
  -4.76976976976977      -9.605367888952381E-004 -0.232662281355901     
  -4.75975975975976      -1.328443016933462E-003 -0.233131802889393     
  -4.74974974974975      -1.187083525225735E-003 -0.233417622871569     
  -4.73973973973974      -1.051566838471034E-003 -0.234215522820123     
  -4.72972972972973      -1.303589472612797E-003 -0.235123314223550     
  -4.71971971971972      -2.194839049229097E-003 -0.235569162481390     
  -4.70970970970971      -1.945804405665257E-003 -0.234866167331016     
  -4.69969969969970      -1.150799838413461E-003 -0.235519714929430     
  -4.68968968968969      -8.862257903195895E-004 -0.236381284672371     
  -4.67967967967968      -7.885204203958620E-004 -0.237178694731957     
  -4.66966966966967      -7.457583862378040E-004 -0.237931992103334     
  -4.65965965965966      -7.256291481065564E-004 -0.238661847897372     
  -4.64964964964965      -7.167764753610637E-004 -0.239380207486180     
  -4.63963963963964      -7.146579568748811E-004 -0.240094292791454     
  -4.62962962962963      -7.175147506984153E-004 -0.240809126507736     
  -4.61961961961962      -7.251759366407592E-004 -0.241528984539881     
  -4.60960960960961      -7.390890124834073E-004 -0.242258509945614     
  -4.59959959959960      -7.638141104802302E-004 -0.243004018554597     
  -4.58958958958959      -8.130359593877993E-004 -0.243774971864938     
  -4.57957957957958      -9.341902726882658E-004 -0.244574712457395     
  -4.56956956956957      -1.205616583818890E-003 -0.245265319364866     
  -4.55955955955956      -1.299214333905391E-003 -0.245701036780842     
  -4.54954954954955      -1.151477842204690E-003 -0.246445041806391     
  -4.53953953953954      -1.372151836040029E-003 -0.247391202693770     
  -4.52952952952953      -2.060384232697481E-003 -0.247829033747749     
  -4.51951951951952      -1.899937231342742E-003 -0.247620788261963     
  -4.50950950950951      -1.230483308187875E-003 -0.248237063936681     
  -4.49949949949950      -9.719861065328243E-004 -0.249164039362469     
  -4.48948948948949      -8.847617459904523E-004 -0.250050359322834     
  -4.47947947947948      -8.563977681914677E-004 -0.250904567860704     
  -4.46946946946947      -8.609934276437721E-004 -0.251749505562793     
  -4.45945945945946      -9.099831102117146E-004 -0.252599663676659     
  -4.44944944944945      -1.056832719442208E-003 -0.253403522205432     
  -4.43943943943944      -1.159519175516692E-003 -0.254033213806228     
  -4.42942942942943      -1.033155678541104E-003 -0.254683276538261     
  -4.41941941941942      -9.317416973770455E-004 -0.255550635656994     
  -4.40940940940941      -9.213163975766510E-004 -0.256450388450961     
  -4.39939939939940      -9.562237536365617E-004 -0.257370763060001     
  -4.38938938938939      -1.048768939900029E-003 -0.258335381724131     
  -4.37937937937938      -1.290957015545403E-003 -0.259358458194998     
  -4.36936936936937      -1.880638881845669E-003 -0.260162909048408     
  -4.35935935935936      -2.170926934573780E-003 -0.260428376120359     
  -4.34934934934935      -1.766717411661600E-003 -0.260874645505239     
  -4.33933933933934      -1.558992832138736E-003 -0.262094923006898     
  -4.32932932932933      -1.913705640295207E-003 -0.263506091356070     
  -4.31931931931932      -3.342383805877324E-003 -0.264788835577732     
  -4.30930930930931      -5.243999448409496E-003 -0.263085863480787     
  -4.29929929929930      -2.904250074999976E-003 -0.262159455669652     
  -4.28928928928929      -1.701601904737276E-003 -0.263510447695864     
  -4.27927927927928      -1.299783918305703E-003 -0.264814347025568     
  -4.26926926926927      -1.137916554785865E-003 -0.265973342581403     
  -4.25925925925926      -1.065691764737311E-003 -0.267050642186204     
  -4.24924924924925      -1.037887382974825E-003 -0.268088044554338     
  -4.23923923923924      -1.045461552757298E-003 -0.269111075754632     
  -4.22922922922923      -1.110286526519674E-003 -0.270116625314431     
  -4.21921921921922      -1.156155718939082E-003 -0.271028103132120     
  -4.20920920920921      -1.139806456790206E-003 -0.272052616242588     
  -4.19919919919920      -1.249282222718410E-003 -0.273152596707601     
  -4.18918918918919      -1.540439799943671E-003 -0.274141577174604     
  -4.17917917917918      -1.564720046126973E-003 -0.275041176518822     
  -4.16916916916917      -1.791781662577857E-003 -0.276374876399903     
  -4.15915915915916      -2.846716949909735E-003 -0.277667015088817     
  -4.14914914914915      -4.232273453765828E-003 -0.277198328673026     
  -4.13913913913914      -3.334920907781476E-003 -0.276364906736464     
  -4.12912912912913      -2.168683052471677E-003 -0.277538773383586     
  -4.11911911911912      -2.213124990923526E-003 -0.278965012684780     
  -4.10910910910911      -2.551101754233848E-003 -0.279416719477050     
  -4.09909909909910      -1.973138193989513E-003 -0.279853839898308     
  -4.08908908908909      -1.414684682688688E-003 -0.280992217871729     
  -4.07907907907908      -1.211006567586762E-003 -0.282199092497274     
  -4.06906906906907      -1.127529043976323E-003 -0.283339052824425     
  -4.05905905905906      -1.087374949043845E-003 -0.284435627556342     
  -4.04904904904905      -1.066628570420287E-003 -0.285507885813967     
  -4.03903903903904      -1.056161485595003E-003 -0.286567037713326     
  -4.02902902902903      -1.052003336545015E-003 -0.287619959122252     
  -4.01901901901902      -1.052615760017302E-003 -0.288671281968492     
  -4.00900900900901      -1.058867428823455E-003 -0.289724240895983     
  -3.99899899899900      -1.076173713678487E-003 -0.290775719400337     
  -3.98898898898899      -1.085491737757887E-003 -0.291812597729712     
  -3.97897897897898      -1.090192660590339E-003 -0.292865862810207     
  -3.96896896896897      -1.086193891192573E-003 -0.293919246874112     
  -3.95895895895896      -1.083278021797946E-003 -0.294995270831790     
  -3.94894894894895      -1.087932595467186E-003 -0.296079745943972     
  -3.93893893893894      -1.095764052387603E-003 -0.297171584578552     
  -3.92892892892893      -1.106222691550693E-003 -0.298272147026735     
  -3.91891891891892      -1.121817842487685E-003 -0.299381582419958     
  -3.90890890890891      -1.141216628029202E-003 -0.300489694951206     
  -3.89889889889890      -1.149196682822142E-003 -0.301610448655374     
  -3.88888888888889      -1.161151667713653E-003 -0.302738290814886     
  -3.87887887887888      -1.162828564274013E-003 -0.303885128518476     
  -3.86886886886887      -1.171683686860924E-003 -0.305050227329868     
  -3.85885885885886      -1.184434229249122E-003 -0.306228260358577     
  -3.84884884884885      -1.199472153838838E-003 -0.307420515591499     
  -3.83883883883884      -1.216660633518728E-003 -0.308628829770319     
  -3.82882882882883      -1.236413047791958E-003 -0.309855370445055     
  -3.81881881881882      -1.259597885698547E-003 -0.311102914956382     
  -3.80880880880881      -1.287770708452198E-003 -0.312375281311329     
  -3.79879879879880      -1.323843813400419E-003 -0.313678054515069     
  -3.78878878878879      -1.373949822259450E-003 -0.315019893370087     
  -3.77877877877878      -1.453640868082212E-003 -0.316414378294645     
  -3.76876876876877      -1.611708283007071E-003 -0.317872071559049     
  -3.75875875875876      -1.918748224098558E-003 -0.319281595922763     
  -3.74874874874875      -2.212936344301518E-003 -0.320586332480654     
  -3.73873873873874      -2.243503039958549E-003 -0.321950128141409     
  -3.72872872872873      -2.575135428617959E-003 -0.323908154822447     
  -3.71871871871872      -3.998978212605148E-003 -0.325946594764523     
  -3.70870870870871      -6.259227365801940E-003 -0.326066251866750     
  -3.69869869869870      -7.167725691689162E-003 -0.324643353559774     
  -3.68868868868869      -5.354343164952825E-003 -0.324102241440238     
  -3.67867867867868      -3.554526370504554E-003 -0.325056076939067     
  -3.66866866866867      -2.677568854735735E-003 -0.327106842251703     
  -3.65865865865866      -2.399460065795212E-003 -0.328671447172875     
  -3.64864864864865      -1.954538457636164E-003 -0.330364261688424     
  -3.63863863863864      -1.771055993758720E-003 -0.332129386221378     
  -3.62862862862863      -1.700874968503727E-003 -0.333836415559212     
  -3.61861861861862      -1.678229516002811E-003 -0.335512966842542     
  -3.60860860860861      -1.683434153499929E-003 -0.337185276510108     
  -3.59859859859860      -1.712077327388938E-003 -0.338874312633244     
  -3.58858858858859      -1.769779473555409E-003 -0.340601189689812     
  -3.57857857857858      -1.880080534109344E-003 -0.342392223704572     
  -3.56856856856857      -2.125043106932662E-003 -0.344267005470914     
  -3.55855855855856      -2.642288915433471E-003 -0.346006691045313     
  -3.54854854854855      -2.933775256761631E-003 -0.347646813863869     
  -3.53853853853854      -3.481531342876141E-003 -0.349156896862608     
  -3.52852852852853      -3.418389757491260E-003 -0.351136537083619     
  -3.51851851851852      -4.574800264921482E-003 -0.354010423024143     
  -3.50850850850851      -8.390501638130708E-003 -0.355611958065690     
  -3.49849849849850      -1.082784192955169E-002 -0.352219929013022     
  -3.48848848848849      -6.862268253170441E-003 -0.349848743863257     
  -3.47847847847848      -4.213308404387558E-003 -0.352426832708753     
  -3.46846846846847      -3.237086363913146E-003 -0.354666285976171     
  -3.45845845845846      -2.537443628629928E-003 -0.357020382117876     
  -3.44844844844845      -2.248957264918643E-003 -0.359291173214504     
  -3.43843843843844      -2.121476548048073E-003 -0.361433878168796     
  -3.42842842842843      -2.067330113772143E-003 -0.363505990307485     
  -3.41841841841842      -2.065568226488073E-003 -0.365544676338537     
  -3.40840840840841      -2.120744554669415E-003 -0.367529175317891     
  -3.39839839839840      -2.098087133643838E-003 -0.369474633676275     
  -3.38838838838839      -2.085984426665258E-003 -0.371521585916913     
  -3.37837837837838      -2.120638931113843E-003 -0.373609996694351     
  -3.36836836836837      -2.192700007521377E-003 -0.375750289661968     
  -3.35835835835836      -2.323287664578091E-003 -0.377974012411703     
  -3.34834834834835      -2.589212634345593E-003 -0.380329657489666     
  -3.33833833833834      -3.263462602390571E-003 -0.382822576054805     
  -3.32832832832833      -4.723793748893624E-003 -0.384621610633906     
  -3.31831831831832      -5.496943003001757E-003 -0.385225064342363     
  -3.30830830830831      -4.438943232983271E-003 -0.386278430473337     
  -3.29829829829830      -4.524677512977891E-003 -0.388810116835701     
  -3.28828828828829      -4.660206290570039E-003 -0.389760680608371     
  -3.27827827827828      -3.899920158477648E-003 -0.391845643957353     
  -3.26826826826827      -3.410310975535598E-003 -0.393807280802127     
  -3.25825825825826      -2.864357095906679E-003 -0.396381056157236     
  -3.24824824824825      -2.699003921078062E-003 -0.399049867947541     
  -3.23823823823824      -2.675665001761399E-003 -0.401699216251710     
  -3.22822822822823      -2.725464583716349E-003 -0.404373360849402     
  -3.21821821821822      -2.854262397804440E-003 -0.407115081935666     
  -3.20820820820821      -3.155893726223806E-003 -0.409915532906314     
  -3.19819819819820      -3.510413565082081E-003 -0.412437451363046     
  -3.18818818818819      -3.471080028502039E-003 -0.415324437353155     
  -3.17817817817818      -3.845362499577717E-003 -0.418673315732514     
  -3.16816816816817      -4.933319260819693E-003 -0.421942081586089     
  -3.15815815815816      -5.435131376627915E-003 -0.424556084802954     
  -3.14814814814815      -6.084626276101367E-003 -0.428912890643668     
  -3.13813813813814      -9.394910772277956E-003 -0.433739120258874     
  -3.12812812812813      -1.418731494794157E-002 -0.434346433344220     
  -3.11811811811812      -1.765166178141552E-002 -0.436097082904248     
  -3.10810810810811      -1.940122803825277E-002 -0.430714894156873     
  -3.09809809809810      -1.765327922925794E-002 -0.433414201611484     
  -3.08808808808809      -1.805756467887549E-002 -0.430927384665738     
  -3.07807807807808      -1.675677690897620E-002 -0.433596112506838     
  -3.06806806806807      -1.554005042424848E-002 -0.431163268330440     
  -3.05805805805806      -1.187334658403593E-002 -0.432536941528165     
  -3.04804804804805      -7.444773820308268E-003 -0.435772166210765     
  -3.03803803803804      -5.513459718926439E-003 -0.440757305326697     
  -3.02802802802803      -4.687984564260567E-003 -0.445065188274775     
  -3.01801801801802      -4.165298942387164E-003 -0.449205617021893     
  -3.00800800800801      -3.921425543559017E-003 -0.453168760972227     
  -2.99799799799800      -3.801973588023545E-003 -0.456997483305505     
  -2.98798798798799      -3.746377507177445E-003 -0.460755069535961     
  -2.97797797797798      -3.728975888828541E-003 -0.464483626380092     
  -2.96796796796797      -3.736965259859472E-003 -0.468211417385907     
  -2.95795795795796      -3.763284063440448E-003 -0.471958622264679     
  -2.94794794794795      -3.803821211934424E-003 -0.475740607788597     
  -2.93793793793794      -3.856159599694627E-003 -0.479569837777002     
  -2.92792792792793      -3.918972416863524E-003 -0.483457075308273     
  -2.91791791791792      -3.991755289569729E-003 -0.487412227218333     
  -2.90790790790791      -4.074800628377053E-003 -0.491445046879442     
  -2.89789789789790      -4.169491484358497E-003 -0.495565878632175     
  -2.88788788788789      -4.279366629740869E-003 -0.499786660706449     
  -2.87787787787788      -4.413908020112003E-003 -0.504122166313388     
  -2.86786786786787      -4.603512145504828E-003 -0.508584907151850     
  -2.85785785785786      -4.890907972840764E-003 -0.513103339184890     
  -2.84784784784785      -5.134704916118808E-003 -0.517716953478667     
  -2.83783783783784      -5.462926720480587E-003 -0.522310042518217     
  -2.82782782782783      -5.487493100856018E-003 -0.527240097862766     
  -2.81781781781782      -5.880974131432746E-003 -0.532624999122917     
  -2.80780780780781      -6.911613274683282E-003 -0.537870085837134     
  -2.79779779779780      -7.280430297440525E-003 -0.542623291877553     
  -2.78778778778779      -8.219310376249331E-003 -0.548355960433274     
  -2.77777777777778      -8.847991645944901E-003 -0.552466546821321     
  -2.76776776776777      -8.212809912277132E-003 -0.558676570302544     
  -2.75775775775776      -9.530542055020755E-003 -0.565462256026448     
  -2.74774774774775      -1.067581896392645E-002 -0.570990043831990     
  -2.73773773773774      -1.230995989125235E-002 -0.576492350455077     
  -2.72772772772773      -1.086059214505406E-002 -0.582041405175147     
  -2.71771771771772      -1.054025297632894E-002 -0.591161369177661     
  -2.70770770770771      -1.229410148572693E-002 -0.601571323994949     
  -2.69769769769770      -1.739212749231543E-002 -0.613613536178043     
  -2.68768768768769      -3.215705322520545E-002 -0.623698173092337     
  -2.67767767767768      -4.439646301255973E-002 -0.610306335619827     
  -2.66766766766767      -3.043684129878853E-002 -0.610850237861483     
  -2.65765765765766      -3.395285428603526E-002 -0.626359147767804     
  -2.64764764764765      -5.064470122401411E-002 -0.618108976102295     
  -2.63763763763764      -3.058602445886984E-002 -0.608554358420291     
  -2.62762762762763      -1.818400805483272E-002 -0.622459165326696     
  -2.61761761761762      -1.417707883493122E-002 -0.636518054640330     
  -2.60760760760761      -1.273461097746579E-002 -0.649331833351823     
  -2.59759759759760      -1.225462986211389E-002 -0.661566279353361     
  -2.58758758758759      -1.223200467515742E-002 -0.673678862452339     
  -2.57757757757758      -1.247633842045045E-002 -0.685953779572383     
  -2.56756756756757      -1.290919675586689E-002 -0.698588335420167     
  -2.55755755755756      -1.350244956524766E-002 -0.711740398599178     
  -2.54754754754755      -1.426434687232820E-002 -0.725549989891918     
  -2.53753753753754      -1.522579852303363E-002 -0.740095334211385     
  -2.52752752752753      -1.623090011184846E-002 -0.755543371672015     
  -2.51751751751752      -1.745542073694691E-002 -0.772245442185428     
  -2.50750750750751      -1.901520215111967E-002 -0.790338234980405     
  -2.49749749749750      -2.103789066875267E-002 -0.810132073467622     
  -2.48748748748749      -2.388629994121582E-002 -0.832071691902143     
  -2.47747747747748      -2.866278887132863E-002 -0.856454512093055     
  -2.46746746746747      -3.593691965811893E-002 -0.881021976080253     
  -2.45745745745746      -4.390062656015230E-002 -0.907402804494879     
  -2.44744744744745      -4.838797440605123E-002 -0.934961936387272     
  -2.43743743743744      -5.793791971226336E-002 -0.977750113598728     
  -2.42742742742743      -9.113349954322057E-002  -1.02584779493786     
  -2.41741741741742      -0.141116398104068       -1.03498959803768     
  -2.40740740740741      -0.147672218337539       -1.03229536412203     
  -2.39739739739740      -0.130341326590492       -1.08361064133895     
  -2.38738738738739      -0.186107256253096       -1.16132774913452     
  -2.37737737737738      -0.251392434372555       -1.13710398166624     
  -2.36736736736737      -0.223280356865638       -1.15884982082625     
  -2.35735735735736      -0.200829358632212       -1.25854678130363     
  -2.34734734734735      -0.265655610609595       -1.42262177307027     
  -2.33733733733734      -0.466887123190520       -1.55699063869099     
  -2.32732732732733      -0.715022615769877       -1.54468142687016     
  -2.31731731731732      -0.896782818672130       -1.42312052632076     
  -2.30730730730731      -0.942768200782115       -1.29640294785034     
  -2.29729729729730      -0.986274993026942       -1.30264970374252     
  -2.28728728728729       -1.15966417856713       -1.24907098697056     
  -2.27727727727728       -1.25348020606650       -1.07342284416274     
  -2.26726726726727       -1.18374482374906      -0.996758798158669     
  -2.25725725725726       -1.31141647134409       -1.04343781240367     
  -2.24724724724725       -1.46898983711114      -0.922790213760863     
  -2.23723723723724       -1.57713359608875      -0.770917599010866     
  -2.22722722722723       -1.66219017178228      -0.580522924906229     
  -2.21721721721722       -1.70635946876756      -0.362970861646429     
  -2.20720720720721       -1.71182936245650      -0.126684013698783     
  -2.19719719719720       -1.66995798522846       0.139569260467747     
  -2.18718718718719       -1.54839802902814       0.430256731326138     
  -2.17717717717718       -1.30275545624906       0.718565215994927     
  -2.16716716716717      -0.881046743133268       0.897461559709916     
  -2.15715715715716      -0.446819571281436       0.771518777542112     
  -2.14714714714715      -0.247279252180557       0.540900727554806     
  -2.13713713713714      -0.162623737733951       0.365661140336711     
  -2.12712712712713      -0.118824434129189       0.235996088340577     
  -2.11711711711712      -9.297034812045091E-002  0.135411141532898     
  -2.10710710710711      -7.689661537554049E-002  5.393700115035485E-002
  -2.09709709709710      -6.740298929659615E-002 -1.311759298986207E-002
  -2.08708708708709      -5.985041979699213E-002 -6.999126174638404E-002
  -2.07707707707708      -5.690091239595991E-002 -0.118804516349092     
  -2.06706706706707      -5.105194363459057E-002 -0.161879188850416     
  -2.05705705705706      -5.158939595156452E-002 -0.204828774546492     
  -2.04704704704705      -5.517553440263753E-002 -0.236384865283709     
  -2.03703703703704      -5.921071214804862E-002 -0.266506798436362     
  -2.02702702702703      -5.509003683674474E-002 -0.284923801542958     
  -2.01701701701702      -5.360658537305626E-002 -0.316311299870354     
  -2.00700700700701      -5.858011118986159E-002 -0.335752245590818     
  -1.99699699699700      -5.688795622030030E-002 -0.346464665207023     
  -1.98698698698699      -4.337881321050504E-002 -0.362965096732776     
  -1.97697697697698      -3.199617181363159E-002 -0.389020213006053     
  -1.96696696696697      -2.702744506213781E-002 -0.416058697719130     
  -1.95695695695696      -2.472090571446780E-002 -0.441250405620590     
  -1.94694694694695      -2.345121698458858E-002 -0.465037591050681     
  -1.93693693693694      -2.265607113523391E-002 -0.487829354785334     
  -1.92692692692693      -2.208858938705689E-002 -0.510129084613628     
  -1.91691691691692      -2.179831625701517E-002 -0.532039017578522     
  -1.90690690690691      -2.166240783159341E-002 -0.553732958256660     
  -1.89689689689690      -2.165924341933383E-002 -0.575363172190086     
  -1.88688688688689      -2.177616195181647E-002 -0.597054279974572     
  -1.87687687687688      -2.200638244091306E-002 -0.618920917786796     
  -1.86686686686687      -2.234784471054465E-002 -0.641073699181048     
  -1.85685685685686      -2.280240679628775E-002 -0.663623360753293     
  -1.84684684684685      -2.337554272899366E-002 -0.686684344266836     
  -1.83683683683684      -2.407645789235973E-002 -0.710378310025185     
  -1.82682682682683      -2.491859365280647E-002 -0.734837955050018     
  -1.81681681681682      -2.592057765077456E-002 -0.760211515542467     
  -1.80680680680681      -2.710778253770279E-002 -0.786668425924873     
  -1.79679679679680      -2.851483081748420E-002 -0.814406808193523     
  -1.78678678678679      -3.018975292857965E-002 -0.843663838310370     
  -1.77677677677678      -3.220150792991474E-002 -0.874730641796086     
  -1.76676676676677      -3.465607181410380E-002 -0.907973130066706     
  -1.75675675675676      -3.772872097465640E-002 -0.943840812773230     
  -1.74674674674675      -4.160259676757729E-002 -0.982915784880326     
  -1.73673673673674      -4.679715956679319E-002  -1.02603379553890     
  -1.72672672672673      -5.356558005434615E-002  -1.07427388164771     
  -1.71671671671672      -6.411988737875912E-002  -1.13003187694234     
  -1.70670670670671      -8.224270933049146E-002  -1.19249168649019     
  -1.69669669669670      -0.107665586287976       -1.26361661382680     
  -1.68668668668669      -0.144108611261960       -1.34794589681178     
  -1.67667667667668      -0.233172052068694       -1.45910727034363     
  -1.66666666666667      -0.393729146436980       -1.48000048632344     
  -1.65665665665666      -0.453428003841483       -1.45980835839791     
  -1.64664664664665      -0.572142487194408       -1.51336455544694     
  -1.63663663663664      -0.737846087166153       -1.40422697176927     
  -1.62662662662663      -0.703464962491030       -1.24708213666012     
  -1.61661661661662      -0.607926621987754       -1.26653019620231     
  -1.60660660660661      -0.604022767739188       -1.28586135874284     
  -1.59659659659660      -0.556696344090422       -1.37708006000824     
  -1.58658658658659      -0.653672258120415       -1.48716361888790     
  -1.57657657657658      -0.713551641599994       -1.53997955671825     
  -1.56656656656657      -0.854286973827022       -1.60198770940521     
  -1.55655655655656      -0.989240786761727       -1.58494522050461     
  -1.54654654654655       -1.09320535534828       -1.54518852590010     
  -1.53653653653654       -1.17761344442823       -1.49956136193056     
  -1.52652652652653       -1.24939148952075       -1.45218845119792     
  -1.51651651651652       -1.31229705150447       -1.40429255636141     
  -1.50650650650651       -1.36853072473723       -1.35627951685659     
  -1.49649649649650       -1.41948478288923       -1.30828219798644     
  -1.48648648648649       -1.46609691299396       -1.26033143322772     
  -1.47647647647648       -1.50903046505105       -1.21241735314624     
  -1.46646646646647       -1.54877321866757       -1.16451343611870     
  -1.45645645645646       -1.58569495240570       -1.11658643528263     
  -1.44644644644645       -1.62008272538104       -1.06860056471435     
  -1.43643643643644       -1.65216392171085       -1.02051935551035     
  -1.42642642642643       -1.68212112977625      -0.972304870985556     
  -1.41641641641642       -1.71010164703344      -0.923918834105318     
  -1.40640640640641       -1.73622568368433      -0.875321523451010     
  -1.39639639639640       -1.76059093991490      -0.826470553977103     
  -1.38638638638639       -1.78327593861262      -0.777319415098847     
  -1.37637637637638       -1.80434186909101      -0.727815111196983     
  -1.36636636636637       -1.82383222234522      -0.677894369468070     
  -1.35635635635636       -1.84176653477627      -0.627479162181470     
  -1.34634634634635       -1.85813672732750      -0.576486056201669     
  -1.33633633633634       -1.87288180672779      -0.524778896272580     
  -1.32632632632633       -1.88593414345474      -0.472399555810748     
  -1.31631631631632       -1.89723175856556      -0.418791554925754     
  -1.30630630630631       -1.90603572715180      -0.364279397296730     
  -1.29629629629630       -1.91176993476535      -0.308399407652152     
  -1.28628628628629       -1.91502199367333      -0.253111397770648     
  -1.27627627627628       -1.91381887415144      -0.196739782277353     
  -1.26626626626627       -1.90901919433959      -0.137916969764150     
  -1.25625625625626       -1.89256785018289      -8.873525226669336E-002
  -1.24624624624625       -1.88544400259338      -4.768143626321938E-002
  -1.23623623623624       -1.87027111066165       6.813980488281766E-003
  -1.22622622622623       -1.85785026538746       2.678926250222205E-002
  -1.21621621621622       -1.85587986997255       8.241652652944426E-002
  -1.20620620620621       -1.82414775291633       8.643603305850467E-002
  -1.19619619619620       -1.87641052250971       0.110530865458546     
  -1.18618618618619       -1.89117884117969       0.178111198293667     
  -1.17617617617618       -1.90083975034465       0.237744990761879     
  -1.16616616616617       -1.90170665836131       0.307524740957785     
  -1.15615615615616       -1.89309503427343       0.375655560792066     
  -1.14614614614615       -1.87973893844929       0.441952598849286     
  -1.13613613613614       -1.86292870886444       0.507425926207789     
  -1.12612612612613       -1.84297999369886       0.572703193315806     
  -1.11611611611612       -1.81988883594137       0.638163371689340     
  -1.10610610610611       -1.79350637363935       0.704049477196547     
  -1.09609609609610       -1.76359222328831       0.770525915232604     
  -1.08608608608609       -1.72982883611058       0.837706927684393     
  -1.07607607607608       -1.69181921168242       0.905670160169216     
  -1.06606606606607       -1.64907437546909       0.974461475233842     
  -1.05605605605606       -1.60099143427418        1.04409320571585     
  -1.04604604604605       -1.54681998169228        1.11453561910347     
  -1.03603603603604       -1.48561161209018        1.18569897130869     
  -1.02602602602603       -1.41614272518562        1.25739973637752     
  -1.01601601601602       -1.33679241493275        1.32929672506895     
  -1.00600600600601       -1.24534044727047        1.40076379410461     
 -0.995995995995996       -1.13861529471617        1.47061351282241     
 -0.985985985985986       -1.01185670215569        1.53642468486842     
 -0.975975975975976      -0.857536745611726        1.59266675106747     
 -0.965965965965966      -0.663986361892686        1.62418903184296     
 -0.955955955955956      -0.428576275178943        1.58338537532679     
 -0.945945945945946      -0.246152988717840        1.42895555843826     
 -0.935935935935936      -0.164186746023662        1.27121267316626     
 -0.925925925925926      -0.125765015997538        1.14217851486874     
 -0.915915915915916      -0.111331221042720        1.03863395345753     
 -0.905905905905906      -0.101194312015969       0.962387530550302     
 -0.895895895895896      -9.010153017951476E-002  0.885776708290377     
 -0.885885885885886      -0.100945356345975       0.819184513954275     
 -0.875875875875876      -0.104747769253005       0.786580188340386     
 -0.865865865865866      -9.274087694621365E-002  0.736825422456944     
 -0.855855855855856      -0.103561885796873       0.699774803961799     
 -0.845845845845846      -9.546953513108185E-002  0.668821492597141     
 -0.835835835835836      -0.112014417698795       0.640274308977368     
 -0.825825825825826      -8.945967227666705E-002  0.640059518495877     
 -0.815815815815816      -7.072447808490746E-002  0.606493695201639     
 -0.805805805805806      -5.196822369559206E-002  0.577488799434597     
 -0.795795795795796      -3.974231018352566E-002  0.539660048318969     
 -0.785785785785786      -3.469247066559881E-002  0.504877600110969     
 -0.775775775775776      -3.171146874811347E-002  0.474441663306419     
 -0.765765765765765      -2.875255307446939E-002  0.445617974978230     
 -0.755755755755755      -2.681669754082484E-002  0.418186203660745     
 -0.745745745745745      -2.542033962627494E-002  0.392211032263964     
 -0.735735735735735      -2.433193131635904E-002  0.367415592494200     
 -0.725725725725725      -2.345694721144057E-002  0.343574838213592     
 -0.715715715715715      -2.274745063076153E-002  0.320512026308655     
 -0.705705705705705      -2.217590865046220E-002  0.298081445929884     
 -0.695695695695695      -2.172567014660234E-002  0.276156874157726     
 -0.685685685685685      -2.138686535950547E-002  0.254624177633981     
 -0.675675675675675      -2.115445587080547E-002  0.233376118652936     
 -0.665665665665665      -2.102731980036509E-002  0.212308298998255     
 -0.655655655655655      -2.100793734710644E-002  0.191315604886162     
 -0.645645645645645      -2.110251631709861E-002  0.170288712947310     
 -0.635635635635635      -2.132154375079480E-002  0.149110277516442     
 -0.625625625625625      -2.168088037430779E-002  0.127650380663519     
 -0.615615615615615      -2.220373239533781E-002  0.105760681084256     
 -0.605605605605605      -2.292442124258768E-002  8.326642549796161E-002
 -0.595595595595595      -2.389708849216312E-002  5.995554370227000E-002
 -0.585585585585585      -2.522098723746572E-002  3.557382844595029E-002
 -0.575575575575575      -2.701060285878764E-002  9.911189923544499E-003
 -0.565565565565565      -2.920701886853536E-002 -1.759097047117761E-002
 -0.555555555555555      -3.237612757579512E-002 -4.761789048525835E-002
 -0.545545545545545      -3.721848509012794E-002 -8.077949825257098E-002
 -0.535535535535535      -4.485915304804845E-002 -0.117552014713378     
 -0.525525525525525      -5.617381216690188E-002 -0.158051793003728     
 -0.515515515515515      -7.136538824027100E-002 -0.203828074600769     
 -0.505505505505505      -9.792523596713429E-002 -0.258573174378001     
 -0.495495495495495      -0.144173669185562      -0.311384466383912     
 -0.485485485485485      -0.189909059804672      -0.345991691296833     
 -0.475475475475475      -0.232519901002479      -0.417809856900400     
 -0.465465465465465      -0.361748033645076      -0.502318801323837     
 -0.455455455455455      -0.479440627886656      -0.480997199291843     
 -0.445445445445445      -0.664305586813472      -0.534549309836780     
 -0.435435435435435      -0.872191061117043      -0.391561529535104     
 -0.425425425425425      -0.962335049381238      -0.120174991321889     
 -0.415415415415415      -0.819413381787735      -6.981903046824073E-002
 -0.405405405405405       -1.04771629937346      -6.600717619206897E-002
 -0.395395395395395       -1.14647803734014       0.316174589648067     
 -0.385385385385385      -0.956882245440617       0.619589366941533     
 -0.375375375375375      -0.630180281820515       0.821047795408031     
 -0.365365365365365      -0.298141800737545       0.720277528530466     
 -0.355355355355355      -0.164222865826544       0.561714883380401     
 -0.345345345345345      -0.107834792885701       0.445302841756913     
 -0.335335335335335      -7.897273571922020E-002  0.359343159555431     
 -0.325325325325325      -6.213998311213607E-002  0.292273371993745     
 -0.315315315315315      -5.146576790586942E-002  0.237341272486790     
 -0.305305305305305      -4.431793971936046E-002  0.190553415132995     
 -0.295295295295295      -3.936545818873136E-002  0.149411813471587     
 -0.285285285285285      -3.587447531753232E-002  0.112262753147401     
 -0.275275275275275      -3.341456795367495E-002  7.795212266840201E-002
 -0.265265265265265      -3.172261971584894E-002  4.563286181221014E-002
 -0.255255255255255      -3.063460188036053E-002  1.465102911410193E-002
 -0.245245245245245      -3.004945970924043E-002 -1.552575892905719E-002
 -0.235235235235235      -2.990952598478128E-002 -4.535642762962322E-002
 -0.225225225225225      -3.019029535636996E-002 -7.526166605844863E-002
 -0.215215215215215      -3.089630876368422E-002 -0.105652822554411     
 -0.205205205205205      -3.206210296910494E-002 -0.136959268178502     
 -0.195195195195195      -3.375907874025763E-002 -0.169658770560820     
 -0.185185185185185      -3.611228704340405E-002 -0.204316588018256     
 -0.175175175175175      -3.934009532364206E-002 -0.241641062382019     
 -0.165165165165165      -4.386054907967180E-002 -0.282547985689996     
 -0.155155155155155      -5.044309012212739E-002 -0.328062563492558     
 -0.145145145145145      -5.967081848295289E-002 -0.379663725511909     
 -0.135135135135135      -7.495948190823225E-002 -0.441166918169266     
 -0.125125125125125      -0.106506509524011      -0.509970093877417     
 -0.115115115115115      -0.144377490195922      -0.568433821823037     
 -0.105105105105105      -0.175973753223948      -0.662007879805497     
 -9.509509509509506E-002 -0.284478975082449      -0.783453198504362     
 -8.508508508508505E-002 -0.455747235045182      -0.803169761330432     
 -7.507507507507505E-002 -0.527255097439736      -0.805061926895011     
 -6.506506506506504E-002 -0.637473541117761      -0.899216387864829     
 -5.505505505505504E-002 -0.926559629084448      -0.921318717788090     
 -4.504504504504503E-002  -1.12337468640837      -0.735114802728480     
 -3.503503503503502E-002  -1.16398622262677      -0.620675855649261     
 -2.502502502502502E-002  -1.29634392406685      -0.567309516862940     
 -1.501501501501501E-002  -1.48769441429081      -0.413570821332176     
 -5.005005005005003E-003  -1.60656597207015      -0.149107211952632     
  5.005005005005003E-003  -1.60595803299599       0.151577666726083     
  1.501501501501501E-002  -1.48613691026350       0.415065722182284     
  2.502502502502502E-002  -1.29644523084942       0.565936222122989     
  3.503503503503502E-002  -1.16723796773276       0.621669986595241     
  4.504504504504503E-002  -1.12349758477701       0.743741191880713     
  5.505505505505504E-002 -0.918800979999345       0.926297783844928     
  6.506506506506504E-002 -0.632328016547217       0.895998532673334     
  7.507507507507505E-002 -0.527574209713197       0.804463718825687     
  8.508508508508505E-002 -0.451601710369123       0.807790254167971     
  9.509509509509506E-002 -0.277492738441272       0.780355182971590     
  0.105105105105105      -0.173566741847680       0.657510636137119     
  0.115115115115115      -0.143129251555412       0.565876708472314     
  0.125125125125125      -0.104706431672923       0.506611290790924     
  0.135135135135135      -7.420244751204977E-002  0.437523112808294     
  0.145145145145145      -5.938782532897677E-002  0.376230683124024     
  0.155155155155155      -5.037183126904947E-002  0.324675109152251     
  0.165165165165165      -4.394807717317131E-002  0.279090228932910     
  0.175175175175175      -3.954704550378493E-002  0.238020618808020     
  0.185185185185185      -3.642480485245242E-002  0.200434206373122     
  0.195195195195195      -3.418003070054945E-002  0.165412746852884     
  0.205205205205205      -3.260466397011755E-002  0.132238402256203     
  0.215215215215215      -3.158293960854946E-002  0.100328211048225     
  0.225225225225225      -3.105414899582376E-002  6.917754743172852E-002
  0.235235235235235      -3.099775710265044E-002  3.831867730268331E-002
  0.245245245245245      -3.142890239466375E-002  7.286237537444504E-003
  0.255255255255255      -3.240107829471033E-002 -2.441688146681747E-002
  0.265265265265265      -3.401636283370700E-002 -5.735936538710187E-002
  0.275275275275275      -3.644658094869084E-002 -9.223475364894344E-002
  0.285285285285285      -3.997358280189815E-002 -0.129940325688027     
  0.295295295295295      -4.506702377693813E-002 -0.171703296073752     
  0.305305305305305      -5.254296664312128E-002 -0.219296271485768     
  0.315315315315315      -6.391497275989652E-002 -0.275427906228076     
  0.325325325325325      -8.226264324631406E-002 -0.344489420295740     
  0.335335335335335      -0.114722827184820      -0.433992498442870     
  0.345345345345345      -0.181118509124247      -0.556493828464533     
  0.355355355355355      -0.347459023313029      -0.716530992793574     
  0.365365365365365      -0.714913595096522      -0.745243649670167     
  0.375375375375375      -0.984622453045628      -0.515302715914224     
  0.385385385385385       -1.12129584776288      -0.151173628097819     
  0.395395395395395      -0.896563211717306       0.142197067167600     
  0.405405405405405      -0.814458370700787       6.030534496684379E-002
  0.415415415415415      -0.901373181519772       0.235670676225882     
  0.425425425425425      -0.746720534741698       0.467057312770687     
  0.435435435435435      -0.532148200213286       0.496377798824918     
  0.445445445445445      -0.407358924255661       0.453261623437524     
  0.455455455455455      -0.282934924597224       0.455317142972973     
  0.465465465465465      -0.193519064188640       0.360379494494955     
  0.475475475475475      -0.166714030134241       0.314414163555739     
  0.485485485485485      -0.113565711855893       0.278071502323150     
  0.495495495495495      -7.817717249434385E-002  0.219932996481800     
  0.505505505505505      -6.056150256548408E-002  0.172283553623112     
  0.515515515515515      -4.813243866757586E-002  0.130967111888165     
  0.525525525525525      -3.910290252527179E-002  9.403579690949421E-002
  0.535535535535535      -3.319761861272025E-002  6.011466193707509E-002
  0.545545545545545      -2.958100694930660E-002  2.961172387010920E-002
  0.555555555555555      -2.713176382146359E-002  1.892750497557930E-003
  0.565565565565565      -2.521458391978853E-002 -2.374548994604676E-002
  0.575575575575575      -2.374550409484843E-002 -4.799164236740859E-002
  0.585585585585585      -2.267130434354910E-002 -7.108450885667851E-002
  0.595595595595595      -2.187161006376087E-002 -9.327907422032318E-002
  0.605605605605605      -2.128139653284968E-002 -0.114799022230664     
  0.615615615615615      -2.086091600696562E-002 -0.135826609157230     
  0.625625625625625      -2.058358374998753E-002 -0.156514128238149     
  0.635635635635635      -2.043111395548657E-002 -0.176992842418991     
  0.645645645645645      -2.039107078308005E-002 -0.197379400331108     
  0.655655655655655      -2.045550120863170E-002 -0.217780674072748     
  0.665665665665665      -2.062018323565788E-002 -0.238297660234139     
  0.675675675675675      -2.088430674670471E-002 -0.259028889729442     
  0.685685685685685      -2.125053978571185E-002 -0.280073708719941     
  0.695695695695695      -2.172553993752075E-002 -0.301535797395249     
  0.705705705705705      -2.232111315306748E-002 -0.323527393609926     
  0.715715715715715      -2.305649140167925E-002 -0.346174937353853     
  0.725725725725725      -2.396281356531393E-002 -0.369627384568896     
  0.735735735735735      -2.509250387300711E-002 -0.394069557645374     
  0.745745745745745      -2.654117767053857E-002 -0.419745131254443     
  0.755755755755755      -2.850797205755188E-002 -0.446995896873169     
  0.765765765765765      -3.149576433208018E-002 -0.476282422657741     
  0.775775775775776      -3.657176358997891E-002 -0.507587071056939     
  0.785785785785786      -4.390196209930389E-002 -0.541807324358704     
  0.795795795795796      -6.103415771373819E-002 -0.578255666404855     
  0.805805805805806      -8.921693379655977E-002 -0.603883854080396     
  0.815815815815816      -0.101238761130320      -0.598589378920206     
  0.825825825825826      -8.956641563258248E-002 -0.626729028836988     
  0.835835835835836      -8.986631381376894E-002 -0.651840604001653     
  0.845845845845846      -8.518595720330355E-002 -0.692184739750875     
  0.855855855855856      -9.164532555958523E-002 -0.723570978271793     
  0.865865865865866      -7.915775730328684E-002 -0.765089857550153     
  0.875875875875876      -8.040682028895060E-002 -0.823565761002965     
  0.885885885885886      -8.441215834855362E-002 -0.880145409598437     
  0.895895895895896      -8.657376947113044E-002 -0.949675174600939     
  0.905905905905906      -9.719159477128121E-002  -1.03172912638274     
  0.915915915915916      -0.115828498313728       -1.12886570379305     
  0.925925925925926      -0.148558580397172       -1.24773523587394     
  0.935935935935936      -0.215637114703356       -1.39923041290790     
  0.945945945945946      -0.374061409325087       -1.56417423134694     
  0.955955955955956      -0.609574925033680       -1.62939524772362     
  0.965965965965966      -0.811912453594048       -1.60797591505139     
  0.975975975975976      -0.972880391611698       -1.55601180440800     
  0.985985985985986       -1.10452988302588       -1.49249679097250     
  0.995995995995996       -1.21505957539947       -1.42408819168117     
   1.00600600600601       -1.30961491162195       -1.35361077556730     
   1.01601601601602       -1.39158536478997       -1.28243440253598     
   1.02602602602603       -1.46332454530505       -1.21128010124872     
   1.03603603603604       -1.52653984132121       -1.14054359779729     
   1.04604604604605       -1.58251377946100       -1.07044236887280     
   1.05605605605606       -1.63223667626249       -1.00108870061210     
   1.06606606606607       -1.67648989167242      -0.932528108411706     
   1.07607607607608       -1.71589997373851      -0.864759806621205     
   1.08608608608609       -1.75097456286836      -0.797746671882532     
   1.09609609609610       -1.78212583990185      -0.731417772910125     
   1.10610610610611       -1.80968399425380      -0.665663846460383     
   1.11611611611612       -1.83389984249485      -0.600323461156234     
   1.12612612612613       -1.85492985044943      -0.535153921049815     
   1.13613613613614       -1.87278268890150      -0.469769016622211     
   1.14614614614615       -1.88712682775184      -0.403511650744531     
   1.15615615615616       -1.89659203533798      -0.335282018342823     
   1.16616616616617       -1.89589329469077      -0.264775273962636     
   1.17617617617618       -1.87996041185783      -0.206991556834915     
   1.18618618618619       -1.87155667845874      -0.160471573619183     
   1.19619619619620       -1.85923417689518      -0.125629248834338     
   1.20620620620621       -1.87055463575628      -8.479388294157718E-002
   1.21621621621622       -1.86412068968553      -3.561429405540768E-002
   1.22622622622623       -1.84367432258344      -1.508409622347819E-002
   1.23623623623624       -1.88508718287026       5.076946491012624E-003
   1.24624624624625       -1.90261508803613       7.347009353831797E-002
   1.25625625625626       -1.89287054631970       0.118190346384121     
   1.26626626626627       -1.91278968579357       0.161533941412117     
   1.27627627627628       -1.91882433396404       0.223938048922129     
   1.28628628628629       -1.91421646185767       0.280286451536115     
   1.29629629629630       -1.91092115653678       0.334793177758411     
   1.30630630630631       -1.90346695051068       0.390341231654127     
   1.31631631631632       -1.89296034645231       0.444253762749778     
   1.32632632632633       -1.88067017321616       0.496676434511197     
   1.33633633633634       -1.86687664629749       0.548389757003197     
   1.34634634634635       -1.85141901041346       0.599409495174835     
   1.35635635635636       -1.83441455444757       0.649804916389207     
   1.36636636636637       -1.81588838462006       0.699683531022131     
   1.37637637637638       -1.79582533292040       0.749127287436525     
   1.38638638638639       -1.77418955390558       0.798200576558927     
   1.39639639639640       -1.75092900247772       0.846956896234723     
   1.40640640640641       -1.72597586393578       0.895442795023313     
   1.41641641641642       -1.69924522422987       0.943700323685540     
   1.42642642642643       -1.67063245540295       0.991768648285191     
   1.43643643643644       -1.64000933817530        1.03968514349589     
   1.44644644644645       -1.60721830411854        1.08748647308952     
   1.45645645645646       -1.57206405459717        1.13520857165689     
   1.46646646646647       -1.53430222087947        1.18288690236992     
   1.47647647647648       -1.49362155040987        1.23055580002973     
   1.48648648648649       -1.44961688742247        1.27824608510390     
   1.49649649649650       -1.40174574327962        1.32597911124038     
   1.50650650650651       -1.34925476409633        1.37375191833261     
   1.51651651651652       -1.29104705200712        1.42149869536251     
   1.52652652652653       -1.22542364648271        1.46898167443429     
   1.53653653653654       -1.14953567450441        1.51543677141069     
   1.54654654654655       -1.05818734926226        1.55817106055061     
   1.55655655655656      -0.942863990430756        1.58587749516288     
   1.56656656656657      -0.814644035028340        1.56115714455642     
   1.57657657657658      -0.759271287230349        1.52272227305849     
   1.58658658658659      -0.632380308007496        1.53073143825311     
   1.59659659659660      -0.522866298406725        1.38127796455830     
   1.60660660660661      -0.559524504752750        1.25591158928281     
   1.61661661661662      -0.686573482175107        1.23974170413719     
   1.62662662662663      -0.703575253055631        1.38972113974078     
   1.63663663663664      -0.568575521325274        1.41517607047101     
   1.64664664664665      -0.539138178974024        1.42039097971768     
   1.65665665665666      -0.474482437502294        1.46540118159739     
   1.66666666666667      -0.322985468047171        1.46610303253005     
   1.67667667667668      -0.226955895091554        1.40845368587042     
   1.68668668668669      -0.148039005448508        1.32314910592579     
   1.69669669669670      -0.106484807064003        1.24939388122914     
   1.70670670670671      -7.914775580774433E-002   1.17698112314952     
   1.71671671671672      -6.361602973508371E-002   1.11729743454991     
   1.72672672672673      -5.271889404100732E-002   1.06354919503461     
   1.73673673673674      -4.587090089096869E-002   1.01656776538562     
   1.74674674674675      -4.067966592950646E-002  0.974372754693067     
   1.75675675675676      -3.690485073714488E-002  0.936033025716521     
   1.76676676676677      -3.398356551829824E-002  0.900900450542286     
   1.77677677677678      -3.160025470495659E-002  0.868317427388186     
   1.78678678678679      -2.964870165407442E-002  0.837821755501567     
   1.79679679679680      -2.802609760777238E-002  0.809076710550036     
   1.80680680680681      -2.666307833071310E-002  0.781802273104210     
   1.81681681681682      -2.551268214433364E-002  0.755769327252492     
   1.82682682682683      -2.454142598542705E-002  0.730786369850917     
   1.83683683683684      -2.372490396202307E-002  0.706689492593646     
   1.84684684684685      -2.304527516694182E-002  0.683335116628357     
   1.85685685685686      -2.248974086795938E-002  0.660594503953057     
   1.86686686686687      -2.204963803794318E-002  0.638349379333456     
   1.87687687687688      -2.171998380977734E-002  0.616488191429423     
   1.88688688688689      -2.149942254675252E-002  0.594902627897986     
   1.89689689689690      -2.139061987972927E-002  0.573483992064170     
   1.90690690690691      -2.140120475828207E-002  0.552118894754478     
   1.91691691691692      -2.154506299955982E-002  0.530682783983030     
   1.92692692692693      -2.184562703360303E-002  0.509019136761767     
   1.93693693693694      -2.245256784912667E-002  0.486943117008496     
   1.94694694694695      -2.330390383507296E-002  0.464384040291147     
   1.95695695695696      -2.469896201114502E-002  0.440753199607952     
   1.96696696696697      -2.739402273016922E-002  0.415621951635686     
   1.97697697697698      -3.368535727976073E-002  0.388783710126780     
   1.98698698698699      -4.757207605462632E-002  0.366176623196169     
   1.99699699699700      -5.573233398011811E-002  0.355915234436775     
   2.00700700700701      -5.135449363737214E-002  0.337985128446815     
   2.01701701701702      -5.158084243170351E-002  0.315693595760407     
   2.02702702702703      -5.558027129367071E-002  0.287324882024486     
   2.03703703703704      -5.702681573755421E-002  0.270792215709026     
   2.04704704704705      -5.346108169587625E-002  0.241032101652716     
   2.05705705705706      -4.902252069099391E-002  0.209471977070812     
   2.06706706706707      -4.910583605027122E-002  0.167674204306878     
   2.07707707707708      -5.384696769511565E-002  0.126253199271952     
   2.08708708708709      -5.672590758795305E-002  7.820319008748468E-002
   2.09709709709710      -6.385488089981639E-002  2.333854481030295E-002
   2.10710710710711      -7.287871926985245E-002 -4.096541988280680E-002
   2.11711711711712      -8.761982032090471E-002 -0.118287468464794     
   2.12712712712713      -0.110725980071034      -0.212980259524732     
   2.13713713713714      -0.148775426611551      -0.333771694374615     
   2.14714714714715      -0.219259589490648      -0.495352875789578     
   2.15715715715716      -0.376991971387055      -0.714388761565861     
   2.16716716716717      -0.754699863819782      -0.900151621107258     
   2.17717717717718       -1.21221106276737      -0.786273596927992     
   2.18718718718719       -1.49917645415483      -0.510589780593367     
   2.19719719719720       -1.64765202499772      -0.217209602235170     
   2.20720720720721       -1.70769425248545       5.617777582976292E-002
   2.21721721721722       -1.71286914490953       0.299489727068065     
   2.22722722722723       -1.67934968501265       0.522506770884128     
   2.23723723723724       -1.60516362591873       0.721773595860147     
   2.24724724724725       -1.49968737496315       0.881594913894519     
   2.25725725725726       -1.36445922833708        1.01846234453976     
   2.26726726726727       -1.19523181081099        1.02464919463466     
   2.27727727727728       -1.24367738058591        1.03035661527570     
   2.28728728728729       -1.19528778078527        1.20985159465579     
   2.29729729729730       -1.02305987707029        1.30407927005279     
   2.30730730730731      -0.942873365783671        1.27107913239276     
   2.31731731731732      -0.930562043802557        1.38359565626976     
   2.32732732732733      -0.770208876498412        1.52376462519525     
   2.33733733733734      -0.530393977272144        1.56634542638956     
   2.34734734734735      -0.301618044165078        1.46178363819608     
   2.35735735735736      -0.206281162118583        1.29173848846241     
   2.36736736736737      -0.216711371878309        1.16366896158710     
   2.37737737737738      -0.258450789804415        1.13311816464511     
   2.38738738738739      -0.210564323076685        1.17231382348161     
   2.39739739739740      -0.135696869598003        1.10165075717406     
   2.40740740740741      -0.145257253942061        1.03214596351293     
   2.41741741741742      -0.155596155830595        1.03679146867821     
   2.42742742742743      -0.103417633483353        1.03834378421253     
   2.43743743743744      -6.278182261242311E-002  0.989927866070052     
   2.44744744744745      -5.014739119952302E-002  0.944126463801202     
   2.45745745745746      -4.677717474048434E-002  0.913857940144320     
   2.46746746746747      -3.829763475805449E-002  0.888183595725382     
   2.47747747747748      -2.995066450906868E-002  0.862901735559268     
   2.48748748748749      -2.472422706556809E-002  0.837658487664698     
   2.49749749749750      -2.165494271841333E-002  0.815048979947183     
   2.50750750750751      -1.949546892983213E-002  0.794728951754455     
   2.51751751751752      -1.783358765277675E-002  0.776212829445977     
   2.52752752752753      -1.650675280814733E-002  0.759152030661324     
   2.53753753753754      -1.545471500934536E-002  0.743317678520037     
   2.54754754754755      -1.452781221771618E-002  0.728579485886608     
   2.55755755755756      -1.369913344352477E-002  0.714590206652867     
   2.56756756756757      -1.305657424931356E-002  0.701272804414069     
   2.57757757757758      -1.257689896138670E-002  0.688512641089251     
   2.58758758758759      -1.227592262850847E-002  0.676158329964939     
   2.59759759759760      -1.221524617742465E-002  0.664025957697000     
   2.60760760760761      -1.254654272992992E-002  0.651860102322554     
   2.61761761761762      -1.366162489524814E-002  0.639258885600658     
   2.62762762762763      -1.675030557512246E-002  0.625597114534748     
   2.63763763763764      -2.612874246370128E-002  0.611135289589674     
   2.64764764764765      -4.733257145528691E-002  0.612140273471120     
   2.65765765765766      -3.710279674553491E-002  0.626333544741305     
   2.66766766766767      -2.998746797173161E-002  0.612264944819405     
   2.67767767767768      -4.322832916659257E-002  0.607410140427516     
   2.68768768768769      -3.664288123734566E-002  0.623146827516572     
   2.69769769769770      -1.934895841736516E-002  0.615660970409702     
   2.70770770770771      -1.312029156937083E-002  0.603217990541922     
   2.71771771771772      -1.113914787340615E-002  0.592393352187355     
   2.72772772772773      -1.173708042748803E-002  0.583277733051017     
   2.73773773773774      -1.221494212839219E-002  0.578265470662241     
   2.74774774774775      -1.057285942135481E-002  0.571671546512072     
   2.75775775775776      -9.878872359658080E-003  0.566049044706689     
   2.76776776776777      -8.835690839632605E-003  0.559276415221216     
   2.77777777777778      -9.710286750340384E-003  0.553898234825981     
   2.78778778778779      -8.141544525391666E-003  0.549458716098884     
   2.79779779779780      -7.499877792686437E-003  0.543702383649590     
   2.80780780780781      -6.590476505447903E-003  0.538820903069968     
   2.81781781781782      -5.760461266438331E-003  0.533263037882565     
   2.82782782782783      -5.457888578379371E-003  0.527865311853022     
   2.83783783783784      -5.415791117732189E-003  0.522929706099522     
   2.84784784784785      -5.112555674740650E-003  0.518252762268644     
   2.85785785785786      -4.862213688466858E-003  0.513636795107108     
   2.86786786786787      -4.594612077466971E-003  0.509062172186276     
   2.87787787787788      -4.422946736253996E-003  0.504583102781395     
   2.88788788788789      -4.293792413722677E-003  0.500232658244167     
   2.89789789789790      -4.185568279214139E-003  0.495995677907215     
   2.90790790790791      -4.091219963875741E-003  0.491858231258859     
   2.91791791791792      -4.007975044549814E-003  0.487808921855149     
   2.92792792792793      -3.934738092292205E-003  0.483837684062661     
   2.93793793793794      -3.871330512265647E-003  0.479934913751229     
   2.94794794794795      -3.818288485206592E-003  0.476090801808102     
   2.95795795795796      -3.776912757036200E-003  0.472294682273413     
   2.96796796796797      -3.749525038426713E-003  0.468534236518108     
   2.97797797797798      -3.740016353926219E-003  0.464794361157538     
   2.98798798798799      -3.754946666986899E-003  0.461055386516833     
   2.99799799799800      -3.805865403699673E-003  0.457290056795789     
   3.00800800800801      -3.914755315688825E-003  0.453458117287146     
   3.01801801801802      -4.129016439645027E-003  0.449496729600512     
   3.02802802802803      -4.571332173215001E-003  0.445313561671149     
   3.03803803803804      -5.531494525718912E-003  0.440925137291412     
   3.04804804804805      -7.090768489629095E-003  0.436246740585973     
   3.05805805805806      -1.116389664917555E-002  0.431921883333069     
   3.06806806806807      -1.491873029807378E-002  0.430359919924300     
   3.07807807807808      -1.961381510584932E-002  0.432190463091908     
   3.08808808808809      -1.922708618725103E-002  0.432178940966425     
   3.09809809809810      -1.865291479142043E-002  0.435235498289086     
   3.10810810810811      -1.799253568063927E-002  0.431749797434961     
   3.11811811811812      -1.826778733396650E-002  0.436168686527268     
   3.12812812812813      -1.398269570292537E-002  0.434910335263897     
   3.13813813813814      -9.478119654045346E-003  0.434229757149699     
   3.14814814814815      -5.937384422125406E-003  0.429539029460065     
   3.15815815815816      -4.848061948292040E-003  0.424994601814363     
   3.16816816816817      -4.811358338254481E-003  0.421629516557466     
   3.17817817817818      -3.964762325034013E-003  0.418876077038965     
   3.18818818818819      -3.408868223441718E-003  0.415597672075123     
   3.19819819819820      -3.305434098108847E-003  0.412502012129476     
   3.20820820820821      -3.317960418584222E-003  0.409945225651181     
   3.21821821821822      -2.938503551522762E-003  0.407327143838189     
   3.22822822822823      -2.753735422852146E-003  0.404582007505479     
   3.23823823823824      -2.686091368947127E-003  0.401897042791946     
   3.24824824824825      -2.697930745401369E-003  0.399241817432331     
   3.25825825825826      -2.839210083762097E-003  0.396566605966987     
   3.26826826826827      -3.332877317629706E-003  0.393904317709244     
   3.27827827827828      -4.101650505568582E-003  0.391916898327979     
   3.28828828828829      -4.752613121938229E-003  0.390013273938447     
   3.29829829829830      -4.619010785900130E-003  0.389135864465061     
   3.30830830830831      -4.411481116851267E-003  0.386706812554408     
   3.31831831831832      -5.092709550892765E-003  0.385645362583430     
   3.32832832832833      -4.288258098413687E-003  0.384596964468682     
   3.33833833833834      -3.086283953189015E-003  0.382673735480026     
   3.34834834834835      -2.524292750474600E-003  0.380221632445289     
   3.35835835835836      -2.298776901453890E-003  0.377893213535062     
   3.36836836836837      -2.186960350835421E-003  0.375679059037026     
   3.37837837837838      -2.125025510088079E-003  0.373536388113051     
   3.38838838838839      -2.092437696739937E-003  0.371436191134727     
   3.39839839839840      -2.083967732352289E-003  0.369356458217701     
   3.40840840840841      -2.104530912922968E-003  0.367275905160908     
   3.41841841841842      -2.177342445925740E-003  0.365171285078164     
   3.42842842842843      -2.369421738400910E-003  0.363060885696905     
   3.43843843843844      -2.534578931000347E-003  0.361035880957442     
   3.44844844844845      -2.756918521286400E-003  0.358664054593987     
   3.45845845845846      -3.551821764938756E-003  0.355947630952707     
   3.46846846846847      -5.976257609929360E-003  0.353209399325722     
   3.47847847847848      -1.025120915700104E-002  0.354298405795996     
   3.48848848848849      -8.094384057540198E-003  0.357962093221148     
   3.49849849849850      -5.717263240047376E-003  0.356024240870744     
   3.50850850850851      -4.669611228650879E-003  0.355176775824699     
   3.51851851851852      -3.167891126596297E-003  0.353003415492860     
   3.52852852852853      -2.885065901288158E-003  0.350764437205407     
   3.53853853853854      -2.551782384254989E-003  0.349212385967781     
   3.54854854854855      -2.108326941552570E-003  0.347293430729014     
   3.55855855855856      -1.975874110079129E-003  0.345391289168903     
   3.56856856856857      -1.950749170218756E-003  0.343717759974669     
   3.57857857857858      -1.786855950746079E-003  0.342059457035792     
   3.58858858858859      -1.699656401167002E-003  0.340358291242950     
   3.59859859859860      -1.658972968678429E-003  0.338690628962364     
   3.60860860860861      -1.640527906144823E-003  0.337047042808800     
   3.61861861861862      -1.639546111340734E-003  0.335413003368352     
   3.62862862862863      -1.659395574630399E-003  0.333772659534002     
   3.63863863863864      -1.713127325620467E-003  0.332105070576444     
   3.64864864864865      -1.839203274923187E-003  0.330380553372524     
   3.65865865865866      -2.160290027275177E-003  0.328600900707691     
   3.66866866866867      -2.640332553330666E-003  0.327066282183323     
   3.67867867867868      -3.070486297251492E-003  0.325137927658112     
   3.68868868868869      -4.952776734019980E-003  0.323276758221166     
   3.69869869869870      -7.210509234907463E-003  0.323922998780026     
   3.70870870870871      -6.328723723864909E-003  0.325760438627997     
   3.71871871871872      -5.013561727635797E-003  0.325456765618385     
   3.72872872872873      -3.103573058796307E-003  0.324301601324528     
   3.73873873873874      -2.353811658455812E-003  0.322262393364783     
   3.74874874874875      -2.285504213059264E-003  0.320691374252663     
   3.75875875875876      -1.946043930315512E-003  0.319361860393218     
   3.76876876876877      -1.725353271747535E-003  0.317961703393311     
   3.77877877877878      -1.506902343282424E-003  0.316532761540231     
   3.78878878878879      -1.399367370025069E-003  0.315118228498268     
   3.79879879879880      -1.338798933677213E-003  0.313760480057480     
   3.80880880880881      -1.297733227416757E-003  0.312446673304212     
   3.81881881881882      -1.266759395036579E-003  0.311166370071435     
   3.82882882882883      -1.241853117962089E-003  0.309912857108102     
   3.83883883883884      -1.221011427114183E-003  0.308681634730738     
   3.84884884884885      -1.203199056924946E-003  0.307469472780507     
   3.85885885885886      -1.188071537915020E-003  0.306273852460001     
   3.86886886886887      -1.176411839376898E-003  0.305092733808501     
   3.87887887887888      -1.172037850960895E-003  0.303927144120734     
   3.88888888888889      -1.165976562045990E-003  0.302788474335195     
   3.89889889889890      -1.153182383888857E-003  0.301655049672734     
   3.90890890890891      -1.135832914630441E-003  0.300537932313881     
   3.91891891891892      -1.117175100276850E-003  0.299419102432317     
   3.92892892892893      -1.104796153224727E-003  0.298308907223830     
   3.93893893893894      -1.094983174414588E-003  0.297208725371927     
   3.94894894894895      -1.086802428050350E-003  0.296117435385272     
   3.95895895895896      -1.080553168227827E-003  0.295033818533881     
   3.96896896896897      -1.078350668079531E-003  0.293956962143181     
   3.97897897897898      -1.084622291536757E-003  0.292893036622682     
   3.98898898898899      -1.081362957128785E-003  0.291844506420403     
   3.99899899899900      -1.080376011731922E-003  0.290803081039167     
   4.00900900900901      -1.061686559495703E-003  0.289760958028297     
   4.01901901901902      -1.052426422460430E-003  0.288709335578523     
   4.02902902902903      -1.050447606694400E-003  0.287659245154143     
   4.03903903903904      -1.053402916143234E-003  0.286608417931407     
   4.04904904904905      -1.062233017330260E-003  0.285552544957858     
   4.05905905905906      -1.080243882464740E-003  0.284485352865784     
   4.06906906906907      -1.115083684770844E-003  0.283396797067740     
   4.07907907907908      -1.186229966156186E-003  0.282269817415846     
   4.08908908908909      -1.354049224664140E-003  0.281080091521764     
   4.09909909909910      -1.819442401153005E-003  0.279895888182070     
   4.10910910910911      -2.462229717146266E-003  0.279315654139561     
   4.11911911911912      -2.295857584652408E-003  0.278994829537088     
   4.12912912912913      -2.061730236904157E-003  0.277689112014203     
   4.13913913913914      -2.924563267701056E-003  0.276300287242358     
   4.14914914914915      -4.208985846850282E-003  0.276687985051373     
   4.15915915915916      -3.295302309829101E-003  0.277570115191649     
   4.16916916916917      -1.946920797058624E-003  0.276520243623476     
   4.17917917917918      -1.567951882567389E-003  0.275137435260895     
   4.18918918918919      -1.584383878439608E-003  0.274113315226003     
   4.19919919919920      -1.306246915180667E-003  0.273216855954230     
   4.20920920920921      -1.143183972239756E-003  0.272117308715384     
   4.21921921921922      -1.110186445145116E-003  0.271044433129353     
   4.22922922922923      -1.160536355403137E-003  0.270065560427646     
   4.23923923923924      -1.100278822533482E-003  0.269148144933313     
   4.24924924924925      -1.061064932659010E-003  0.268124075010403     
   4.25925925925926      -1.081975016561322E-003  0.267074339512493     
   4.26926926926927      -1.158103162164232E-003  0.265983417029321     
   4.27927927927928      -1.338450422746592E-003  0.264805868855480     
   4.28928928928929      -1.804592183798560E-003  0.263479100974130     
   4.29929929929930      -3.229943668155954E-003  0.262227631010617     
   4.30930930930931      -5.167200403262315E-003  0.263825621646133     
   4.31931931931932      -2.921965342552618E-003  0.264782913019510     
   4.32932932932933      -1.757560775747632E-003  0.263419046678986     
   4.33933933933934      -1.446733435479859E-003  0.262056222507287     
   4.34934934934935      -1.548576203284937E-003  0.260802453633431     
   4.35935935935936      -2.140958256240063E-003  0.259996776398301     
   4.36936936936937      -2.194322953458386E-003  0.259939383005334     
   4.37937937937938      -1.528824133251440E-003  0.259483514684047     
   4.38938938938939      -1.128894068481292E-003  0.258467267717091     
   4.39939939939940      -9.855101056799264E-004  0.257476275284064     
   4.40940940940941      -9.281696343932559E-004  0.256543398480092     
   4.41941941941942      -9.185298843011566E-004  0.255642681054616     
   4.42942942942943      -9.797096164006890E-004  0.254774168225599     
   4.43943943943944      -1.060775125550847E-003  0.254072160429969     
   4.44944944944945      -1.003352359962074E-003  0.253329422146345     
   4.45945945945946      -9.489080875845993E-004  0.252606994718712     
   4.46946946946947      -8.662809085695889E-004  0.251792046509732     
   4.47947947947948      -8.449921044831535E-004  0.250956710442598     
   4.48948948948949      -8.561810118244425E-004  0.250118631946808     
   4.49949949949950      -9.056552874251567E-004  0.249261276298930     
   4.50950950950951      -1.048247762048554E-003  0.248365777874555     
   4.51951951951952      -1.463412354505723E-003  0.247540645759942     
   4.52952952952953      -1.842578202397742E-003  0.247227185261789     
   4.53953953953954      -1.850464316604297E-003  0.247148820595182     
   4.54954954954955      -1.322370473487614E-003  0.246536450207725     
   4.55955955955956      -1.319769461381923E-003  0.245678615279513     
   4.56956956956957      -1.285746560213741E-003  0.245212649784205     
   4.57957957957958      -1.103550086473690E-003  0.244566988277325     
   4.58958958958959      -9.005122095979939E-004  0.243849020980403     
   4.59959959959960      -8.020744422299073E-004  0.243056547434689     
   4.60960960960961      -7.618147342804185E-004  0.242289027082829     
   4.61961961961962      -7.428548519478168E-004  0.241542098931834     
   4.62962962962963      -7.347643618930211E-004  0.240806327796689     
   4.63963963963964      -7.349602107106184E-004  0.240074270137461     
   4.64964964964965      -7.446548285234883E-004  0.239338580421078     
   4.65965965965966      -7.695106294246550E-004  0.238589627832386     
   4.66966966966967      -8.253684886510658E-004  0.237811995162454     
   4.67967967967968      -9.606605859783126E-004  0.236980391438042     
   4.68968968968969      -1.352484421792247E-003  0.236094101804480     
   4.69969969969970      -2.380384089349706E-003  0.235794639639355     
   4.70970970970971      -1.963386333923697E-003  0.236561584202261     
   4.71971971971972      -1.179649251763458E-003  0.235844161324938     
   4.72972972972973      -9.621159048596216E-004  0.234949510365185     
   4.73973973973974      -1.008092164098894E-003  0.234134764968587     
   4.74974974974975      -1.182965774067377E-003  0.233652144480986     
   4.75975975975976      -9.426339795588017E-004  0.233224623071423     
   4.76976976976977      -7.629188904516745E-004  0.232521053658402     
   4.77977977977978      -6.964312634628111E-004  0.231820893018708     
   4.78978978978979      -6.664237871884148E-004  0.231148589676221     
   4.79979979979980      -6.526223828299410E-004  0.230494782662562     
   4.80980980980981      -6.546767330150788E-004  0.229856539354232     
   4.81981981981982      -6.608157350530871E-004  0.229254111467667     
   4.82982982982983      -6.354765711360753E-004  0.228655317906735     
   4.83983983983984      -6.165251508734736E-004  0.228040863737022     
   4.84984984984985      -6.071057297909930E-004  0.227431060932843     
   4.85985985985986      -6.010507944179966E-004  0.226827317603541     
   4.86986986986987      -5.965617503901116E-004  0.226228422286875     
   4.87987987987988      -5.930907662489306E-004  0.225633383903903     
   4.88988988988989      -5.905041385884771E-004  0.225041375442237     
   4.89989989989990      -5.889247782202932E-004  0.224451570547093     
   4.90990990990991      -5.888608402791481E-004  0.223862970847294     
   4.91991991991992      -5.918909673130865E-004  0.223274219411977     
   4.92992992992993      -6.036215236834443E-004  0.222684533145603     
   4.93993993993994      -6.362456283458017E-004  0.222111286158302     
   4.94994994994995      -6.390106978571020E-004  0.221575415308280     
   4.95995995995996      -6.096803753200815E-004  0.221006474911751     
   4.96996996996997      -5.985914925705226E-004  0.220413657071525     
   4.97997997997998      -5.996519673470921E-004  0.219817621378760     
   4.98998998998999      -6.074840056627425E-004  0.219216201797404     
   5.00000000000000      -6.225139683021499E-004  0.218604202287790     
