  -5.00000000000000      -7.947850287933339E-004 -0.225401792868923     
  -4.98998998998999      -7.572409171669326E-004 -0.226170680645533     
  -4.97997997997998      -7.348306578480030E-004 -0.226912234588382     
  -4.96996996996997      -7.231846921793592E-004 -0.227637922080353     
  -4.95995995995996      -7.207894549061342E-004 -0.228356690061005     
  -4.94994994994995      -7.287493716365973E-004 -0.229077033297114     
  -4.93993993993994      -7.524460054234916E-004 -0.229809204781265     
  -4.92992992992993      -8.082206464915595E-004 -0.230568347795723     
  -4.91991991991992      -9.501269861350261E-004 -0.231374631920810     
  -4.90990990990991      -1.362691065586798E-003 -0.232163185096700     
  -4.89989989989990      -2.015877025838045E-003 -0.232347519409449     
  -4.88988988988989      -1.671308801976901E-003 -0.232033362843042     
  -4.87987987987988      -1.054140807404290E-003 -0.232719239317999     
  -4.86986986986987      -8.458261024742250E-004 -0.233547815220419     
  -4.85985985985986      -7.682023801175949E-004 -0.234320959396005     
  -4.84984984984985      -7.313581898771464E-004 -0.235056001846730     
  -4.83983983983984      -7.120430433995385E-004 -0.235772232522833     
  -4.82982982982983      -7.020102741886611E-004 -0.236477144211502     
  -4.81981981981982      -6.968886296514167E-004 -0.237175732601863     
  -4.80980980980981      -6.946730216136364E-004 -0.237871241316963     
  -4.79979979979980      -6.943480124345185E-004 -0.238565790274683     
  -4.78978978978979      -6.953602723081152E-004 -0.239260856112920     
  -4.77977977977978      -6.974009634184855E-004 -0.239957544995511     
  -4.76976976976977      -7.003079101867581E-004 -0.240656754872630     
  -4.75975975975976      -7.040230666439526E-004 -0.241359283770364     
  -4.74974974974975      -7.085833504544046E-004 -0.242065916398000     
  -4.73973973973974      -7.141455115302373E-004 -0.242777512456018     
  -4.72972972972973      -7.210801039029558E-004 -0.243495118389719     
  -4.71971971971972      -7.302978611386071E-004 -0.244220075596190     
  -4.70970970970971      -7.442432951995615E-004 -0.244953152496950     
  -4.69969969969970      -7.613091792811004E-004 -0.245691082047478     
  -4.68968968968969      -7.776265791494476E-004 -0.246447646301091     
  -4.67967967967968      -8.107523608708771E-004 -0.247231378223612     
  -4.66966966966967      -8.809113580530412E-004 -0.248050902809475     
  -4.65965965965966      -1.059226044997684E-003 -0.248913559599840     
  -4.64964964964965      -1.504171895098166E-003 -0.249626508881190     
  -4.63963963963964      -1.772463303925331E-003 -0.249823833213230     
  -4.62962962962963      -1.464333714179004E-003 -0.250222425141772     
  -4.61961961961962      -1.384896900729673E-003 -0.250835800475002     
  -4.60960960960961      -1.065223762174384E-003 -0.251482906649033     
  -4.59959959959960      -9.014815395519212E-004 -0.252349018607741     
  -4.58958958958959      -8.429951691733050E-004 -0.253195469986937     
  -4.57957957957958      -8.184599494547094E-004 -0.254018134762832     
  -4.56956956956957      -8.073635070030608E-004 -0.254828027306047     
  -4.55955955955956      -8.026658673640018E-004 -0.255631897097491     
  -4.54954954954955      -8.014513938180629E-004 -0.256433639813865     
  -4.53953953953954      -8.023420776875526E-004 -0.257235630794401     
  -4.52952952952953      -8.046343754912965E-004 -0.258039425578869     
  -4.51951951951952      -8.079783763326864E-004 -0.258846130039922     
  -4.50950950950951      -8.122961000044471E-004 -0.259656602531952     
  -4.49949949949950      -8.178490671880538E-004 -0.260471345391130     
  -4.48948948948949      -8.241324920937706E-004 -0.261290767399996     
  -4.47947947947948      -8.331177424484067E-004 -0.262117230107123     
  -4.46946946946947      -8.515880156252175E-004 -0.262948262785348     
  -4.45945945945946      -8.762504782553447E-004 -0.263761146130719     
  -4.44944944944945      -8.666650769073704E-004 -0.264578059086785     
  -4.43943943943944      -8.591939029591254E-004 -0.265422753661943     
  -4.42942942942943      -8.610551175733133E-004 -0.266278826862277     
  -4.41941941941942      -8.696623302695306E-004 -0.267141984751389     
  -4.40940940940941      -8.879516028730756E-004 -0.268013753122842     
  -4.39939939939940      -9.346318142926416E-004 -0.268884438203275     
  -4.38938938938939      -9.718850868335608E-004 -0.269680487517284     
  -4.37937937937938      -9.200438935343619E-004 -0.270531101840659     
  -4.36936936936937      -9.025983394056042E-004 -0.271426429565726     
  -4.35935935935936      -9.006882389649983E-004 -0.272325184096062     
  -4.34934934934935      -9.035705158047053E-004 -0.273226973461880     
  -4.33933933933934      -9.083212405998429E-004 -0.274133291389352     
  -4.32932932932933      -9.139762038734748E-004 -0.275045069623718     
  -4.31931931931932      -9.201550579117126E-004 -0.275962876288105     
  -4.30930930930931      -9.266890322223250E-004 -0.276887093761090     
  -4.29929929929930      -9.335015752943707E-004 -0.277818011005546     
  -4.28928928928929      -9.405703144418569E-004 -0.278755872038243     
  -4.27927927927928      -9.479353530740691E-004 -0.279700886426978     
  -4.26926926926927      -9.556151961141173E-004 -0.280653119238127     
  -4.25925925925926      -9.633611608278304E-004 -0.281612934523194     
  -4.24924924924925      -9.715931842686797E-004 -0.282580962655583     
  -4.23923923923924      -9.808732425171183E-004 -0.283557523381438     
  -4.22922922922923      -9.925542719430344E-004 -0.284543337724611     
  -4.21921921921922      -1.011802564756721E-003 -0.285537948911347     
  -4.20920920920921      -1.043881905130008E-003 -0.286520903615105     
  -4.19919919919920      -1.039279038976465E-003 -0.287501004495869     
  -4.18918918918919      -1.037567940212832E-003 -0.288509743201110     
  -4.17917917917918      -1.034738981625107E-003 -0.289531707407676     
  -4.16916916916917      -1.038301140124689E-003 -0.290566123774414     
  -4.15915915915916      -1.045024551359431E-003 -0.291608003338761     
  -4.14914914914915      -1.052917141727235E-003 -0.292657688686503     
  -4.13913913913914      -1.061385038953233E-003 -0.293715711227062     
  -4.12912912912913      -1.070217060732100E-003 -0.294782449033522     
  -4.11911911911912      -1.079325808952259E-003 -0.295858190657363     
  -4.10910910910911      -1.088672242583480E-003 -0.296943180060742     
  -4.09909909909910      -1.098239298793267E-003 -0.298037640093378     
  -4.08908908908909      -1.108021309570873E-003 -0.299141785156394     
  -4.07907907907908      -1.118019348460553E-003 -0.300255828670289     
  -4.06906906906907      -1.128239108893407E-003 -0.301379988032498     
  -4.05905905905906      -1.138690016539341E-003 -0.302514488410444     
  -4.04904904904905      -1.149385085454627E-003 -0.303659566121515     
  -4.03903903903904      -1.160341496199213E-003 -0.304815472095217     
  -4.02902902902903      -1.171582718636640E-003 -0.305982475625013     
  -4.01901901901902      -1.183145982733174E-003 -0.307160864732880     
  -4.00900900900901      -1.195070237224949E-003 -0.308350910990492     
  -3.99899899899900      -1.207293809138030E-003 -0.309552981401773     
  -3.98898898898899      -1.219940428423465E-003 -0.310767570170872     
  -3.97897897897898      -1.233142480112204E-003 -0.311995073852602     
  -3.96896896896897      -1.247083547261125E-003 -0.313235959505715     
  -3.95895895895896      -1.261889315044064E-003 -0.314490294242385     
  -3.94894894894895      -1.276575548767829E-003 -0.315759251797147     
  -3.93893893893894      -1.292397457623527E-003 -0.317044324837121     
  -3.92892892892893      -1.309647635854811E-003 -0.318346015259374     
  -3.91891891891892      -1.328565690958866E-003 -0.319665652633972     
  -3.90890890890891      -1.349669704924591E-003 -0.321005044341769     
  -3.89889889889890      -1.373799800421023E-003 -0.322366631240996     
  -3.88888888888889      -1.402315442555737E-003 -0.323753833911418     
  -3.87887887887888      -1.437512145055706E-003 -0.325171649320844     
  -3.86886886886887      -1.483506182413082E-003 -0.326627724840823     
  -3.85885885885886      -1.548271612725608E-003 -0.328134396136026     
  -3.84884884884885      -1.648883415401590E-003 -0.329712739702379     
  -3.83883883883884      -1.827110703918594E-003 -0.331400634743215     
  -3.82882882882883      -2.205072062935736E-003 -0.333263862146772     
  -3.81881881881882      -3.218595655156519E-003 -0.335322565395502     
  -3.80880880880881      -5.877997820857841E-003 -0.336161514030485     
  -3.79879879879880      -5.779957783065295E-003 -0.333956288345293     
  -3.78878878878879      -3.690241211896996E-003 -0.334503444453473     
  -3.77877877877878      -2.467825209073544E-003 -0.336413364746777     
  -3.76876876876877      -2.008080235496005E-003 -0.338393962448614     
  -3.75875875875876      -1.824608755918165E-003 -0.340234310259829     
  -3.74874874874875      -1.739928892833041E-003 -0.341988282770721     
  -3.73873873873874      -1.700361563052056E-003 -0.343696496317419     
  -3.72872872872873      -1.683343144349019E-003 -0.345382755998062     
  -3.71871871871872      -1.679298065372668E-003 -0.347061490650298     
  -3.70870870870871      -1.683424931310381E-003 -0.348741729299195     
  -3.69869869869870      -1.693216640834681E-003 -0.350429697034096     
  -3.68868868868869      -1.707354292010421E-003 -0.352130032393541     
  -3.67867867867868      -1.725206505668410E-003 -0.353846537001568     
  -3.66866866866867      -1.746616085700688E-003 -0.355582671354523     
  -3.65865865865866      -1.771840045390077E-003 -0.357341946213699     
  -3.64864864864865      -1.801607257602118E-003 -0.359128314163570     
  -3.63863863863864      -1.837319515821915E-003 -0.360946659393174     
  -3.62862862862863      -1.881461279038283E-003 -0.362803526509020     
  -3.61861861861862      -1.938567562319674E-003 -0.364708472026956     
  -3.60860860860861      -2.017430002901908E-003 -0.366676241226179     
  -3.59859859859860      -2.136347633797747E-003 -0.368731336476285     
  -3.58858858858859      -2.338413899591492E-003 -0.370917109485698     
  -3.57857857857858      -2.742773516980060E-003 -0.373311445026060     
  -3.56856856856857      -3.753210404170265E-003 -0.376005601393040     
  -3.55855855855856      -6.765220795679664E-003 -0.378192090325143     
  -3.54854854854855      -8.824480980331065E-003 -0.374858143588162     
  -3.53853853853854      -4.918450456228227E-003 -0.374888654829753     
  -3.52852852852853      -3.225500696668801E-003 -0.377695103688134     
  -3.51851851851852      -2.653364845589845E-003 -0.380361539820579     
  -3.50850850850851      -2.421817697287582E-003 -0.382814903556734     
  -3.49849849849850      -2.316893127291697E-003 -0.385151562297882     
  -3.48848848848849      -2.268632361210910E-003 -0.387429825733977     
  -3.47847847847848      -2.249477456502718E-003 -0.389682043615729     
  -3.46846846846847      -2.246949213650388E-003 -0.391927076443070     
  -3.45845845845846      -2.254791472321052E-003 -0.394176676818520     
  -3.44844844844845      -2.269637777066924E-003 -0.396438681851535     
  -3.43843843843844      -2.289613355483943E-003 -0.398718694975315     
  -3.42842842842843      -2.313721323655187E-003 -0.401021046467915     
  -3.41841841841842      -2.341624592934850E-003 -0.403349421760826     
  -3.40840840840841      -2.373774771884395E-003 -0.405707390260479     
  -3.39839839839840      -2.412272480821168E-003 -0.408099014758510     
  -3.38838838838839      -2.464452698284390E-003 -0.410529254104739     
  -3.37837837837838      -2.557904351295533E-003 -0.412994845388832     
  -3.36836836836837      -2.704509026793507E-003 -0.415384756610894     
  -3.35835835835836      -2.669238604582046E-003 -0.417789973781140     
  -3.34834834834835      -2.665971252367099E-003 -0.420316215430332     
  -3.33833833833834      -2.652708681161043E-003 -0.422904661793383     
  -3.32832832832833      -2.672348100316096E-003 -0.425554139429530     
  -3.31831831831832      -2.709476358646315E-003 -0.428242160864343     
  -3.30830830830831      -2.756084696236223E-003 -0.430973609499636     
  -3.29829829829830      -2.813019521843479E-003 -0.433755483395868     
  -3.28828828828829      -2.887860305580117E-003 -0.436597241828829     
  -3.27827827827828      -3.006512125648304E-003 -0.439512802152073     
  -3.26826826826827      -3.265984252764587E-003 -0.442496638570476     
  -3.25825825825826      -3.814454642153774E-003 -0.445165806360736     
  -3.24824824824825      -3.561871803106839E-003 -0.447517424441392     
  -3.23823823823824      -3.272310298900580E-003 -0.450596928632673     
  -3.22822822822823      -3.211614652438621E-003 -0.453774485703489     
  -3.21821821821822      -3.222321673064953E-003 -0.456975979691081     
  -3.20820820820821      -3.259044259536485E-003 -0.460212637466632     
  -3.19819819819820      -3.307802324769312E-003 -0.463495567877278     
  -3.18818818818819      -3.363710863389921E-003 -0.466832151100587     
  -3.17817817817818      -3.424951004019655E-003 -0.470227800071631     
  -3.16816816816817      -3.491089065171854E-003 -0.473687164133789     
  -3.15815815815816      -3.562767667967364E-003 -0.477214931433350     
  -3.14814814814815      -3.642401262832511E-003 -0.480816633151410     
  -3.13813813813814      -3.737372318195515E-003 -0.484499611682851     
  -3.12812812812813      -3.873767650283951E-003 -0.488270062692670     
  -3.11811811811812      -4.127020281115468E-003 -0.492057246824447     
  -3.10810810810811      -4.226067109484785E-003 -0.495682620337079     
  -3.09809809809810      -4.204084531425121E-003 -0.499595505595807     
  -3.08808808808809      -4.197198733479797E-003 -0.503617389633842     
  -3.07807807807808      -4.231024397296185E-003 -0.507790937675245     
  -3.06806806806807      -4.304666626959970E-003 -0.512052004582616     
  -3.05805805805806      -4.394059388780409E-003 -0.516400941458123     
  -3.04804804804805      -4.492303592539036E-003 -0.520845412459685     
  -3.03803803803804      -4.597400314764156E-003 -0.525391983710155     
  -3.02802802802803      -4.708913344171441E-003 -0.530045924710082     
  -3.01801801801802      -4.824881463680082E-003 -0.534812894528847     
  -3.00800800800801      -4.946694305400628E-003 -0.539700474827103     
  -2.99799799799800      -5.075128111523811E-003 -0.544713621043711     
  -2.98798798798799      -5.210329184624477E-003 -0.549858591840660     
  -2.97797797797798      -5.352768042384506E-003 -0.555142282123544     
  -2.96796796796797      -5.503119880304871E-003 -0.560572190076771     
  -2.95795795795796      -5.662280451434448E-003 -0.566156576909405     
  -2.94794794794795      -5.831461086998428E-003 -0.571904700553932     
  -2.93793793793794      -6.012384541954013E-003 -0.577827171300741     
  -2.92792792792793      -6.207681580951147E-003 -0.583936535215207     
  -2.91791791791792      -6.421753313732556E-003 -0.590248298479412     
  -2.90790790790791      -6.662861698956568E-003 -0.596782822737874     
  -2.89789789789790      -6.948946495693616E-003 -0.603568649485280     
  -2.88788788788789      -7.323318319056525E-003 -0.610645215587010     
  -2.87787787787788      -7.899715470005354E-003 -0.618058731378263     
  -2.86786786786787      -8.997605123737816E-003 -0.625827268842887     
  -2.85785785785786      -1.158727044544230E-002 -0.632702700240615     
  -2.84784784784785      -1.112753034977843E-002 -0.637114919723163     
  -2.83783783783784      -9.496408168581829E-003 -0.645254662587232     
  -2.82782782782783      -9.225050534865812E-003 -0.654151503452550     
  -2.81781781781782      -9.327645599963708E-003 -0.663120337202068     
  -2.80780780780781      -9.520512955507997E-003 -0.672385675969527     
  -2.79779779779780      -9.809948766947903E-003 -0.681981918529509     
  -2.78778778778779      -1.016996132654041E-002 -0.691947300107745     
  -2.77777777777778      -1.058543450081902E-002 -0.702313498182173     
  -2.76776776776777      -1.104834961497404E-002 -0.713121917945028     
  -2.75775775775776      -1.155748016142376E-002 -0.724416526111515     
  -2.74774774774775      -1.211518290581757E-002 -0.736243653983903     
  -2.73773773773774      -1.272580247389632E-002 -0.748653390849952     
  -2.72772772772773      -1.339521878978958E-002 -0.761701030533449     
  -2.71771771771772      -1.413080628393627E-002 -0.775448471973505     
  -2.70770770770771      -1.494159066578329E-002 -0.789965726552427     
  -2.69769769769770      -1.583854836570223E-002 -0.805332663113322     
  -2.68768768768769      -1.683504903364991E-002 -0.821641117405594     
  -2.67767767767768      -1.794747186163116E-002 -0.838997513023686     
  -2.66766766766767      -1.919605443370054E-002 -0.857526184310245     
  -2.65765765765766      -2.060606898944388E-002 -0.877373663111864     
  -2.64764764764765      -2.220947575255533E-002 -0.898714303053208     
  -2.63763763763764      -2.404729203818948E-002 -0.921757790031080     
  -2.62762762762763      -2.617306758257324E-002 -0.946759366656089     
  -2.61761761761762      -2.865812642419580E-002 -0.974034054244716     
  -2.60760760760761      -3.159973414436914E-002  -1.00397691758372     
  -2.59759759759760      -3.513428309286544E-002  -1.03709273517579     
  -2.58758758758759      -3.945934618805824E-002  -1.07404119424357     
  -2.57757757757758      -4.487436119991584E-002  -1.11570812794207     
  -2.56756756756757      -5.185676109473975E-002  -1.16332165123399     
  -2.55755755755756      -6.122198350615229E-002  -1.21865539828261     
  -2.54754754754755      -7.449781486638332E-002  -1.28439851501191     
  -2.53753753753754      -9.493944460397240E-002  -1.36484775679951     
  -2.52752752752753      -0.130866674128678       -1.46693004666096     
  -2.51751751751752      -0.208050966275164       -1.59638545372661     
  -2.50750750750751      -0.370561346771562       -1.70597934330308     
  -2.49749749749750      -0.554382511346275       -1.72783478856731     
  -2.48748748748749      -0.708784074794020       -1.70517972120138     
  -2.47747747747748      -0.839447983831677       -1.66483713532950     
  -2.46746746746747      -0.953533065950077       -1.61521461590600     
  -2.45745745745746       -1.05540630760298       -1.55940194365012     
  -2.44744744744745       -1.14756587346594       -1.49865074596441     
  -2.43743743743744       -1.23081985077262       -1.43391490697582     
  -2.42742742742743       -1.30794969916408       -1.36767210712042     
  -2.41741741741742       -1.38007399681697       -1.29725663725891     
  -2.40740740740741       -1.44794591843368       -1.22373379161728     
  -2.39739739739740       -1.51122373687688       -1.14551248831533     
  -2.38738738738739       -1.56960842667333       -1.06322420968160     
  -2.37737737737738       -1.62338561377640      -0.976804721012920     
  -2.36736736736737       -1.67255095943083      -0.885948642298140     
  -2.35735735735736       -1.71694787732620      -0.790316488364090     
  -2.34734734734735       -1.75627862668058      -0.689491397536125     
  -2.33733733733734       -1.79007591632632      -0.582992971033058     
  -2.32732732732733       -1.81767595242093      -0.470274231082695     
  -2.31731731731732       -1.83816921477012      -0.350719779820854     
  -2.30730730730731       -1.85032783805860      -0.223646584191248     
  -2.29729729729730       -1.85249743586618      -8.831239473226825E-002
  -2.28728728728729       -1.84243441613549       5.605863386024060E-002
  -2.27727727727728       -1.81705544762001       0.210213346383876     
  -2.26726726726727       -1.77203840240873       0.374725612524768     
  -2.25725725725726       -1.70115916366215       0.549663236252829     
  -2.24724724724725       -1.59513434856607       0.733776034827833     
  -2.23723723723724       -1.43951773847289       0.922310510156475     
  -2.22722722722723       -1.21111169775294        1.10015194536986     
  -2.21721721721722      -0.878538448166384        1.21646166979350     
  -2.20720720720721      -0.490204048490430        1.13787111056753     
  -2.19719719719720      -0.269628822744087       0.912638379274749     
  -2.18718718718719      -0.177292437201760       0.724663281075459     
  -2.17717717717718      -0.130745446006260       0.582877489989679     
  -2.16716716716717      -0.103749777075886       0.471632505990850     
  -2.15715715715716      -8.797835696041931E-002  0.381893215184583     
  -2.14714714714715      -7.529719454562701E-002  0.310058986450087     
  -2.13713713713714      -6.486832797027221E-002  0.245523850064524     
  -2.12712712712713      -5.748921968007120E-002  0.191118147581627     
  -2.11711711711712      -4.949434480629453E-002  0.141169757535615     
  -2.10710710710711      -4.400299770638833E-002  9.533046873199688E-002
  -2.09709709709710      -3.990763983590448E-002  5.377833319293285E-002
  -2.08708708708709      -3.664625920065831E-002  1.575203480814508E-002
  -2.07707707707708      -3.397294519025982E-002 -1.937995159697893E-002
  -2.06706706706707      -3.174726640022316E-002 -5.210707112112554E-002
  -2.05705705705706      -2.987689733928544E-002 -8.281674526412787E-002
  -2.04704704704705      -2.829582134499257E-002 -0.111822634788378     
  -2.03703703703704      -2.695499390767292E-002 -0.139383875938454     
  -2.02702702702703      -2.581726604796399E-002 -0.165717980616145     
  -2.01701701701702      -2.485487054517672E-002 -0.191009388735618     
  -2.00700700700701      -2.404266875636556E-002 -0.215412198671732     
  -1.99699699699700      -2.335568182930743E-002 -0.239074876597226     
  -1.98698698698699      -2.278907370211611E-002 -0.262119637801618     
  -1.97697697697698      -2.232699342593515E-002 -0.284654912522032     
  -1.96696696696697      -2.196216148752155E-002 -0.306782396973798     
  -1.95695695695696      -2.168705690850714E-002 -0.328592835730763     
  -1.94694694694695      -2.149561488985976E-002 -0.350171919047886     
  -1.93693693693694      -2.138350529461514E-002 -0.371600586907308     
  -1.92692692692693      -2.134777233204341E-002 -0.392956257010244     
  -1.91691691691692      -2.138666043700768E-002 -0.414313975373246     
  -1.90690690690691      -2.149948947619244E-002 -0.435747671360365     
  -1.89689689689690      -2.168672010834894E-002 -0.457331142525136     
  -1.88688688688689      -2.194989090887431E-002 -0.479139162726483     
  -1.87687687687688      -2.229169469535423E-002 -0.501248597082867     
  -1.86686686686687      -2.271607524520149E-002 -0.523739582077093     
  -1.85685685685686      -2.322837569717177E-002 -0.546696828007380     
  -1.84684684684685      -2.383555020361593E-002 -0.570211096045149     
  -1.83683683683684      -2.454645647113316E-002 -0.594380918185740     
  -1.82682682682683      -2.537225781902377E-002 -0.619314646195516     
  -1.81681681681682      -2.632696489503086E-002 -0.645132915780815     
  -1.80680680680681      -2.742802540546693E-002 -0.671971811502457     
  -1.79679679679680      -2.869766779600507E-002 -0.699986957709846     
  -1.78678678678679      -3.016414475841299E-002 -0.729358256069572     
  -1.77677677677678      -3.186376169743799E-002 -0.760296907747319     
  -1.76676676676677      -3.384405073842859E-002 -0.793054497461407     
  -1.75675675675676      -3.616861159953561E-002 -0.827935666020126     
  -1.74674674674675      -3.892519531277547E-002 -0.865316184759818     
  -1.73673673673674      -4.224105873044367E-002 -0.905669517751247     
  -1.72672672672673      -4.631939658897777E-002 -0.949602993171745     
  -1.71671671671672      -5.152834121289377E-002 -0.997844738414415     
  -1.70670670670671      -5.817657766727106E-002  -1.05113643609838     
  -1.69669669669670      -6.647649368932751E-002  -1.11094692262155     
  -1.68668668668669      -7.740749887599799E-002  -1.17991886385456     
  -1.67667667667668      -9.342956696150165E-002  -1.26162606311115     
  -1.66666666666667      -0.119689278456288       -1.36144006387031     
  -1.65665665665666      -0.170326087959716       -1.48740732281130     
  -1.64664664664665      -0.287043395580113       -1.63256299766415     
  -1.63663663663664      -0.479350894661681       -1.71021703136347     
  -1.62662662662663      -0.654107718638835       -1.70999604027761     
  -1.61661661661662      -0.796086998976842       -1.68071868511040     
  -1.60660660660661      -0.914643034084568       -1.63998249784792     
  -1.59659659659660       -1.01645565493807       -1.59380484451733     
  -1.58658658658659       -1.10567226219151       -1.54472264533175     
  -1.57657657657658       -1.18498821829563       -1.49398242243369     
  -1.56656656656657       -1.25625316317352       -1.44226312085683     
  -1.55655655655656       -1.32079586505183       -1.38996129209290     
  -1.54654654654655       -1.37960665540373       -1.33731967650261     
  -1.53653653653654       -1.43344569131615       -1.28449131651889     
  -1.52652652652653       -1.48291049037749       -1.23157411173727     
  -1.51651651651652       -1.52847990860959       -1.17863062594940     
  -1.50650650650651       -1.57054384549623       -1.12570001800322     
  -1.49649649649650       -1.60942394409670       -1.07280552515927     
  -1.48648648648649       -1.64538840651431       -1.01995931508120     
  -1.47647647647648       -1.67866284381423      -0.967165717537187     
  -1.46646646646647       -1.70943838013357      -0.914423422355063     
  -1.45645645645646       -1.73787780848011      -0.861726995050341     
  -1.44644644644645       -1.76412033186035      -0.809067924725811     
  -1.43643643643644       -1.78828525216663      -0.756435333921210     
  -1.42642642642643       -1.81047485157729      -0.703816420847557     
  -1.41641641641642       -1.83077661925970      -0.651196652100412     
  -1.40640640640641       -1.84926487902491      -0.598559657208602     
  -1.39639639639640       -1.86600170312859      -0.545886653761521     
  -1.38638638638639       -1.88103653858013      -0.493154984647971     
  -1.37637637637638       -1.89440236628307      -0.440334740457559     
  -1.36636636636637       -1.90609863821522      -0.387382630593003     
  -1.35635635635636       -1.91602141569523      -0.334250862155765     
  -1.34634634634635       -1.92371636877645      -0.281216764740677     
  -1.33633633633634       -1.93042237048955      -0.229781851082294     
  -1.32632632632633       -1.93707179443974      -0.176965834356317     
  -1.31631631631632       -1.94156358604652      -0.123437325642133     
  -1.30630630630631       -1.94427345759931      -6.979100007974243E-002
  -1.29629629629630       -1.94536539151749      -1.602350307387066E-002
  -1.28628628628629       -1.94487615665006       3.789929529811253E-002
  -1.27627627627628       -1.94280162975798       9.200146587834783E-002
  -1.26626626626627       -1.93913493135840       0.146294472810799     
  -1.25625625625626       -1.93385145564215       0.200814329628427     
  -1.24624624624625       -1.92691339598393       0.255573409452852     
  -1.23623623623624       -1.91827139167848       0.310592166147471     
  -1.22622622622623       -1.90787351055065       0.365879562862591     
  -1.21621621621622       -1.89566031605539       0.421448345401240     
  -1.20620620620621       -1.88156380077198       0.477310609910918     
  -1.19619619619620       -1.86550512202130       0.533478385952751     
  -1.18618618618619       -1.84739362205917       0.589962571347434     
  -1.17617617617618       -1.82712554899131       0.646772683956394     
  -1.16616616616617       -1.80458222882652       0.703916565180568     
  -1.15615615615616       -1.77962773759365       0.761399949806256     
  -1.14614614614615       -1.75210597678151       0.819225869494504     
  -1.13613613613614       -1.72183698262552       0.877393835543175     
  -1.12612612612613       -1.68861222368078       0.935898714871161     
  -1.11611611611612       -1.65218853543454       0.994729166453491     
  -1.10610610610611       -1.61228018281195        1.05386543142218     
  -1.09609609609610       -1.56854829730773        1.11327614744108     
  -1.08608608608609       -1.52058654681962        1.17291364702271     
  -1.07607607607608       -1.46790125806920        1.23270682192600     
  -1.06606606606607       -1.40988312701104        1.29254992943749     
  -1.05605605605606       -1.34576573744396        1.35228432521026     
  -1.04604604604605       -1.27456257666461        1.41166719681564     
  -1.03603603603604       -1.19496740774488        1.47031482617273     
  -1.02602602602603       -1.10518897565151        1.52759183199267     
  -1.01601601601602       -1.00266158532720        1.58237380269500     
  -1.00600600600601      -0.883511192888891        1.63247227248977     
 -0.995995995995996      -0.741567762056530        1.67299368226166     
 -0.985985985985986      -0.567307125932294        1.69059689604364     
 -0.975975975975976      -0.360546518249964        1.64397909391671     
 -0.965965965965966      -0.204744413736790        1.50283988150782     
 -0.955955955955956      -0.136021574483353        1.36298736554351     
 -0.945945945945946      -0.102383216706378        1.25296208823643     
 -0.935935935935936      -8.255469500174223E-002   1.16443453837947     
 -0.925925925925926      -6.936006534260071E-002   1.09074138075101     
 -0.915915915915916      -5.982203776738774E-002   1.02757425871325     
 -0.905905905905906      -5.259425369015126E-002  0.972309939199828     
 -0.895895895895896      -4.692570012285309E-002  0.923254839349536     
 -0.885885885885886      -4.231175264551277E-002  0.879096169776859     
 -0.875875875875876      -3.852234250154900E-002  0.838986649422680     
 -0.865865865865866      -3.535325366205427E-002  0.802249559457573     
 -0.855855855855856      -3.266866512136953E-002  0.768382717024751     
 -0.845845845845846      -3.036300619336246E-002  0.736976544911888     
 -0.835835835835836      -2.836207620506090E-002  0.707699335399808     
 -0.825825825825826      -2.661101252042343E-002  0.680280091796926     
 -0.815815815815816      -2.506798625374318E-002  0.654494200173092     
 -0.805805805805806      -2.370045625495469E-002  0.630153013021327     
 -0.795795795795796      -2.248271915693798E-002  0.607096191209409     
 -0.785785785785786      -2.139422785996010E-002  0.585185956218292     
 -0.775775775775776      -2.041840291588603E-002  0.564302691372717     
 -0.765765765765765      -1.954177489027520E-002  0.544341514036992     
 -0.755755755755755      -1.875335639493840E-002  0.525209557408935     
 -0.745745745745745      -1.804417799919023E-002  0.506823776561409     
 -0.735735735735735      -1.740694429012374E-002  0.489109143957057     
 -0.725725725725725      -1.683578067592358E-002  0.471997133774662     
 -0.715715715715715      -1.632605122122551E-002  0.455424417463842     
 -0.705705705705705      -1.587423469239823E-002  0.439331708320749     
 -0.695695695695695      -1.547785121849507E-002  0.423662702579879     
 -0.685685685685685      -1.513543632658299E-002  0.408363069708827     
 -0.675675675675675      -1.484656320362258E-002  0.393379445799775     
 -0.665665665665665      -1.461191844930764E-002  0.378658381153893     
 -0.655655655655655      -1.443344197915153E-002  0.364145185765590     
 -0.645645645645645      -1.431454901378440E-002  0.349782603138865     
 -0.635635635635635      -1.426046260762865E-002  0.335509221404012     
 -0.625625625625625      -1.427870112373543E-002  0.321257497177014     
 -0.615615615615615      -1.437979016230603E-002  0.306951215573583     
 -0.605605605605605      -1.457830919320331E-002  0.292502128441372     
 -0.595595595595595      -1.489445127268864E-002  0.277805383724865     
 -0.585585585585585      -1.535639170523003E-002  0.262733149573062     
 -0.575575575575575      -1.600397093378776E-002  0.247125489103536     
 -0.565565565565565      -1.689458430233795E-002  0.230776947472764     
 -0.555555555555555      -1.811291837228467E-002  0.213416264008397     
 -0.545545545545545      -1.978768486372071E-002  0.194674702834401     
 -0.535535535535535      -2.212173643311511E-002  0.174034839874506     
 -0.525525525525525      -2.544933748085867E-002  0.150744373989652     
 -0.515515515515515      -3.035265230996296E-002  0.123664463380684     
 -0.505505505505505      -3.791887854006813E-002  9.099063469627157E-002
 -0.495495495495495      -5.035628844386028E-002  4.971166281643398E-002
 -0.485485485485485      -7.274760307730073E-002 -5.501688901931872E-003
 -0.475475475475475      -0.118792799133923      -8.414026037080721E-002
 -0.465465465465465      -0.233701035064916      -0.197369939907709     
 -0.455455455455455      -0.554101577729328      -0.261604263108038     
 -0.445445445445445      -0.906621975149653       0.122171960180618     
 -0.435435435435435      -0.718904834051976       0.626749174519516     
 -0.425425425425425      -0.324255052557953       0.695059570718642     
 -0.415415415415415      -0.150127064148450       0.577694283709514     
 -0.405405405405405      -8.556755216973827E-002  0.487347946129261     
 -0.395395395395395      -5.619660243359210E-002  0.425545766359736     
 -0.385385385385385      -4.051438602957898E-002  0.380997944706216     
 -0.375375375375375      -3.117008557198677E-002  0.347019601392875     
 -0.365365365365365      -2.514904610617028E-002  0.319875098973515     
 -0.355355355355355      -2.103600904416811E-002  0.297379883233435     
 -0.345345345345345      -1.809632172612760E-002  0.278186350513397     
 -0.335335335335335      -1.591808771929066E-002  0.261422373705499     
 -0.325325325325325      -1.425588916246145E-002  0.246499911897760     
 -0.315315315315315      -1.295612533263134E-002  0.233008398531622     
 -0.305305305305305      -1.191867582707995E-002  0.220652494490433     
 -0.295295295295295      -1.107601623271156E-002  0.209214199611780     
 -0.285285285285285      -1.038126539199083E-002  0.198528935055770     
 -0.275275275275275      -9.801052233009455E-003  0.188469955555348     
 -0.265265265265265      -9.311103301856690E-003  0.178937901167526     
 -0.255255255255255      -8.893427138776290E-003  0.169853617340280     
 -0.245245245245245      -8.534468303889571E-003  0.161153109605327     
 -0.235235235235235      -8.223868197757063E-003  0.152783925720030     
 -0.225225225225225      -7.953616039964015E-003  0.144702512329445     
 -0.215215215215215      -7.717457080402831E-003  0.136872248905465     
 -0.205205205205205      -7.510474580121627E-003  0.129261959304546     
 -0.195195195195195      -7.328792232008607E-003  0.121844763629652     
 -0.185185185185185      -7.169362672318735E-003  0.114597173412252     
 -0.175175175175175      -7.029820232676959E-003  0.107498359210930     
 -0.165165165165165      -6.908384937124344E-003  0.100529536077839     
 -0.155155155155155      -6.803811907417836E-003  9.367342141536436E-002
 -0.145145145145145      -6.715387502685168E-003  8.691372240564095E-002
 -0.135135135135135      -6.642982797504434E-003  8.023460574508298E-002
 -0.125125125125125      -6.587189984800672E-003  7.362008794897916E-002
 -0.115115115115115      -6.549595370612060E-003  6.705325314315230E-002
 -0.105105105105105      -6.533300865470503E-003  6.051514202020458E-002
 -9.509509509509506E-002 -6.543937268280823E-003  5.398302741597014E-002
 -8.508508508508505E-002 -6.591735808777469E-003  4.742752370692121E-002
 -7.507507507507505E-002 -6.696102600549285E-003  4.080739701764355E-002
 -6.506506506506504E-002 -6.896817538562218E-003  3.405970662337521E-002
 -5.505505505505504E-002 -7.285028723469339E-003  2.708048719309554E-002
 -4.504504504504503E-002 -8.107932403299782E-003  1.969128234371928E-002
 -3.503503503503502E-002 -1.019076658812081E-002  1.169583984829641E-002
 -2.502502502502502E-002 -1.613416288752386E-002  4.893384374301759E-003
 -1.501501501501501E-002 -1.902817765944973E-002  6.461757162835222E-003
 -5.005005005005003E-003 -1.750441262439208E-002  1.833622376901443E-003
  5.005005005005003E-003 -1.752195594666766E-002 -1.557896223619276E-003
  1.501501501501501E-002 -1.902690442116772E-002 -6.317943026816749E-003
  2.502502502502502E-002 -1.648972938848162E-002 -4.534233358701389E-003
  3.503503503503502E-002 -1.032968386261197E-002 -1.117245906081368E-002
  4.504504504504503E-002 -8.160583872306032E-003 -1.919724811819201E-002
  5.505505505505504E-002 -7.309835781573487E-003 -2.661128274834076E-002
  6.506506506506504E-002 -6.910538622686393E-003 -3.360558295644062E-002
  7.507507507507505E-002 -6.704682523950490E-003 -4.036279862933912E-002
  8.508508508508505E-002 -6.597769407892808E-003 -4.698947178451916E-002
  9.509509509509506E-002 -6.548763234824439E-003 -5.354998255472102E-002
  0.105105105105105      -6.537733969453187E-003 -6.008644843977298E-002
  0.115115115115115      -6.554222710526603E-003 -6.662887310667227E-002
  0.125125125125125      -6.592508981299080E-003 -7.320048477153945E-002
  0.135135135135135      -6.649476031229491E-003 -7.982070861189196E-002
  0.145145145145145      -6.723571344771962E-003 -8.650694280361243E-002
  0.155155155155155      -6.814275309953869E-003 -9.327570848030875E-002
  0.165165165165165      -6.921826886538096E-003 -0.100143467325795     
  0.175175175175175      -7.047091378927887E-003 -0.107127268797925     
  0.185185185185185      -7.191515820704303E-003 -0.114245324517225     
  0.195195195195195      -7.357146765075781E-003 -0.121517576010790     
  0.205205205205205      -7.546701202345904E-003 -0.128966308415839     
  0.215215215215215      -7.763691642937233E-003 -0.136616860045232     
  0.225225225225225      -8.012614985469251E-003 -0.144498483230246     
  0.235235235235235      -8.299224091980412E-003 -0.152645425385006     
  0.245245245245245      -8.630913255879434E-003 -0.161098322536493     
  0.255255255255255      -9.017266841436009E-003 -0.169906034582168     
  0.265265265265265      -9.470848787439819E-003 -0.179128109388532     
  0.275275275275275      -1.000835713960608E-002 -0.188838153837628     
  0.285285285285285      -1.065234636509130E-002 -0.199128535461551     
  0.295295295295295      -1.143385751409104E-002 -0.210117076341433     
  0.305305305305305      -1.239654471516922E-002 -0.221956800740420     
  0.315315315315315      -1.360335368053369E-002 -0.234850489973230     
  0.325325325325325      -1.514772597202125E-002 -0.249073037183590     
  0.335335335335335      -1.717320040842066E-002 -0.265006899061176     
  0.345345345345345      -1.990944320704032E-002 -0.283200409665923     
  0.355355355355355      -2.374251566614760E-002 -0.304467785971148     
  0.365365365365365      -2.936216378535029E-002 -0.330068906569557     
  0.375375375375375      -3.809953637050958E-002 -0.362049347827181     
  0.385385385385385      -5.279518946081097E-002 -0.403913248057958     
  0.395395395395395      -8.038562598332231E-002 -0.461944387332382     
  0.405405405405405      -0.141176579434081      -0.546807538862043     
  0.415415415415415      -0.305836033133571      -0.657677271042091     
  0.425425425425425      -0.687206885312814      -0.588661172312805     
  0.435435435435435      -0.844447388794734      -8.187103340592718E-002
  0.445445445445445      -0.472874594415981       0.239296071367036     
  0.455455455455455      -0.199945475537501       0.156828817869612     
  0.465465465465465      -0.104212864165210       5.437909057384812E-002
  0.475475475475475      -6.494156509039488E-002 -1.607767607332401E-002
  0.485485485485485      -4.553075499721989E-002 -6.594612297583012E-002
  0.495495495495495      -3.463518863321250E-002 -0.103569071520143     
  0.505505505505505      -2.796542766784003E-002 -0.133598675363571     
  0.515515515515515      -2.362517407266279E-002 -0.158674542926146     
  0.525525525525525      -2.067278724041259E-002 -0.180387422820729     
  0.535535535535535      -1.860017908117859E-002 -0.199745536061414     
  0.545545545545545      -1.711389719937132E-002 -0.217417557132974     
  0.555555555555555      -1.603505022238700E-002 -0.233865030036099     
  0.565565565565565      -1.524972802432421E-002 -0.249417938610658     
  0.575575575575575      -1.468277392569789E-002 -0.264319784554345     
  0.585585585585585      -1.428314093975396E-002 -0.278755557305882     
  0.595595595595595      -1.401533789492595E-002 -0.292869704747334     
  0.605605605605605      -1.385423789651780E-002 -0.306778045064252     
  0.615615615615615      -1.378182301494877E-002 -0.320575889692357     
  0.625625625625625      -1.378508568366378E-002 -0.334343731094710     
  0.635635635635635      -1.385464403474035E-002 -0.348151328366349     
  0.645645645645645      -1.398381113873946E-002 -0.362060718112041     
  0.655655655655655      -1.416796095753975E-002 -0.376128493642175     
  0.665665665665665      -1.440409362600551E-002 -0.390407581488541     
  0.675675675675675      -1.469053852916772E-002 -0.404948672254569     
  0.685685685685685      -1.502675577117004E-002 -0.419801416673163     
  0.695695695695695      -1.541321071568840E-002 -0.435015467941191     
  0.705705705705705      -1.585130556397600E-002 -0.450641432252453     
  0.715715715715715      -1.634335835080519E-002 -0.466731777533939     
  0.725725725725725      -1.689262446995614E-002 -0.483341743652522     
  0.735735735735735      -1.750335967229629E-002 -0.500530294632948     
  0.745745745745745      -1.818092698084080E-002 -0.518361154157390     
  0.755755755755755      -1.893195362277803E-002 -0.536903969728176     
  0.765765765765765      -1.976454838748129E-002 -0.556235658745903     
  0.775775775775776      -2.068859539975377E-002 -0.576442002272641     
  0.785785785785786      -2.171614802398909E-002 -0.597619570976737     
  0.795795795795796      -2.286195784304448E-002 -0.619878095246756     
  0.805805805805806      -2.414419062540054E-002 -0.643343431834567     
  0.815815815815816      -2.558540783718476E-002 -0.668161339347960     
  0.825825825825826      -2.721393599656570E-002 -0.694502365645021     
  0.835835835835836      -2.906582259206747E-002 -0.722568290894482     
  0.845845845845846      -3.118772489444203E-002 -0.752600794131374     
  0.855855855855856      -3.364141745015042E-002 -0.784893366898049     
  0.865865865865866      -3.651162761073807E-002 -0.819807879440350     
  0.875875875875876      -3.992191461437553E-002 -0.857794316773874     
  0.885885885885886      -4.403834378744356E-002 -0.899400215527179     
  0.895895895895896      -4.907907847232368E-002 -0.945365050352164     
  0.905905905905906      -5.532344735340072E-002 -0.996637080376363     
  0.915915915915916      -6.327533625283766E-002  -1.05480198300833     
  0.925925925925926      -7.403419543057564E-002  -1.12190322802855     
  0.935935935935936      -8.949779333367754E-002  -1.20107530404192     
  0.945945945945946      -0.113775303159284       -1.29735475632168     
  0.955955955955956      -0.157780384536015       -1.41879389169120     
  0.965965965965966      -0.255652945901449       -1.56845565756969     
  0.975975975975976      -0.447189898774946       -1.67674263884705     
  0.985985985985986      -0.643058535938120       -1.68873174660890     
  0.995995995995996      -0.802213316993930       -1.65906917086155     
   1.00600600600601      -0.933484609846675       -1.61388509095647     
   1.01601601601602       -1.04496898851428       -1.56170036470846     
   1.02602602602603       -1.14170469297910       -1.50593409917775     
   1.03603603603604       -1.22692037344655       -1.44821755335629     
   1.04604604604605       -1.30280377502185       -1.38942693351635     
   1.05605605605606       -1.37091189485180       -1.33007310201865     
   1.06606606606607       -1.43239784846771       -1.27047159662774     
   1.07607607607608       -1.48814343835545       -1.21082535433566     
   1.08608608608609       -1.53884072363125       -1.15126848976618     
   1.09609609609610       -1.58504451148577       -1.09189105408609     
   1.10610610610611       -1.62720745458389       -1.03275380882023     
   1.11611611611612       -1.66570429775882      -0.973897438582031     
   1.12612612612613       -1.70084910455034      -0.915348510677150     
   1.13613613613614       -1.73290779540003      -0.857123451049640     
   1.14614614614615       -1.76210746649462      -0.799231266834929     
   1.15615615615616       -1.78864344297667      -0.741675451987831     
   1.16616616616617       -1.81268470228136      -0.684455345493292     
   1.17617617617618       -1.83437810121146      -0.627567113086120     
   1.18618618618619       -1.85385170801123      -0.571004462895230     
   1.19619619619620       -1.87121745061440      -0.514759166331203     
   1.20620620620621       -1.88657322450409      -0.458821427977458     
   1.21621621621622       -1.90000452842099      -0.403180130893285     
   1.22622622622623       -1.91158552226792      -0.347823095030896     
   1.23623623623624       -1.92138025936192      -0.292738389220773     
   1.24624624624625       -1.92944380508442      -0.237912652997880     
   1.25625625625626       -1.93582793232760      -0.183337259274280     
   1.26626626626627       -1.94057233677654      -0.128989519374126     
   1.27627627627628       -1.94371717430697      -7.485220367660479E-002
   1.28628628628629       -1.94527059081733      -2.088972027864210E-002
   1.29629629629630       -1.94522835025599       3.291595984575443E-002
   1.30630630630631       -1.94354421169336       8.659756501081231E-002
   1.31631631631632       -1.93999906838226       0.140115190952908     
   1.32632632632633       -1.93445482651982       0.192493817984315     
   1.33633633633634       -1.92932851953982       0.244387338215841     
   1.34634634634635       -1.92242183334823       0.297549809527335     
   1.35635635635636       -1.91351115773646       0.350614402982160     
   1.36636636636637       -1.90291227439255       0.403505979063588     
   1.37637637637638       -1.89068719836856       0.456270835236363     
   1.38638638638639       -1.87683018336367       0.508945593508695     
   1.39639639639640       -1.86131085372601       0.561556667013029     
   1.40640640640641       -1.84408516516650       0.614125013458118     
   1.41641641641642       -1.82509793411693       0.666668626145736     
   1.42642642642643       -1.80428294520458       0.719203616912084     
   1.43643643643644       -1.78156211248807       0.771744642933496     
   1.44644644644645       -1.75684407490204       0.824304980989416     
   1.45645645645646       -1.73002230180501       0.876896371349729     
   1.46646646646647       -1.70097266132625       0.929528667183509     
   1.47647647647648       -1.66955033102360       0.982209276392924     
   1.48648648648649       -1.63558586110397        1.03494234440062     
   1.49649649649650       -1.59888011303790        1.08772758408835     
   1.50650650650651       -1.55919767146527        1.14055859992946     
   1.51651651651652       -1.51625813858355        1.19342046062450     
   1.52652652652653       -1.46972442467946        1.24628611961369     
   1.53653653653654       -1.41918667057346        1.29911101159489     
   1.54654654654655       -1.36413963866898        1.35182465655669     
   1.55655655655656       -1.30395002297412        1.40431714796456     
   1.56656656656657       -1.23780762204969        1.45641645920250     
   1.57657657657658       -1.16464957433832        1.50784827778169     
   1.58658658658659       -1.08303741698559        1.55816011854972     
   1.59659659659660      -0.990947024817541        1.60656554821088     
   1.60660660660661      -0.885389289710098        1.65158796962493     
   1.61661661661662      -0.761698617733042        1.69011996366903     
   1.62662662662663      -0.612358538314707        1.71441800341721     
   1.63663663663664      -0.428841484972519        1.70072654226940     
   1.64664664664665      -0.247284790333993        1.59742818847064     
   1.65665665665666      -0.153410920456610        1.45276303067746     
   1.66666666666667      -0.111563862348290        1.33437757401147     
   1.67667667667668      -8.867777062636384E-002   1.24010317986145     
   1.68668668668669      -7.426773322884973E-002   1.16222364846871     
   1.69669669669670      -6.389904974953989E-002   1.09595008351944     
   1.70670670670671      -5.610056774181355E-002   1.03763671844640     
   1.71671671671672      -5.009837754800193E-002  0.985916398279287     
   1.72672672672673      -4.517026645791555E-002  0.938969782844600     
   1.73673673673674      -4.129253812893968E-002  0.896065475156379     
   1.74674674674675      -3.812915513232869E-002  0.856568421271361     
   1.75675675675676      -3.549059794921373E-002  0.819913524866543     
   1.76676676676677      -3.325929498721105E-002  0.785655547191291     
   1.77677677677678      -3.135405412417783E-002  0.753439170299463     
   1.78678678678679      -2.971577950274852E-002  0.722975038947076     
   1.79679679679680      -2.830011044241056E-002  0.694023249944409     
   1.80680680680681      -2.707303103217689E-002  0.666381699563333     
   1.81681681681682      -2.600797524102363E-002  0.639877692108038     
   1.82682682682683      -2.508397493160119E-002  0.614361380704183     
   1.83683683683684      -2.428455925516837E-002  0.589701384476904     
   1.84684684684685      -2.359646676382158E-002  0.565780945001497     
   1.85685685685686      -2.300912133913355E-002  0.542494934476681     
   1.86686686686687      -2.251413095388063E-002  0.519747531206663     
   1.87687687687688      -2.210491375662571E-002  0.497450274960838     
   1.88688688688689      -2.177642628244031E-002  0.475520427501391     
   1.89689689689690      -2.152496722280383E-002  0.453879558663660     
   1.90690690690691      -2.134804080745128E-002  0.432452294388601     
   1.91691691691692      -2.124426778188229E-002  0.411165180807295     
   1.92692692692693      -2.121330121882205E-002  0.389945581620600     
   1.93693693693694      -2.125595847021924E-002  0.368720635261620     
   1.94694694694695      -2.137405180279742E-002  0.347416271254255     
   1.95695695695696      -2.157060807115040E-002  0.325955966093486     
   1.96696696696697      -2.185001802206014E-002  0.304259634751438     
   1.97697697697698      -2.221843837798531E-002  0.282242481621140     
   1.98698698698699      -2.268285392507044E-002  0.259814667635924     
   1.99699699699700      -2.325166869654565E-002  0.236874411264362     
   2.00700700700701      -2.393968387865609E-002  0.213316469787216     
   2.01701701701702      -2.475110505205314E-002  0.189015659555236     
   2.02702702702703      -2.571320411181237E-002  0.163827234465082     
   2.03703703703704      -2.684943348486592E-002  0.137597573059022     
   2.04704704704705      -2.818780787414140E-002  0.110142877342999     
   2.05705705705706      -2.976575503950793E-002  8.124650219019504E-002
   2.06706706706707      -3.163299019983414E-002  5.064993227092517E-002
   2.07707707707708      -3.385748755850560E-002  1.803931020151255E-002
   2.08708708708709      -3.653760592867392E-002 -1.697415406343075E-002
   2.09709709709710      -3.982901727938848E-002 -5.488391052344536E-002
   2.10710710710711      -4.403889455715759E-002 -9.633029771646640E-002
   2.11711711711712      -4.996902039730984E-002 -0.141941716696788     
   2.12712712712713      -5.820726992503012E-002 -0.190492404884313     
   2.13713713713714      -6.542479559456361E-002 -0.243850094451358     
   2.14714714714715      -7.253076548371422E-002 -0.306681556705747     
   2.15715715715716      -8.400128500793494E-002 -0.382188171165878     
   2.16716716716717      -0.101706900192452      -0.471990937465108     
   2.17717717717718      -0.129010500664035      -0.581975840251537     
   2.18718718718719      -0.174894801236811      -0.722173914380609     
   2.19719719719720      -0.264943723208017      -0.908093420492707     
   2.20720720720721      -0.479152191369757       -1.13343138402074     
   2.21721721721722      -0.864797491800514       -1.21988111023698     
   2.22722722722723       -1.20063704361200       -1.10782146736777     
   2.23723723723724       -1.43188219712101      -0.931384141079518     
   2.24724724724725       -1.58960252812092      -0.743317341796380     
   2.25725725725726       -1.69724290004896      -0.559297831917714     
   2.26726726726727       -1.76941204509556      -0.384275932038526     
   2.27727727727728       -1.81549036490387      -0.219586668503333     
   2.28728728728729       -1.84176302199426      -6.520454727518840E-002
   2.29729729729730       -1.85259297834044       7.942106436491563E-002
   2.30730730730731       -1.85109236926968       0.215023432604949     
   2.31731731731732       -1.83952603056820       0.342370174132287     
   2.32732732732733       -1.81956462946670       0.462198481791534     
   2.33733733733734       -1.79244895260991       0.575188319200705     
   2.34734734734735       -1.75909913348798       0.681953328946953     
   2.35735735735736       -1.72018799272224       0.783039700865536     
   2.36736736736737       -1.67619056247189       0.878927698063346     
   2.37737737737738       -1.62741209654175       0.970035041257072     
   2.38738738738739       -1.57401333310771        1.05670193082096     
   2.39739739739740       -1.51600536734409        1.13923209568688     
   2.40740740740741       -1.45310633012290        1.21768748596064     
   2.41741741741742       -1.38562929853870        1.29141920111667     
   2.42742742742743       -1.31394684421502        1.36198068708721     
   2.43743743743744       -1.23755775089263        1.42848618561983     
   2.44744744744745       -1.15483774728958        1.49366082552368     
   2.45745745745746       -1.06328033896300        1.55474011360041     
   2.46746746746747      -0.962253302822171        1.61091768647728     
   2.47747747747748      -0.849304218842894        1.66109133821110     
   2.48748748748749      -0.720216676033130        1.70237563111751     
   2.49749749749750      -0.568078732406614        1.72705812195865     
   2.50750750750751      -0.386224479686702        1.71072120704487     
   2.51751751751752      -0.217826451843104        1.60749044289776     
   2.52752752752753      -0.135036851769735        1.47638934768208     
   2.53753753753754      -9.711643089205023E-002   1.37215321003392     
   2.54754754754755      -7.583852738973879E-002   1.29023399988429     
   2.55755755755756      -6.213632711645057E-002   1.22347422823216     
   2.56756756756757      -5.252309201721880E-002   1.16740180069354     
   2.57757757757758      -4.538284734485960E-002   1.11922829370164     
   2.58758758758759      -3.986068741384897E-002   1.07712253864516     
   2.59759759759760      -3.545910254104901E-002   1.03982090684357     
   2.60760760760761      -3.186813731231602E-002   1.00641484801233     
   2.61761761761762      -2.888356313824559E-002  0.976229482122440     
   2.62762762762763      -2.636498135050584E-002  0.948749252112690     
   2.63763763763764      -2.421253359240700E-002  0.923571374957547     
   2.64764764764765      -2.235314172676449E-002  0.900375127169461     
   2.65765765765766      -2.073203474380899E-002  0.878900954958507     
   2.66766766766767      -1.930732332605152E-002  0.858935848898610     
   2.67767767767768      -1.804641096458136E-002  0.840302849047966     
   2.68768768768769      -1.692355254382100E-002  0.822853348065013     
   2.69769769769770      -1.591815378121877E-002  0.806461335268232     
   2.70770770770771      -1.501356351658709E-002  0.791019014630572     
   2.71771771771772      -1.419620377762722E-002  0.776433411201160     
   2.72772772772773      -1.345493968210038E-002  0.762623696085619     
   2.73773773773774      -1.278062940578776E-002  0.749519034078974     
   2.74774774774775      -1.216582419262319E-002  0.737056807627754     
   2.75775775775776      -1.160457835962517E-002  0.725181086720023     
   2.76776776776777      -1.109253236116336E-002  0.713841095426399     
   2.77777777777778      -1.062740239222079E-002  0.702989831974310     
   2.78778778778779      -1.021048526594999E-002  0.692582227562868     
   2.79779779779780      -9.852203638619538E-003  0.682574805358952     
   2.80780780780781      -9.571881417588737E-003  0.672940939321927     
   2.81781781781782      -9.372417791290057E-003  0.663639361170397     
   2.82782782782783      -9.306045215546992E-003  0.654590684171914     
   2.83783783783784      -9.717193544838642E-003  0.645648629801570     
   2.84784784784785      -1.156108268951539E-002  0.637842330463946     
   2.85785785785786      -1.137754381232539E-002  0.633478481916816     
   2.86786786786787      -8.893719890669186E-003  0.626300992181206     
   2.87787787787788      -7.836267804487032E-003  0.618475105823696     
   2.88788788788789      -7.304745699576988E-003  0.611031224834001     
   2.89789789789790      -6.950440104115036E-003  0.603944288214099     
   2.90790790790791      -6.671609617482160E-003  0.597149048522114     
   2.91791791791792      -6.432951985211847E-003  0.590603347785654     
   2.92792792792793      -6.219624362544672E-003  0.584279570613256     
   2.93793793793794      -6.024391267770038E-003  0.578158032366117     
   2.94794794794795      -5.843230237948808E-003  0.572223576092397     
   2.95795795795796      -5.673673735973342E-003  0.566463820859616     
   2.96796796796797      -5.514077063833933E-003  0.560868232048050     
   2.97797797797798      -5.363268909331890E-003  0.555427581130580     
   2.98798798798799      -5.220376038390903E-003  0.550133611238321     
   2.99799799799800      -5.084740354650783E-003  0.544978814428287     
   3.00800800800801      -4.955921055960689E-003  0.539956283807983     
   3.01801801801802      -4.833830665476923E-003  0.535059854210302     
   3.02802802802803      -4.717195776119651E-003  0.530284550081766     
   3.03803803803804      -4.605293002281840E-003  0.525622268635177     
   3.04804804804805      -4.499872973549344E-003  0.521067913019874     
   3.05805805805806      -4.401279414564417E-003  0.516616030071359     
   3.06806806806807      -4.311508064744320E-003  0.512260028442908     
   3.07807807807808      -4.237362623941350E-003  0.507992223604771     
   3.08808808808809      -4.202624945927362E-003  0.503811865145803     
   3.09809809809810      -4.210021657562113E-003  0.499783124075716     
   3.10810810810811      -4.228641340572919E-003  0.495861463945428     
   3.11811811811812      -4.140560565996358E-003  0.492231104598548     
   3.12812812812813      -3.882659309351250E-003  0.488444489976948     
   3.13813813813814      -3.743740309665685E-003  0.484668366428502     
   3.14814814814815      -3.647831839286275E-003  0.480979862343132     
   3.15815815815816      -3.567696324732836E-003  0.477373081020438     
   3.16816816816817      -3.495656072453758E-003  0.473840595547474     
   3.17817817817818      -3.429199738986132E-003  0.470376826233147     
   3.18818818818819      -3.367635883397685E-003  0.466977075659605     
   3.19819819819820      -3.311357335059247E-003  0.463636722969839     
   3.20820820820821      -3.262149749046115E-003  0.460350461798893     
   3.21821821821822      -3.224801605468615E-003  0.457111517405195     
   3.22822822822823      -3.210538359248702E-003  0.453909635275488     
   3.23823823823824      -3.261900545990935E-003  0.450728824837969     
   3.24824824824825      -3.533453006959423E-003  0.447633262006421     
   3.25825825825826      -3.823228381983502E-003  0.445241048763476     
   3.26826826826827      -3.281707192927968E-003  0.442604772463923     
   3.27827827827828      -3.013590559949141E-003  0.439620160425880     
   3.28828828828829      -2.892729533075975E-003  0.436700311994409     
   3.29829829829830      -2.817419857112439E-003  0.433854353638996     
   3.30830830830831      -2.760705532234405E-003  0.431068225704947     
   3.31831831831832      -2.715061030882356E-003  0.428332120808375     
   3.32832832832833      -2.680623644336991E-003  0.425638873740076     
   3.33833833833834      -2.668931594016365E-003  0.422985274451182     
   3.34834834834835      -2.686605990691267E-003  0.420406661051002     
   3.35835835835836      -2.701769064788705E-003  0.417880818728893     
   3.36836836836837      -2.686992825819699E-003  0.415513274708575     
   3.37837837837838      -2.537805369958999E-003  0.413063583357655     
   3.38838838838839      -2.461475078671753E-003  0.410590935622066     
   3.39839839839840      -2.414757511637227E-003  0.408157949304602     
   3.40840840840841      -2.378806596597200E-003  0.405761945534597     
   3.41841841841842      -2.348618759687253E-003  0.403397902572721     
   3.42842842842843      -2.322870096626433E-003  0.401061630549389     
   3.43843843843844      -2.301592643152186E-003  0.398749092942249     
   3.44844844844845      -2.285683115641103E-003  0.396455730464014     
   3.45845845845846      -2.277029927629189E-003  0.394175740212566     
   3.46846846846847      -2.279140715963020E-003  0.391901033922784     
   3.47847847847848      -2.298664660993598E-003  0.389619435898416     
   3.48848848848849      -2.349122318615387E-003  0.387311251253154     
   3.49849849849850      -2.461078313062332E-003  0.384942387085494     
   3.50850850850851      -2.714544800538283E-003  0.382451284209894     
   3.51851851851852      -3.363781575162139E-003  0.379743494919573     
   3.52852852852853      -5.339635456967344E-003  0.377040852014445     
   3.53853853853854      -8.869758693127542E-003  0.378108996518225     
   3.54854854854855      -5.735812604291245E-003  0.380127940093738     
   3.55855855855856      -3.407223134710470E-003  0.377596851657712     
   3.56856856856857      -2.621497726231451E-003  0.374974909550027     
   3.57857857857858      -2.290687243188976E-003  0.372629576486281     
   3.58858858858859      -2.118427008248896E-003  0.370465698542870     
   3.59859859859860      -2.013629194708825E-003  0.368417217223437     
   3.60860860860861      -1.942165975828141E-003  0.366447597209956     
   3.61861861861862      -1.889151870431260E-003  0.364535963428459     
   3.62862862862863      -1.847322965935893E-003  0.362669603611527     
   3.63863863863864      -1.812833688459010E-003  0.360840244774146     
   3.64864864864865      -1.783535032415762E-003  0.359042133988458     
   3.65865865865866      -1.758202234710177E-003  0.357270989760787     
   3.66866866866867      -1.736145626322528E-003  0.355523390907119     
   3.67867867867868      -1.717049703883262E-003  0.353796310631194     
   3.68868868868869      -1.700943595478325E-003  0.352086898235105     
   3.69869869869870      -1.688142024495182E-003  0.350392162927187     
   3.70870870870871      -1.679371645263970E-003  0.348708644393556     
   3.71871871871872      -1.675996141795513E-003  0.347031974768903     
   3.72872872872873      -1.680507786575172E-003  0.345356171452810     
   3.73873873873874      -1.697615089747937E-003  0.343672456058194     
   3.74874874874875      -1.736550765883850E-003  0.341966850551576     
   3.75875875875876      -1.819154672914871E-003  0.340215421739846     
   3.76876876876877      -2.003406764232863E-003  0.338382116704005     
   3.77877877877878      -2.429484108945242E-003  0.336443764920825     
   3.78878878878879      -3.464862417872758E-003  0.334488560666128     
   3.79879879879880      -5.660871971452762E-003  0.333408556457316     
   3.80880880880881      -6.435937911340572E-003  0.335983215242506     
   3.81881881881882      -3.467037034558877E-003  0.335502641106417     
   3.82882882882883      -2.295939470438077E-003  0.333408272870714     
   3.83883883883884      -1.868755927361498E-003  0.331504887438483     
   3.84884884884885      -1.671507878630509E-003  0.329792213967514     
   3.85885885885886      -1.562068278697708E-003  0.328198346386550     
   3.86886886886887      -1.492633803558085E-003  0.326681383145853     
   3.87887887887888      -1.443925446417659E-003  0.325218114846415     
   3.88888888888889      -1.407035227374056E-003  0.323795045771743     
   3.89889889889890      -1.377403766513811E-003  0.322403863154789     
   3.90890890890891      -1.352506042345687E-003  0.321039167979696     
   3.91891891891892      -1.330855175329361E-003  0.319697285361776     
   3.92892892892893      -1.311536340350323E-003  0.318375607141472     
   3.93893893893894      -1.293986191354516E-003  0.317072212306447     
   3.94894894894895      -1.277938377139735E-003  0.315785695815336     
   3.95895895895896      -1.263051914456647E-003  0.314515507146331     
   3.96896896896897      -1.248102112668865E-003  0.313260049213459     
   3.97897897897898      -1.234068239824617E-003  0.312018196126355     
   3.98898898898899      -1.220803594483876E-003  0.310789854656197     
   3.99899899899900      -1.208049608735135E-003  0.309574539599364     
   4.00900900900901      -1.195716177381236E-003  0.308371746951263     
   4.01901901901902      -1.183748328249642E-003  0.307181023624615     
   4.02902902902903      -1.172150293839643E-003  0.306002040053364     
   4.03903903903904      -1.160872602767916E-003  0.304834487032245     
   4.04904904904905      -1.149882928891752E-003  0.303678067605065     
   4.05905905905906      -1.139158437706523E-003  0.302532507831165     
   4.06906906906907      -1.128681664981728E-003  0.301397552904511     
   4.07907907907908      -1.118439190711936E-003  0.300272963146437     
   4.08908908908909      -1.108421239759083E-003  0.299158510446888     
   4.09909909909910      -1.098621880998461E-003  0.298053974777984     
   4.10910910910911      -1.089039960584909E-003  0.296959140273359     
   4.11911911911912      -1.079681311869944E-003  0.295873790100066     
   4.12912912912913      -1.070563617600988E-003  0.294797698723455     
   4.13913913913914      -1.061727528832392E-003  0.293730618759283     
   4.14914914914915      -1.053264568474402E-003  0.292672256536696     
   4.15915915915916      -1.045397586712383E-003  0.291622225359129     
   4.16916916916917      -1.038759565468285E-003  0.290579981478292     
   4.17917917917918      -1.035491883443027E-003  0.289545225900297     
   4.18918918918919      -1.038781816404617E-003  0.288523608251888     
   4.19919919919920      -1.040333239572491E-003  0.287515207274794     
   4.20920920920921      -1.042609535669001E-003  0.286535924085453     
   4.21921921921922      -1.010729262817852E-003  0.285550107186905     
   4.22922922922923      -9.923636655209741E-004  0.284555192675346     
   4.23923923923924      -9.809462582798946E-004  0.283569278006453     
   4.24924924924925      -9.717637183281864E-004  0.282592558410671     
   4.25925925925926      -9.635752788079500E-004  0.281624340912468     
   4.26926926926927      -9.558044624982173E-004  0.280664245101015     
   4.27927927927928      -9.482552500124864E-004  0.279711731822940     
   4.28928928928929      -9.409141890611409E-004  0.278766460198120     
   4.29929929929930      -9.338967525043303E-004  0.277828252619627     
   4.30930930930931      -9.271834024395000E-004  0.276896914966096     
   4.31931931931932      -9.208268059370498E-004  0.275972159671826     
   4.32932932932933      -9.149824816894421E-004  0.275053611417488     
   4.33933933933934      -9.100186040345888E-004  0.274140720319790     
   4.34934934934935      -9.068913923663125E-004  0.273232591789992     
   4.35935935935936      -9.085688139850337E-004  0.272327838492201     
   4.36936936936937      -9.260632576118565E-004  0.271427679798180     
   4.37937937937938      -9.715702910893568E-004  0.270577199159128     
   4.38938938938939      -9.281516387699336E-004  0.269760407961009     
   4.39939939939940      -8.890189231271993E-004  0.268881980023866     
   4.40940940940941      -8.726980128026171E-004  0.268006274570353     
   4.41941941941942      -8.636278396437281E-004  0.267139271304750     
   4.42942942942943      -8.582647533735162E-004  0.266279140180600     
   4.43943943943944      -8.579795674403725E-004  0.265424740093798     
   4.44944944944945      -8.669356718140938E-004  0.264581491249976     
   4.45945945945946      -8.756639242584347E-004  0.263766351695269     
   4.46946946946947      -8.515549250279113E-004  0.262952969462740     
   4.47947947947948      -8.337433983113175E-004  0.262122418495377     
   4.48948948948949      -8.248244734967549E-004  0.261297504524678     
   4.49949949949950      -8.174497139254932E-004  0.260477955326033     
   4.50950950950951      -8.119879589336192E-004  0.259663128048263     
   4.51951951951952      -8.076516605323365E-004  0.258852897146690     
   4.52952952952953      -8.041984205791552E-004  0.258046540159909     
   4.53953953953954      -8.017131613603846E-004  0.257243236553412     
   4.54954954954955      -8.005033291515833E-004  0.256441965591899     
   4.55955955955956      -8.011759664939769E-004  0.255641314332108     
   4.56956956956957      -8.048980510089332E-004  0.254839158881928     
   4.57957957957958      -8.140747219965430E-004  0.254032070849664     
   4.58958958958959      -8.343057919904428E-004  0.253214172422643     
   4.59959959959960      -8.811437917736389E-004  0.252375483802949     
   4.60960960960961      -1.007512470406065E-003  0.251510210336610     
   4.61961961961962      -1.319044638709586E-003  0.250774340138520     
   4.62962962962963      -1.405842052134851E-003  0.250228907907309     
   4.63963963963964      -1.658402022359345E-003  0.249597634984402     
   4.64964964964965      -1.748961647343354E-003  0.249522915673978     
   4.65965965965966      -1.166335957977013E-003  0.248981448506139     
   4.66966966966967      -9.193165825368487E-004  0.248105057651425     
   4.67967967967968      -8.280317505098352E-004  0.247269018436066     
   4.68968968968969      -7.866599000448829E-004  0.246474906723451     
   4.69969969969970      -7.672037037104644E-004  0.245710647693519     
   4.70970970970971      -7.497893405283459E-004  0.244969796811059     
   4.71971971971972      -7.338547380344332E-004  0.244234144593929     
   4.72972972972973      -7.236934509238087E-004  0.243506520518021     
   4.73973973973974      -7.163299352016815E-004  0.242786662514288     
   4.74974974974975      -7.105923078924221E-004  0.242073052361914     
   4.75975975975976      -7.060296075045887E-004  0.241364476477602     
   4.76976976976977      -7.024680464315752E-004  0.240659929719175     
   4.77977977977978      -6.998912071470171E-004  0.239958476085510     
   4.78978978978979      -6.984168902607868E-004  0.239259130577380     
   4.79979979979980      -6.983268034369619E-004  0.238560732376034     
   4.80980980980981      -7.001597347529376E-004  0.237861770095436     
   4.81981981981982      -7.049287290818841E-004  0.237160096388024     
   4.82982982982983      -7.146428353113948E-004  0.236452413587748     
   4.83983983983984      -7.337017867745572E-004  0.235733358551433     
   4.84984984984985      -7.723516958309266E-004  0.234994381519066     
   4.85985985985986      -8.584167944513331E-004  0.234219841762527     
   4.86986986986987      -1.080873578679812E-003  0.233404587067847     
   4.87987987987988      -1.712196722762336E-003  0.232775659570119     
   4.88988988988989      -1.914244071457305E-003  0.233149585133761     
   4.89989989989990      -1.222474887665073E-003  0.232773869822685     
   4.90990990990991      -9.003742871367655E-004  0.231971351071752     
   4.91991991991992      -7.853747044140405E-004  0.231183627197449     
   4.92992992992993      -7.380293982190716E-004  0.230438656395935     
   4.93993993993994      -7.166822742275314E-004  0.229718052948677     
   4.94994994994995      -7.082082756492495E-004  0.229009077714895     
   4.95995995995996      -7.080122748655156E-004  0.228303332684722     
   4.96996996996997      -7.148086024431985E-004  0.227594163042834     
   4.97997997997998      -7.291652969862480E-004  0.226874985513225     
   4.98998998998999      -7.533652864379074E-004  0.226137915508992     
   5.00000000000000      -7.921634430157024E-004  0.225372104049517     
