  -5.00000000000000      -1.686225919663169E-003 -0.220429051017969     
  -4.98998998998999      -1.209183106404930E-003 -0.221690034709769     
  -4.97997997997998      -9.873244684739321E-004 -0.222721648771361     
  -4.96996996996997      -8.698573188343537E-004 -0.223621222775654     
  -4.95995995995996      -8.026642733369402E-004 -0.224442944655801     
  -4.94994994994995      -7.630925172584060E-004 -0.225217633999024     
  -4.93993993993994      -7.407630540638163E-004 -0.225964298406454     
  -4.92992992992993      -7.310297915210427E-004 -0.226696069902959     
  -4.91991991991992      -7.327720541106081E-004 -0.227423617452248     
  -4.90990990990991      -7.484261754575079E-004 -0.228157749775573     
  -4.89989989989990      -7.868732580711760E-004 -0.228912416035653     
  -4.88988988988989      -8.747245904572138E-004 -0.229708787572254     
  -4.87987987987988      -1.102379645805460E-003 -0.230568161512148     
  -4.86986986986987      -1.717304713969402E-003 -0.231292028105192     
  -4.85985985985986      -2.265855663760973E-003 -0.231424201581735     
  -4.84984984984985      -2.407276084491037E-003 -0.230875090849953     
  -4.83983983983984      -1.387846477221286E-003 -0.231206075521448     
  -4.82982982982983      -9.782133990286301E-004 -0.232099860997247     
  -4.81981981981982      -8.287569443826628E-004 -0.232934951131273     
  -4.80980980980981      -7.631779504443826E-004 -0.233708086763708     
  -4.79979979979980      -7.298539621536379E-004 -0.234445677977144     
  -4.78978978978979      -7.118410414206539E-004 -0.235162647857492     
  -4.77977977977978      -7.018518611195581E-004 -0.235867665517810     
  -4.76976976976977      -6.965578441962054E-004 -0.236566014141906     
  -4.75975975975976      -6.942870156343465E-004 -0.237261085231639     
  -4.74974974974975      -6.941483931200327E-004 -0.237955223766289     
  -4.73973973973974      -6.956671402301740E-004 -0.238650192732357     
  -4.72972972972973      -6.986242324393951E-004 -0.239347451480111     
  -4.71971971971972      -7.029937425052843E-004 -0.240048349177689     
  -4.70970970970971      -7.089427847357706E-004 -0.240754292931447     
  -4.69969969969970      -7.168973913418476E-004 -0.241466939358357     
  -4.68968968968969      -7.277220699610656E-004 -0.242188472079130     
  -4.67967967967968      -7.431657474361173E-004 -0.242922074943264     
  -4.66966966966967      -7.670741009756612E-004 -0.243672807144857     
  -4.65965965965966      -8.092948797051896E-004 -0.244449021459841     
  -4.64964964964965      -9.005243354295223E-004 -0.245259775364562     
  -4.63963963963964      -1.106937884802119E-003 -0.246048806810956     
  -4.62962962962963      -1.326707812634019E-003 -0.246752987569473     
  -4.61961961961962      -1.696554496309168E-003 -0.247384952569383     
  -4.60960960960961      -2.079859722523603E-003 -0.247498331827747     
  -4.59959959959960      -1.489694561472553E-003 -0.247802085853796     
  -4.58958958958959      -1.333790234527231E-003 -0.248774563545290     
  -4.57957957957958      -1.663073969394648E-003 -0.249365344983052     
  -4.56956956956957      -1.296611941349524E-003 -0.249654783287765     
  -4.55955955955956      -9.796396294430645E-004 -0.250512052338680     
  -4.54954954954955      -8.719859106779421E-004 -0.251383747765501     
  -4.53953953953954      -8.284835992749780E-004 -0.252218624872942     
  -4.52952952952953      -8.082206938266461E-004 -0.253031374922565     
  -4.51951951951952      -7.983290005589365E-004 -0.253832363585067     
  -4.50950950950951      -7.938358566127911E-004 -0.254627537116197     
  -4.49949949949950      -7.925030487364376E-004 -0.255420450672206     
  -4.48948948948949      -7.932197205214041E-004 -0.256213388780403     
  -4.47947947947948      -7.954208033206198E-004 -0.257007948359627     
  -4.46946946946947      -7.988730302673244E-004 -0.257805371928631     
  -4.45945945945946      -8.036621707340083E-004 -0.258606781280150     
  -4.44944944944945      -8.104839987737579E-004 -0.259413379162346     
  -4.43943943943944      -8.220214144607948E-004 -0.260226181294991     
  -4.42942942942943      -8.448369590118549E-004 -0.261038179908694     
  -4.41941941941942      -8.531494766499801E-004 -0.261840844930142     
  -4.40940940940941      -8.641595372208243E-004 -0.262675554696596     
  -4.39939939939940      -9.154347229046808E-004 -0.263511207290011     
  -4.38938938938939      -9.796798512761587E-004 -0.264290776537271     
  -4.37937937937938      -9.901025100997934E-004 -0.265029598790201     
  -4.36936936936937      -9.106916892970959E-004 -0.265827957275040     
  -4.35935935935936      -8.757065144795846E-004 -0.266692417318831     
  -4.34934934934935      -8.669295158251659E-004 -0.267558080247566     
  -4.33933933933934      -8.663292153534303E-004 -0.268423460302762     
  -4.32932932932933      -8.688892765910093E-004 -0.269291041308185     
  -4.31931931931932      -8.729443092194507E-004 -0.270162371546974     
  -4.30930930930931      -8.778272352017710E-004 -0.271038362913400     
  -4.29929929929930      -8.832314771247286E-004 -0.271919593540834     
  -4.28928928928929      -8.890022082575859E-004 -0.272806464329570     
  -4.27927927927928      -8.950572136979854E-004 -0.273699278899805     
  -4.26926926926927      -9.013540011561875E-004 -0.274598287393771     
  -4.25925925925926      -9.078765872186323E-004 -0.275503713634026     
  -4.24924924924925      -9.146339036246860E-004 -0.276415776060283     
  -4.23923923923924      -9.216719109018957E-004 -0.277334710023959     
  -4.22922922922923      -9.291196936931740E-004 -0.278260798047102     
  -4.21921921921922      -9.373569663461189E-004 -0.279194375323931     
  -4.20920920920921      -9.472349844621664E-004 -0.280135331737819     
  -4.19919919919920      -9.596151898077455E-004 -0.281083581396295     
  -4.18918918918919      -9.763157469914522E-004 -0.282035698300947     
  -4.17917917917918      -9.936205356386976E-004 -0.282984754532791     
  -4.16916916916917      -9.985224195888139E-004 -0.283936728661128     
  -4.15915915915916      -9.921712706421693E-004 -0.284906222292827     
  -4.14914914914915      -9.923851669130243E-004 -0.285893512781858     
  -4.13913913913914      -9.976305612485847E-004 -0.286888195067221     
  -4.12912912912913      -1.004563713192778E-003 -0.287889836524820     
  -4.11911911911912      -1.012232328229656E-003 -0.288899011746071     
  -4.10910910910911      -1.020352796436757E-003 -0.289916132982671     
  -4.09909909909910      -1.028837567944699E-003 -0.290941380572844     
  -4.08908908908909      -1.037317771520333E-003 -0.291975035754492     
  -4.07907907907908      -1.046018642773912E-003 -0.293017575997669     
  -4.06906906906907      -1.054983375743262E-003 -0.294069028830537     
  -4.05905905905906      -1.064167215532348E-003 -0.295129576075521     
  -4.04904904904905      -1.073561663636398E-003 -0.296199422365643     
  -4.03903903903904      -1.083170118255986E-003 -0.297278776952693     
  -4.02902902902903      -1.093001413263743E-003 -0.298367856600400     
  -4.01901901901902      -1.103068490953808E-003 -0.299466889099826     
  -4.00900900900901      -1.113388936896629E-003 -0.300576116911447     
  -3.99899899899900      -1.123987715758364E-003 -0.301695801601422     
  -3.98898898898899      -1.134906614152556E-003 -0.302826229356822     
  -3.97897897897898      -1.146242164010669E-003 -0.303967705651286     
  -3.96896896896897      -1.158210326504464E-003 -0.305120355431895     
  -3.95895895895896      -1.170217994483573E-003 -0.306284104963093     
  -3.94894894894895      -1.182178001305082E-003 -0.307460360061667     
  -3.93893893893894      -1.194722312837925E-003 -0.308649474844854     
  -3.92892892892893      -1.208007214984397E-003 -0.309851726334588     
  -3.91891891891892      -1.222021973266839E-003 -0.311067639053632     
  -3.90890890890891      -1.236851784923389E-003 -0.312297937351363     
  -3.89889889889890      -1.252653967565713E-003 -0.313543484457888     
  -3.88888888888889      -1.269643484949061E-003 -0.314805318325005     
  -3.87887887887888      -1.288118120086879E-003 -0.316084758696748     
  -3.86886886886887      -1.308532458602632E-003 -0.317383455272051     
  -3.85885885885886      -1.331518170107629E-003 -0.318703552923188     
  -3.84884884884885      -1.358023337559711E-003 -0.320047929739635     
  -3.83883883883884      -1.389521723397949E-003 -0.321420558014738     
  -3.82882882882883      -1.428404231188566E-003 -0.322827114254862     
  -3.81881881881882      -1.478761046763754E-003 -0.324276041355242     
  -3.80880880880881      -1.548067311930382E-003 -0.325780489516994     
  -3.79879879879880      -1.651185853044624E-003 -0.327362047267521     
  -3.78878878878879      -1.821134108566200E-003 -0.329058177786978     
  -3.77877877877878      -2.143127320713805E-003 -0.330936020418565     
  -3.76876876876877      -2.883888217277046E-003 -0.333093214007837     
  -3.75875875875876      -4.899171426799501E-003 -0.335256333217462     
  -3.74874874874875      -8.568165588334368E-003 -0.334921136086495     
  -3.73873873873874      -7.886505705993576E-003 -0.330645569352432     
  -3.72872872872873      -4.236945230587103E-003 -0.331620556648686     
  -3.71871871871872      -2.834676118952391E-003 -0.333807833472152     
  -3.70870870870871      -2.198881198975839E-003 -0.335949822523818     
  -3.69869869869870      -1.933971183377063E-003 -0.337916494610772     
  -3.68868868868869      -1.809352477942647E-003 -0.339751442689324     
  -3.67867867867868      -1.746303548194226E-003 -0.341512810221265     
  -3.66866866866867      -1.714925936414430E-003 -0.343235165881678     
  -3.65865865865866      -1.701901779026335E-003 -0.344939105269818     
  -3.64864864864865      -1.700700315018099E-003 -0.346637934546997     
  -3.63863863863864      -1.708025235975920E-003 -0.348340846573044     
  -3.62862862862863      -1.722196813664312E-003 -0.350054855577446     
  -3.61861861861862      -1.742403158338276E-003 -0.351786112923835     
  -3.60860860860861      -1.768998626300769E-003 -0.353540694508371     
  -3.59859859859860      -1.803071572820690E-003 -0.355325012283160     
  -3.58858858858859      -1.846832681587851E-003 -0.357147015441036     
  -3.57857857857858      -1.904413680564761E-003 -0.359017393665206     
  -3.56856856856857      -1.983483806565886E-003 -0.360951713188554     
  -3.55855855855856      -2.099014228988473E-003 -0.362974364076226     
  -3.54854854854855      -2.282872270576664E-003 -0.365126306996177     
  -3.53853853853854      -2.611805916646582E-003 -0.367480570631464     
  -3.52852852852853      -3.304693382594886E-003 -0.370166568460376     
  -3.51851851851852      -5.126909671086387E-003 -0.373286954818140     
  -3.50850850850851      -1.037098553710875E-002 -0.374756009469421     
  -3.49849849849850      -1.150203022095830E-002 -0.368394765471320     
  -3.48848848848849      -6.234007255228003E-003 -0.368148628079820     
  -3.47847847847848      -3.762874720166972E-003 -0.371242070083181     
  -3.46846846846847      -2.901643134681465E-003 -0.374166931699403     
  -3.45845845845846      -2.542716969257235E-003 -0.376763611899842     
  -3.44844844844845      -2.370750636912308E-003 -0.379170987939413     
  -3.43843843843844      -2.282541392290058E-003 -0.381475136879130     
  -3.42842842842843      -2.237332215862131E-003 -0.383723915025927     
  -3.41841841841842      -2.216581865333751E-003 -0.385945145609335     
  -3.40840840840841      -2.210930093194377E-003 -0.388156031171112     
  -3.39839839839840      -2.215275201436830E-003 -0.390367871179960     
  -3.38838838838839      -2.226686156498898E-003 -0.392588535127923     
  -3.37837837837838      -2.243442309691550E-003 -0.394823841171744     
  -3.36836836836837      -2.264583542965222E-003 -0.397078387604246     
  -3.35835835835836      -2.289751179490847E-003 -0.399356122371473     
  -3.34834834834835      -2.319326696944080E-003 -0.401660830935330     
  -3.33833833833834      -2.355273574368230E-003 -0.403996634765439     
  -3.32832832832833      -2.404181682069217E-003 -0.406367535526627     
  -3.31831831831832      -2.486514780254471E-003 -0.408770512399463     
  -3.30830830830831      -2.605181987554633E-003 -0.411120381876692     
  -3.29829829829830      -2.600352404160470E-003 -0.413502861952071     
  -3.28828828828829      -2.609936063637973E-003 -0.415956728573275     
  -3.27827827827828      -2.603489319791076E-003 -0.418499739880679     
  -3.26826826826827      -2.638424752712553E-003 -0.421107062496604     
  -3.25825825825826      -2.699929351776879E-003 -0.423767478078430     
  -3.24824824824825      -2.794505400738102E-003 -0.426497585932784     
  -3.23823823823824      -2.961566237109858E-003 -0.429325008322417     
  -3.22822822822823      -3.346786808609971E-003 -0.432272710194090     
  -3.21821821821822      -4.408803279626045E-003 -0.434952285372755     
  -3.20820820820821      -4.624085383225882E-003 -0.436012174020804     
  -3.19819819819820      -3.558788535134651E-003 -0.438621206765028     
  -3.18818818818819      -3.214969925609667E-003 -0.441749718622861     
  -3.17817817817818      -3.119155837032084E-003 -0.444851156549626     
  -3.16816816816817      -3.104790649090785E-003 -0.447943532728760     
  -3.15815815815816      -3.124074944507763E-003 -0.451051379114753     
  -3.14814814814815      -3.159827785277704E-003 -0.454191286633858     
  -3.13813813813814      -3.205321217419228E-003 -0.457373695703517     
  -3.12812812812813      -3.257723465683239E-003 -0.460605846475169     
  -3.11811811811812      -3.316059746262288E-003 -0.463893537275293     
  -3.10810810810811      -3.380770640040955E-003 -0.467242238043352     
  -3.09809809809810      -3.454551786695063E-003 -0.470658099373345     
  -3.08808808808809      -3.546583526043908E-003 -0.474148849434440     
  -3.07807807807808      -3.691057822831076E-003 -0.477716164336689     
  -3.06806806806807      -3.946221897616117E-003 -0.481233611970589     
  -3.05805805805806      -3.941823209074245E-003 -0.484681032786991     
  -3.04804804804805      -3.922646967044396E-003 -0.488406429508073     
  -3.03803803803804      -3.930114265499378E-003 -0.492238324004630     
  -3.02802802802803      -3.981096407551886E-003 -0.496175687902318     
  -3.01801801801802      -4.056263609207112E-003 -0.500191523647795     
  -3.00800800800801      -4.142588460625939E-003 -0.504291363058141     
  -2.99799799799800      -4.236398342285906E-003 -0.508482197700261     
  -2.98798798798799      -4.336763041835293E-003 -0.512770323440555     
  -2.97797797797798      -4.444009314864515E-003 -0.517161899139714     
  -2.96796796796797      -4.560225307643551E-003 -0.521663002033628     
  -2.95795795795796      -4.689963167921126E-003 -0.526273614130333     
  -2.94794794794795      -4.812731128482163E-003 -0.530995717522960     
  -2.93793793793794      -4.940659638746251E-003 -0.535864203702459     
  -2.92792792792793      -5.085466464001948E-003 -0.540875395190515     
  -2.91791791791792      -5.246540007152309E-003 -0.546039077580855     
  -2.90790790790791      -5.428322344819413E-003 -0.551371447975031     
  -2.89789789789790      -5.641071753008347E-003 -0.556894806345185     
  -2.88788788788789      -5.908148305148294E-003 -0.562641085844759     
  -2.87787787787788      -6.287611382037192E-003 -0.568643329579122     
  -2.86786786786787      -6.824365677196299E-003 -0.574912412989605     
  -2.85785785785786      -7.703343220142392E-003 -0.581668472254409     
  -2.84784784784785      -9.871681619902362E-003 -0.588913946388069     
  -2.83783783783784      -1.533612811444581E-002 -0.593463727403607     
  -2.82782782782783      -1.344744769011129E-002 -0.592553742759301     
  -2.81781781781782      -9.481008625616202E-003 -0.599543771009291     
  -2.80780780780781      -8.345837766175195E-003 -0.607655057456924     
  -2.79779779779780      -8.111204905158351E-003 -0.615644381876742     
  -2.78778778778779      -8.238713968987609E-003 -0.623567614401132     
  -2.77777777777778      -8.351472192746189E-003 -0.631526917609787     
  -2.76776776776777      -8.521901888425731E-003 -0.639799757951355     
  -2.75775775775776      -8.744030955712703E-003 -0.648343935606383     
  -2.74774774774775      -9.031339108757844E-003 -0.657207229752205     
  -2.73773773773774      -9.370638015523437E-003 -0.666398542723030     
  -2.72772772772773      -9.750598134714772E-003 -0.675952455968061     
  -2.71771771771772      -1.016911589279107E-002 -0.685906069113369     
  -2.70770770770771      -1.062743150653030E-002 -0.696297633507220     
  -2.69769769769770      -1.112847608289752E-002 -0.707167872848979     
  -2.68768768768769      -1.167640430836890E-002 -0.718561159337484     
  -2.67767767767768      -1.227649684862602E-002 -0.730526589901080     
  -2.66766766766767      -1.293522486404142E-002 -0.743119093632909     
  -2.65765765765766      -1.366041796904535E-002 -0.756400668122936     
  -2.64764764764765      -1.446152450151779E-002 -0.770441829677708     
  -2.63763763763764      -1.534997480468367E-002 -0.785323367793779     
  -2.62762762762763      -1.633967420412981E-002 -0.801138513627512     
  -2.61761761761762      -1.744766988685510E-002 -0.817995666003901     
  -2.60760760760761      -1.869505987788694E-002 -0.836021870959729     
  -2.59759759759760      -2.010824859570180E-002 -0.855367330424898     
  -2.58758758758759      -2.172071131439124E-002 -0.876211337202214     
  -2.57757757757758      -2.357552543376222E-002 -0.898770221866710     
  -2.56756756756757      -2.572908693942027E-002 -0.923308200607187     
  -2.55755755755756      -2.825674273927834E-002 -0.950152508558228     
  -2.54754754754755      -3.126159495139141E-002 -0.979715004417689     
  -2.53753753753754      -3.488888610487535E-002  -1.01252384746741     
  -2.52752752752753      -3.934994633347335E-002  -1.04927057063467     
  -2.51751751751752      -4.496140193824020E-002  -1.09088927241264     
  -2.50750750750751      -5.223899835485381E-002  -1.13868390273467     
  -2.49749749749750      -6.206410112110174E-002  -1.19453908536702     
  -2.48748748748749      -7.609617431278225E-002  -1.26132846441570     
  -2.47747747747748      -9.790051068578350E-002  -1.34366265655018     
  -2.46746746746747      -0.136686612674022       -1.44895492115118     
  -2.45745745745746      -0.221081704449986       -1.58253241138068     
  -2.44744744744745      -0.395676700943627       -1.69010577402129     
  -2.43743743743744      -0.588350270746421       -1.70481528278662     
  -2.42742742742743      -0.748238823193322       -1.67269574081171     
  -2.41741741741742      -0.880834452907076       -1.62632535484564     
  -2.40740740740741       -1.00004550861802       -1.57017165548463     
  -2.39739739739740       -1.10707052616488       -1.50768498683729     
  -2.38738738738739       -1.20562014479861       -1.43783648265142     
  -2.37737737737738       -1.29540144973267       -1.36195922669030     
  -2.36736736736737       -1.37773084922154       -1.28088820901335     
  -2.35735735735736       -1.45347482396319       -1.19468943991209     
  -2.34734734734735       -1.52312952328321       -1.10317764147885     
  -2.33733733733734       -1.58689161254163       -1.00598669361593     
  -2.32732732732733       -1.64468216421284      -0.902649836101670     
  -2.31731731731732       -1.69619525274582      -0.792610171615387     
  -2.30730730730731       -1.74086647818756      -0.675198122912838     
  -2.29729729729730       -1.77781981757245      -0.549631355174198     
  -2.28728728728729       -1.80578245794176      -0.415012571597229     
  -2.27727727727728       -1.82295311669106      -0.270334344060541     
  -2.26726726726727       -1.82679647873917      -0.114502982154119     
  -2.25725725725726       -1.81371870175541       5.359215245841294E-002
  -2.24724724724725       -1.77853847200049       0.234902054935993     
  -2.23723723723724       -1.71359040828536       0.429778346923628     
  -2.22722722722723       -1.60713348116570       0.636833030230466     
  -2.21721721721722       -1.44044452712601       0.849676545917722     
  -2.20720720720721       -1.18330677702444        1.04600798702956     
  -2.19719719719720      -0.803626462784531        1.14724709319407     
  -2.18718718718719      -0.422660712565010        1.00834438794342     
  -2.17717717717718      -0.241360627340900       0.781744603216536     
  -2.16716716716717      -0.162828320907982       0.606471688651430     
  -2.15715715715716      -0.121205732069908       0.474449934329392     
  -2.14714714714715      -9.580730935305722E-002  0.370676077511332     
  -2.13713713713714      -7.889361397263445E-002  0.285937431450233     
  -2.12712712712713      -6.703219955065073E-002  0.214615847100594     
  -2.11711711711712      -5.865270161536394E-002  0.153092098959647     
  -2.10710710710711      -5.353058098755800E-002  9.937523387727795E-002
  -2.09709709709710      -4.952528682817332E-002  5.450588673160111E-002
  -2.08708708708709      -4.392308254735432E-002  1.207630035535704E-002
  -2.07707707707708      -4.233272044799519E-002 -2.767815826798080E-002
  -2.06706706706707      -4.277989173881891E-002 -5.840532428998506E-002
  -2.05705705705706      -3.568437779823046E-002 -8.804151216977719E-002
  -2.04704704704705      -3.132292337423115E-002 -0.119660541777543     
  -2.03703703703704      -2.879620955701157E-002 -0.149255728393510     
  -2.02702702702703      -2.698927637114687E-002 -0.176959054966708     
  -2.01701701701702      -2.557045673555833E-002 -0.203128582403927     
  -2.00700700700701      -2.441103812340971E-002 -0.228045738543177     
  -1.99699699699700      -2.345317935589639E-002 -0.251921007026177     
  -1.98698698698699      -2.265109809487246E-002 -0.274926192538009     
  -1.97697697697698      -2.198476668697479E-002 -0.297212029190993     
  -1.96696696696697      -2.143719472194322E-002 -0.318898550431432     
  -1.95695695695696      -2.099364894152288E-002 -0.340094277624668     
  -1.94694694694695      -2.064336989296106E-002 -0.360896592105842     
  -1.93693693693694      -2.037820450964369E-002 -0.381393838202012     
  -1.92692692692693      -2.019192341663918E-002 -0.401667339742908     
  -1.91691691691692      -2.007981214148527E-002 -0.421793210579446     
  -1.90690690690691      -2.003862194644076E-002 -0.441843520955494     
  -1.89689689689690      -2.006610791345721E-002 -0.461887648114809     
  -1.88688688688689      -2.016113078376171E-002 -0.481993355322202     
  -1.87687687687688      -2.032354630917315E-002 -0.502227767124389     
  -1.86686686686687      -2.055418833741620E-002 -0.522658351084332     
  -1.85685685685686      -2.085488965913568E-002 -0.543353893207458     
  -1.84684684684685      -2.122853963043324E-002 -0.564385510619188     
  -1.83683683683684      -2.167918292493959E-002 -0.585827739743395     
  -1.82682682682683      -2.221216564402012E-002 -0.607759743386841     
  -1.81681681681682      -2.283434828742850E-002 -0.630266689872787     
  -1.80680680680681      -2.355440996733435E-002 -0.653441341065143     
  -1.79679679679680      -2.438317335470215E-002 -0.677385846951643     
  -1.78678678678679      -2.533378415337710E-002 -0.702214334455778     
  -1.77677677677678      -2.642302910196703E-002 -0.728056213182407     
  -1.76676676676677      -2.767236835381119E-002 -0.755058962521030     
  -1.75675675675676      -2.910855801728328E-002 -0.783393304848681     
  -1.74674674674675      -3.076590340028651E-002 -0.813259699039148     
  -1.73673673673674      -3.268905352656375E-002 -0.844896764523540     
  -1.72672672672673      -3.493716907216293E-002 -0.878592934864101     
  -1.71671671671672      -3.759039043967340E-002 -0.914702938335741     
  -1.70670670670671      -4.076036543919423E-002 -0.953671754804519     
  -1.69669669669670      -4.460844647646874E-002 -0.996070628679892     
  -1.68668668668669      -4.938018921911848E-002  -1.04265311735025     
  -1.67667667667668      -5.548158918299913E-002  -1.09444190028776     
  -1.66666666666667      -6.367189657415674E-002  -1.15279918825031     
  -1.65665665665666      -7.489676997180612E-002  -1.21926702364364     
  -1.64664664664665      -9.096845878902542E-002  -1.29760690477981     
  -1.63663663663664      -0.116553494331690       -1.39172706183247     
  -1.62662662662663      -0.163381381956713       -1.51018619744546     
  -1.61661661661662      -0.270016513130410       -1.64885790722540     
  -1.60660660660661      -0.450499727402189       -1.72803702081876     
  -1.59659659659660      -0.617355262912050       -1.73210990435641     
  -1.58658658658659      -0.753469226477586       -1.70769249689664     
  -1.57657657657658      -0.867550271118826       -1.67205582238273     
  -1.56656656656657      -0.965941297011596       -1.63104061062457     
  -1.55655655655656       -1.05256620903965       -1.58709079570389     
  -1.54654654654655       -1.12996339541879       -1.54140399589067     
  -1.53653653653654       -1.19986801645552       -1.49463339610595     
  -1.52652652652653       -1.26352274451875       -1.44716241768226     
  -1.51651651651652       -1.32185151110768       -1.39922782882204     
  -1.50650650650651       -1.37556220658883       -1.35098086301518     
  -1.49649649649650       -1.42521052248087       -1.30252005402845     
  -1.48648648648649       -1.47124139696315       -1.25391001055719     
  -1.47647647647648       -1.51401693208518       -1.20519270064492     
  -1.46646646646647       -1.55383579868698       -1.15639451060079     
  -1.45645645645646       -1.59094709104631       -1.10753079970433     
  -1.44644644644645       -1.62556044711186       -1.05860890181651     
  -1.43643643643644       -1.65785358326321       -1.00963011650126     
  -1.42642642642643       -1.68797798813651      -0.960591000309160     
  -1.41641641641642       -1.71606326208350      -0.911484122502770     
  -1.40640640640641       -1.74222040827690      -0.862298335959716     
  -1.39639639639640       -1.76654422393871      -0.813018489099833     
  -1.38638638638639       -1.78911472900268      -0.763624303628608     
  -1.37637637637638       -1.80999708197139      -0.714087718382989     
  -1.36636636636637       -1.82923781480596      -0.664367157008693     
  -1.35635635635636       -1.84684866759284      -0.614397298878025     
  -1.34634634634635       -1.86277018398709      -0.564096634833440     
  -1.33633633633634       -1.87679342732802      -0.513246227642131     
  -1.32632632632633       -1.88749458238442      -0.461884894886118     
  -1.31631631631632       -1.89425938592115      -0.415675465153389     
  -1.30630630630631       -1.90838427738562      -0.370180696804758     
  -1.29629629629630       -1.92005495154122      -0.319299093787997     
  -1.28628628628629       -1.92870836345564      -0.267922586069298     
  -1.27627627627628       -1.93543156013938      -0.216514683214241     
  -1.26626626626627       -1.94055312036905      -0.165011258339149     
  -1.25625625625626       -1.94417839877018      -0.113344366274083     
  -1.24624624624625       -1.94634059113284      -6.146625092502326E-002
  -1.23623623623624       -1.94704296866052      -9.341960191167748E-003
  -1.22622622622623       -1.94627216437384       4.305599915536733E-002
  -1.21621621621622       -1.94400292223874       9.574671287641903E-002
  -1.20620620620621       -1.94021618960877       0.148746031860929     
  -1.19619619619620       -1.93487172665093       0.202085586328850     
  -1.18618618618619       -1.92792249810655       0.255784956856870     
  -1.17617617617618       -1.91930815155100       0.309859896137935     
  -1.16616616616617       -1.90896776223890       0.364324884145308     
  -1.15615615615616       -1.89683132154014       0.419195354657979     
  -1.14614614614615       -1.88281854327946       0.474487371579610     
  -1.13613613613614       -1.86683740063220       0.530216386277645     
  -1.12612612612613       -1.84878299021365       0.586396934840986     
  -1.11611611611612       -1.82853578132840       0.643042409695254     
  -1.10610610610611       -1.80595936361734       0.700164710841378     
  -1.09609609609610       -1.78089762638960       0.757773745434308     
  -1.08608608608609       -1.75317122009173       0.815876730096810     
  -1.07607607607608       -1.72257307915552       0.874477222390545     
  -1.06606606606607       -1.68886269177645       0.933573767744370     
  -1.05605605605606       -1.65175866486185       0.993157985929728     
  -1.04604604604605       -1.61092892296206        1.05321181981943     
  -1.03603603603604       -1.56597755104214        1.11370349762472     
  -1.02602602602603       -1.51642675861383        1.17458145825320     
  -1.01601601601602       -1.46169155262951        1.23576493665463     
  -1.00600600600601       -1.40104316261765        1.29712884285096     
 -0.995995995995996       -1.33355447098121        1.35847840523478     
 -0.985985985985986       -1.25801542056144        1.41950434354989     
 -0.975975975975976       -1.17279586988735        1.47969824148487     
 -0.965965965965966       -1.07561145530453        1.53817888949382     
 -0.955955955955956      -0.963101180534654        1.59329510521298     
 -0.945945945945946      -0.830036550131957        1.64157604967725     
 -0.935935935935936      -0.668028481544888        1.67437372173145     
 -0.925925925925926      -0.467741037544777        1.66521186997520     
 -0.915915915915916      -0.269458643617255        1.55790453013543     
 -0.905905905905906      -0.165694554550101        1.40479695632793     
 -0.895895895895896      -0.118830886962429        1.27935047237773     
 -0.885885885885886      -9.318297665610903E-002   1.17956481252493     
 -0.875875875875876      -7.710668970312011E-002   1.09762267975442     
 -0.865865865865866      -6.574490504526788E-002   1.02824046200852     
 -0.855855855855856      -5.732850812797975E-002  0.967886273989096     
 -0.845845845845846      -5.085002827529406E-002  0.914479274891073     
 -0.835835835835836      -4.573824257001997E-002  0.866614840504679     
 -0.825825825825826      -4.158974558605878E-002  0.823250848688090     
 -0.815815815815816      -3.815359496655005E-002  0.783598193644712     
 -0.805805805805806      -3.526318229404689E-002  0.747054187458166     
 -0.795795795795796      -3.280213091182543E-002  0.713147484492174     
 -0.785785785785786      -3.068631231427083E-002  0.681501388655342     
 -0.775775775775776      -2.885332151532473E-002  0.651809096171852     
 -0.765765765765765      -2.725592335875791E-002  0.623816483651751     
 -0.755755755755755      -2.585779594041035E-002  0.597309799222095     
 -0.745745745745745      -2.463067756885931E-002  0.572106631716675     
 -0.735735735735735      -2.355240776025164E-002  0.548049124651886     
 -0.725725725725725      -2.260555820516535E-002  0.524998756516994     
 -0.715715715715715      -2.177646609967387E-002  0.502832228003193     
 -0.705705705705705      -2.105455137669156E-002  0.481438135301218     
 -0.695695695695695      -2.043184221755204E-002  0.460714197446631     
 -0.685685685685685      -1.990266103249987E-002  0.440564862702011     
 -0.675675675675675      -1.946344226546894E-002  0.420899154525511     
 -0.665665665665665      -1.911266778729404E-002  0.401628637741040     
 -0.655655655655655      -1.885091791013438E-002  0.382665393189945     
 -0.645645645645645      -1.868104827026879E-002  0.363919885400012     
 -0.635635635635635      -1.860851707445406E-002  0.345298591771369     
 -0.625625625625625      -1.864190610724185E-002  0.326701230459993     
 -0.615615615615615      -1.879370632344659E-002  0.308017371677186     
 -0.605605605605605      -1.908148110192766E-002  0.289122133226132     
 -0.595595595595595      -1.952958819435989E-002  0.269870528117331     
 -0.585585585585585      -2.017175467547552E-002  0.250089819592171     
 -0.575575575575575      -2.105499450275376E-002  0.229568893266403     
 -0.565565565565565      -2.224570707743851E-002  0.208043080602961     
 -0.555555555555555      -2.383944254462643E-002  0.185171882126613     
 -0.545545545545545      -2.597707443810111E-002  0.160505294261091     
 -0.535535535535535      -2.887267771269828E-002  0.133431240633014     
 -0.525525525525525      -3.286393748537878E-002  0.103090482104438     
 -0.515515515515515      -3.850873016476786E-002  6.823313886943300E-002
 -0.505505505505505      -4.678388454578007E-002  2.696558321323401E-002
 -0.495495495495495      -5.953013432845151E-002 -2.371550952028921E-002
 -0.485485485485485      -8.054859166466274E-002 -8.884273187917595E-002
 -0.475475475475475      -0.118875410224315      -0.177272315140255     
 -0.465465465465465      -0.200144172799489      -0.303944253989362     
 -0.455455455455455      -0.410562381058071      -0.471317072647388     
 -0.445445445445445      -0.879182085224259      -0.457090870359911     
 -0.435435435435435       -1.21900678950975      -1.906943209640603E-002
 -0.425425425425425       -1.18981900615662       0.505889039265553     
 -0.415415415415415      -0.865459449920505       0.886796134898238     
 -0.405405405405405      -0.431182479415449       0.931779872720582     
 -0.395395395395395      -0.206607746516336       0.775824851800724     
 -0.385385385385385      -0.120208092636837       0.649044384162826     
 -0.375375375375375      -8.009710421256752E-002  0.560915960235710     
 -0.365365365365365      -5.820840874803068E-002  0.496867805368369     
 -0.355355355355355      -4.490006510973087E-002  0.447856827935544     
 -0.345345345345345      -3.617424385521843E-002  0.408730231928609     
 -0.335335335335335      -3.012616996328053E-002  0.376424584388588     
 -0.325325325325325      -2.575144908322020E-002  0.349021209321100     
 -0.315315315315315      -2.247831008477248E-002  0.325261107136693     
 -0.305305305305305      -1.996120076337851E-002  0.304284766468386     
 -0.295295295295295      -1.798101069881629E-002  0.285485401885598     
 -0.285285285285285      -1.639321487388987E-002  0.268422228048918     
 -0.275275275275275      -1.509928766375025E-002  0.252767067044229     
 -0.265265265265265      -1.403015569637991E-002  0.238270281881480     
 -0.255255255255255      -1.313621665329858E-002  0.224738352460774     
 -0.245245245245245      -1.238110296054419E-002  0.212018705361243     
 -0.235235235235235      -1.173766515195306E-002  0.199989198953631     
 -0.225225225225225      -1.118531575436561E-002  0.188550675117664     
 -0.215215215215215      -1.070823222869952E-002  0.177621577873472     
 -0.205205205205205      -1.029411710860343E-002  0.167133993222776     
 -0.195195195195195      -9.933328779793657E-003  0.157030682865384     
 -0.185185185185185      -9.618265129927913E-003  0.147262822178148     
 -0.175175175175175      -9.342924717266162E-003  0.137788241151185     
 -0.165165165165165      -9.102597351384833E-003  0.128570023972769     
 -0.155155155155155      -8.893654631707640E-003  0.119575359161004     
 -0.145145145145145      -8.713425351504512E-003  0.110774553388667     
 -0.135135135135135      -8.560154265439844E-003  0.102140130926791     
 -0.125125125125125      -8.433059690883328E-003  9.364593629886338E-002
 -0.115115115115115      -8.332532801237150E-003  8.526613542575162E-002
 -0.105105105105105      -8.260574219754971E-003  7.697395779864517E-002
 -9.509509509509506E-002 -8.221677821332674E-003  6.873991062552612E-002
 -8.508508508508505E-002 -8.224644319574339E-003  6.052896068178536E-002
 -7.507507507507505E-002 -8.286525255005044E-003  5.229567072503812E-002
 -6.506506506506504E-002 -8.442019221803519E-003  4.397515994225023E-002
 -5.505505505505504E-002 -8.768793971249252E-003  3.546554498957521E-002
 -4.504504504504503E-002 -9.467397897024207E-003  2.659565548241483E-002
 -3.503503503503502E-002 -1.117263474204180E-002  1.712290224798256E-002
 -2.502502502502502E-002 -1.610597918904004E-002  7.792273996609768E-003
 -1.501501501501501E-002 -2.206666916796120E-002  6.410346708429224E-003
 -5.005005005005003E-003 -2.058929072070927E-002  2.400020321899464E-003
  5.005005005005003E-003 -2.062378299160274E-002 -2.046111379696430E-003
  1.501501501501501E-002 -2.226177149570285E-002 -5.918589890628177E-003
  2.502502502502502E-002 -1.615092380362349E-002 -7.223848125520942E-003
  3.503503503503502E-002 -1.119124419938261E-002 -1.658397558977225E-002
  4.504504504504503E-002 -9.479027351039969E-003 -2.606953978563283E-002
  5.505505505505504E-002 -8.777833846327734E-003 -3.494858854355121E-002
  6.506506506506504E-002 -8.450426541351853E-003 -4.346634793153934E-002
  7.507507507507505E-002 -8.295358855954251E-003 -5.179513545095193E-002
  8.508508508508505E-002 -8.234614642471218E-003 -6.003757250801001E-002
  9.509509509509506E-002 -8.233377374679194E-003 -6.825912713325408E-002
  0.105105105105105      -8.274586259016852E-003 -7.650579143579277E-002
  0.115115115115115      -8.349493888949686E-003 -8.481318745177018E-002
  0.125125125125125      -8.453705570928378E-003 -9.321147686630082E-002
  0.135135135135135      -8.585362281247648E-003 -0.101728219356747     
  0.145145145145145      -8.744260706953817E-003 -0.110390200311547     
  0.155155155155155      -8.931425860073850E-003 -0.119224737422169     
  0.165165165165165      -9.148926260454443E-003 -0.128260739947398     
  0.175175175175175      -9.399837110188096E-003 -0.137529683474314     
  0.185185185185185      -9.688310651746256E-003 -0.147066611770420     
  0.195195195195195      -1.001974153564228E-002 -0.156911257529394     
  0.205205205205205      -1.040103377432013E-002 -0.167109373369567     
  0.215215215215215      -1.084099217080727E-002 -0.177714379152643     
  0.225225225225225      -1.135087979029302E-002 -0.188789462035360     
  0.235235235235235      -1.194520872935510E-002 -0.200410316029822     
  0.245245245245245      -1.264287042755273E-002 -0.212668787273617     
  0.255255255255255      -1.346877430573679E-002 -0.225677815792917     
  0.265265265265265      -1.445626775176731E-002 -0.239578262290958     
  0.275275275275275      -1.565079020036956E-002 -0.254548528753273     
  0.285285285285285      -1.711553489227699E-002 -0.270818413518750     
  0.295295295295295      -1.894048687066875E-002 -0.288689550828509     
  0.305305305305305      -2.125735765263709E-002 -0.308566391803409     
  0.315315315315315      -2.426528041512106E-002 -0.331004630431353     
  0.325325325325325      -2.827718125653110E-002 -0.356789608233453     
  0.335335335335335      -3.380840640441175E-002 -0.387068481777547     
  0.345345345345345      -4.175844267460159E-002 -0.423583478421517     
  0.355355355355355      -5.381780537381924E-002 -0.469104724286794     
  0.365365365365365      -7.348824367728508E-002 -0.528271264760872     
  0.375375375375375      -0.109050037626761      -0.609221790314703     
  0.385385385385385      -0.183964006656270      -0.725623871782071     
  0.395395395395395      -0.376267273540248      -0.878828747573226     
  0.405405405405405      -0.794071570961513      -0.877385044853849     
  0.415415415415415       -1.14371824934341      -0.509365484981349     
  0.425425425425425       -1.17272598617166       2.794906339802562E-002
  0.435435435435435      -0.806133198884448       0.447985627214858     
  0.445445445445445      -0.364585125204608       0.423912354083570     
  0.455455455455455      -0.181015569692829       0.263891010889248     
  0.465465465465465      -0.109008466999153       0.146944077690352     
  0.475475475475475      -7.451408414028590E-002  6.511636700611961E-002
  0.485485485485485      -5.542276422496575E-002  4.544978461378074E-003
  0.495495495495495      -4.378544649917904E-002 -4.282389317918483E-002
  0.505505505505505      -3.620679413692246E-002 -8.156658568315225E-002
  0.515515515515515      -3.102815508468827E-002 -0.114427156069514     
  0.525525525525525      -2.736401975510331E-002 -0.143140218597477     
  0.535535535535535      -2.470628541623020E-002 -0.168853567866723     
  0.545545545545545      -2.274635913096395E-002 -0.192357957462967     
  0.555555555555555      -2.128812510373413E-002 -0.214217727598849     
  0.565565565565565      -2.020229111927092E-002 -0.234848488564377     
  0.575575575575575      -1.940104384553090E-002 -0.254565225461081     
  0.585585585585585      -1.882330196724738E-002 -0.273613171594941     
  0.595595595595595      -1.842579063362297E-002 -0.292188266157078     
  0.605605605605605      -1.817745659858874E-002 -0.310451110627594     
  0.615615615615615      -1.805587494643207E-002 -0.328536753776883     
  0.625625625625625      -1.804488409668935E-002 -0.346561737568641     
  0.635635635635635      -1.813300233290523E-002 -0.364629311173458     
  0.645645645645645      -1.831235677946015E-002 -0.382833404370558     
  0.655655655655655      -1.857795900143318E-002 -0.401261757018328     
  0.665665665665665      -1.892722343251678E-002 -0.419998479282572     
  0.675675675675675      -1.935966342410250E-002 -0.439126240164118     
  0.685685685685685      -1.987672473409340E-002 -0.458728233435106     
  0.695695695695695      -2.048173345747654E-002 -0.478890040932558     
  0.705705705705705      -2.117994824428771E-002 -0.499701497846164     
  0.715715715715715      -2.197871750022110E-002 -0.521258660339586     
  0.725725725725725      -2.288775294835614E-002 -0.543665981596136     
  0.735735735735735      -2.391954321366038E-002 -0.567038818834750     
  0.745745745745745      -2.508994711721177E-002 -0.591506423409993     
  0.755755755755755      -2.641902922319183E-002 -0.617215613519026     
  0.765765765765765      -2.793223483106267E-002 -0.644335402528485     
  0.775775775775776      -2.966205658322961E-002 -0.673062969506582     
  0.785785785785786      -3.165043562922323E-002 -0.703631536186971     
  0.795795795795796      -3.395229631593025E-002 -0.736320998337037     
  0.805805805805806      -3.664089416716500E-002 -0.771472625333806     
  0.815815815815816      -3.981619218397318E-002 -0.809509931716445     
  0.825825825825826      -4.361858605013897E-002 -0.850969209602231     
  0.835835835835836      -4.825288564728314E-002 -0.896545658192193     
  0.845845845845846      -5.403474146087877E-002 -0.947164285455859     
  0.855855855855856      -6.148596138252332E-002  -1.00407065587491     
  0.865865865865866      -7.139570747518695E-002  -1.06898427380021     
  0.875875875875876      -8.523834001238215E-002  -1.14446297304790     
  0.885885885885886      -0.105662727660343       -1.23493293019685     
  0.895895895895896      -0.140345290917564       -1.34714944742643     
  0.905905905905906      -0.210677008737605       -1.48982962826989     
  0.915915915915916      -0.370228817595862       -1.63370408614370     
  0.925925925925926      -0.581800407781986       -1.68030939939847     
  0.935935935935936      -0.759545778786337       -1.66098608245387     
  0.945945945945946      -0.903750022517883       -1.61830425477681     
  0.955955955955956       -1.02429715624348       -1.56601604656833     
  0.965965965965966       -1.12759893427550       -1.50915764941803     
  0.975975975975976       -1.21768816401001       -1.44997341997275     
  0.985985985985986       -1.29724028288214       -1.38960990731458     
  0.995995995995996       -1.36812614767655       -1.32870958494504     
   1.00600600600601       -1.43171199449874       -1.26765596273538     
   1.01601601601602       -1.48903094118773       -1.20668794978129     
   1.02602602602603       -1.54088648168313       -1.14595841985976     
   1.03603603603604       -1.58791799903065       -1.08556646338546     
   1.04604604604605       -1.63064397052310       -1.02557620899990     
   1.05605605605606       -1.66949147433868      -0.966028337417858     
   1.06606606606607       -1.70481695244651      -0.906947403613648     
   1.07607607607608       -1.73692120150937      -0.848346646066473     
   1.08608608608609       -1.76606043997925      -0.790231231789430     
   1.09609609609610       -1.79245463801771      -0.732600495595473     
   1.10610610610611       -1.81629389373573      -0.675449513948108     
   1.11611611611612       -1.83774338589707      -0.618770226974335     
   1.12612612612613       -1.85694726937896      -0.562552245764802     
   1.13613613613614       -1.87403177042242      -0.506783434064522     
   1.14614614614615       -1.88910766202925      -0.451450321403279     
   1.15615615615616       -1.90227223625477      -0.396538381491887     
   1.16616616616617       -1.91361079612702      -0.342032206760297     
   1.17617617617618       -1.92319749979966      -0.287915941663547     
   1.18618618618619       -1.93109740556172      -0.234174503710804     
   1.19619619619620       -1.93736692591847      -0.180794230228155     
   1.20620620620621       -1.94206284468069      -0.127756052308415     
   1.21621621621622       -1.94522822249828      -7.503964273382790E-002
   1.22622622622623       -1.94689205688529      -2.261169826125357E-002
   1.23623623623624       -1.94707201691418       2.954310856874174E-002
   1.24624624624625       -1.94578444247193       8.145127703456242E-002
   1.25625625625626       -1.94302587790831       0.133150227425534     
   1.26626626626627       -1.93875619258175       0.184692641762949     
   1.27627627627628       -1.93284066478646       0.236153001626738     
   1.28628628628629       -1.92483077477934       0.287564897676004     
   1.29629629629630       -1.91335438723633       0.337836183999908     
   1.30630630630631       -1.90248505954764       0.381749718835801     
   1.31631631631632       -1.89650986053116       0.430658856319085     
   1.32632632632633       -1.88583628810871       0.481921992100893     
   1.33633633633634       -1.87256610915650       0.532535625997281     
   1.34634634634635       -1.85757206745784       0.582691809078598     
   1.35635635635636       -1.84096313208034       0.632554880893759     
   1.36636636636637       -1.82277585566352       0.682189733404479     
   1.37637637637638       -1.80299376255441       0.731650020004374     
   1.38638638638639       -1.78157332833749       0.780971260705661     
   1.39639639639640       -1.75845538803378       0.830178532232063     
   1.40640640640641       -1.73356768808674       0.879290752509938     
   1.41641641641642       -1.70682478049154       0.928322690582696     
   1.42642642642643       -1.67812675034936       0.977285830718750     
   1.43643643643644       -1.64735716812191        1.02618859404474     
   1.44644644644645       -1.61438030791294        1.07503612380652     
   1.45645645645646       -1.57903751382648        1.12382969208870     
   1.46646646646647       -1.54114247778457        1.17256569342096     
   1.47647647647648       -1.50047505783934        1.22123410856740     
   1.48648648648649       -1.45677307795316        1.26981621920812     
   1.49649649649650       -1.40972126189928        1.31828119751066     
   1.50650650650651       -1.35893598898641        1.36658092694348     
   1.51651651651652       -1.30394378109211        1.41464192379782     
   1.52652652652653       -1.24415007445848        1.46235229064312     
   1.53653653653654       -1.17879236582297        1.50953971373757     
   1.54654654654655       -1.10686713036755        1.55593231082415     
   1.55655655655656       -1.02701051133541        1.60108412438557     
   1.56656656656657      -0.937293025874088        1.64422066393903     
   1.57657657657658      -0.834846092601660        1.68388079581967     
   1.58658658658659      -0.715159363535474        1.71695220374636     
   1.59659659659660      -0.570979635290420        1.73550751434735     
   1.60660660660661      -0.395401293356690        1.71497409451367     
   1.61661661661662      -0.229400140250254        1.60959782563099     
   1.62662662662663      -0.146180801801499        1.47410070672566     
   1.63663663663664      -0.106695972094587        1.36314280677916     
   1.64664664664665      -8.492280287008795E-002   1.27361827250348     
   1.65665665665666      -7.121694189118218E-002   1.19921905109863     
   1.66666666666667      -6.107297770289505E-002   1.13580135107485     
   1.67667667667668      -5.350258128523229E-002   1.07964539430062     
   1.68668668668669      -4.782189213483061E-002   1.02956281195369     
   1.69669669669670      -4.334754232194313E-002  0.984350293477332     
   1.70670670670671      -3.971753161549037E-002  0.943077497178022     
   1.71671671671672      -3.671251284173428E-002  0.905051604863757     
   1.72672672672673      -3.418731067409606E-002  0.869743279760657     
   1.73673673673674      -3.204067358680952E-002  0.836737458239941     
   1.74674674674675      -3.019939585894134E-002  0.805701363320074     
   1.75675675675676      -2.860910136247110E-002  0.776363071010470     
   1.76676676676677      -2.722852296072907E-002  0.748496628597199     
   1.77677677677678      -2.602583999919334E-002  0.721911468046023     
   1.78678678678679      -2.497606249350963E-002  0.696444813971620     
   1.79679679679680      -2.405912123005185E-002  0.671955342202910     
   1.80680680680681      -2.325928618723684E-002  0.648318974212980     
   1.81681681681682      -2.256421369699033E-002  0.625425743212933     
   1.82682682682683      -2.196373140381204E-002  0.603177080649719     
   1.83683683683684      -2.144966409667710E-002  0.581483219535717     
   1.84684684684685      -2.101555591166688E-002  0.560261542300499     
   1.85685685685686      -2.065638606726352E-002  0.539435076500630     
   1.86686686686687      -2.036837445180803E-002  0.518931186812875     
   1.87687687687688      -2.014884668488141E-002  0.498680422201302     
   1.88688688688689      -1.999614511322814E-002  0.478615471110539     
   1.89689689689690      -1.990957882231131E-002  0.458670184073515     
   1.90690690690691      -1.988940900689826E-002  0.438778626768110     
   1.91691691691692      -1.993687408321503E-002  0.418874120076327     
   1.92692692692693      -2.005429190279038E-002  0.398888303379468     
   1.93693693693694      -2.024499161831711E-002  0.378749989496973     
   1.94694694694695      -2.051377075751216E-002  0.358383956990319     
   1.95695695695696      -2.086694459876083E-002  0.337709651024257     
   1.96696696696697      -2.131281871888954E-002  0.316639405099010     
   1.97697697697698      -2.186244316032264E-002  0.295076369085914     
   1.98698698698699      -2.253114197079135E-002  0.272912476300757     
   1.99699699699700      -2.333579382823529E-002  0.250027419752755     
   2.00700700700701      -2.430032825556484E-002  0.226267666747898     
   2.01701701701702      -2.547567221725289E-002  0.201459166224023     
   2.02702702702703      -2.693424043810340E-002  0.175383340994749     
   2.03703703703704      -2.885204717843226E-002  0.147740397326920     
   2.04704704704705      -3.175002227006120E-002  0.118183319179345     
   2.05705705705706      -3.732619328765301E-002  8.734914777035588E-002
   2.06706706706707      -4.215975742783094E-002  6.072999820038815E-002
   2.07707707707708      -4.133130523471794E-002  2.714551670433129E-002
   2.08708708708709      -4.414276511122828E-002 -1.063814715029692E-002
   2.09709709709710      -4.646166823041130E-002 -5.251849921300575E-002
   2.10710710710711      -5.087797492045270E-002 -0.100112044417957     
   2.11711711711712      -5.731450061259208E-002 -0.153403019729664     
   2.12712712712713      -6.598875631144195E-002 -0.214032124724126     
   2.13713713713714      -7.777536306702076E-002 -0.284387883220956     
   2.14714714714715      -9.436945341763181E-002 -0.367961502028033     
   2.15715715715716      -0.119101008663524      -0.470170476574570     
   2.16716716716717      -0.159307375600361      -0.599907348364694     
   2.17717717717718      -0.234303826793134      -0.771772044767133     
   2.18718718718719      -0.405341582138600      -0.996111228593888     
   2.19719719719720      -0.775677750325593       -1.14878279915661     
   2.20720720720721       -1.16181336767805       -1.05931806000237     
   2.21721721721722       -1.42583949165161      -0.866324211423377     
   2.22722722722723       -1.59738091270649      -0.654157998636843     
   2.23723723723724       -1.70732805799601      -0.446893907917543     
   2.24724724724725       -1.77489904031641      -0.251473740133887     
   2.25725725725726       -1.81212538792972      -6.949267222510973E-002
   2.26726726726727       -1.82684899934676       9.931256857954576E-002
   2.27727727727728       -1.82436466619811       0.255852552854693     
   2.28728728728729       -1.80834310598267       0.401219153771209     
   2.29729729729730       -1.78137411547233       0.536497816849550     
   2.30730730730731       -1.74529959381934       0.662693082476946     
   2.31731731731732       -1.70142410138968       0.780702751043257     
   2.32732732732733       -1.65064913150525       0.891311609816567     
   2.33733733733734       -1.59356135129202       0.995192742934221     
   2.34734734734735       -1.53048505035241        1.09290826624817     
   2.35735735735736       -1.46152097398134        1.18492651815060     
   2.36736736736737       -1.38650040378074        1.27162237604530     
   2.37737737737738       -1.30495310683981        1.35320000319502     
   2.38738738738739       -1.21604810655984        1.42961546002758     
   2.39739739739740       -1.11848325875327        1.50011238505310     
   2.40740740740741       -1.01238649064581        1.56312188866390     
   2.41741741741742      -0.895195273580763        1.61959395874441     
   2.42742742742743      -0.765208915403671        1.66821871904166     
   2.43743743743744      -0.608098384114692        1.70314645517568     
   2.44744744744745      -0.418410829417867        1.69599428404229     
   2.45745745745746      -0.235952115748013        1.59815905503702     
   2.46746746746747      -0.142998634434472        1.46253341032323     
   2.47747747747748      -0.101149341772841        1.35407395023315     
   2.48748748748749      -7.807882599741453E-002   1.26957461377767     
   2.49749749749750      -6.340544583826194E-002   1.20129979537670     
   2.50750750750751      -5.320828303245294E-002   1.14436954993126     
   2.51751751751752      -4.569531444983094E-002   1.09576415410574     
   2.52752752752753      -3.992537939910287E-002   1.05351203623141     
   2.53753753753754      -3.535317005303477E-002   1.01625978990549     
   2.54754754754755      -3.164336410319879E-002  0.983037700755155     
   2.55755755755756      -2.857590218545674E-002  0.953131336336652     
   2.56756756756757      -2.599960004580702E-002  0.925996826556699     
   2.57757757757758      -2.380747782365985E-002  0.901210968106503     
   2.58758758758759      -2.192158129736146E-002  0.878438159753576     
   2.59759759759760      -2.028370233781404E-002  0.857407873580898     
   2.60760760760761      -1.884947499429349E-002  0.837898928129242     
   2.61761761761762      -1.758448501720342E-002  0.819728239341412     
   2.62762762762763      -1.646163031665897E-002  0.802742597184347     
   2.63763763763764      -1.545928575986314E-002  0.786812535481947     
   2.64764764764765      -1.456000141875784E-002  0.771827684845194     
   2.65765765765766      -1.374955976642324E-002  0.757693190602076     
   2.66766766766767      -1.301628694461927E-002  0.744326909831498     
   2.67767767767768      -1.235054417244389E-002  0.731657184535940     
   2.68768768768769      -1.174435368267603E-002  0.719621041236696     
   2.69769769769770      -1.119113144453467E-002  0.708162703365141     
   2.70770770770771      -1.068551545585861E-002  0.697232322838864     
   2.71771771771772      -1.022330085878640E-002  0.686784842832383     
   2.72772772772773      -9.801541686067285E-003  0.676778891044029     
   2.73773773773774      -9.419031219528421E-003  0.667175573233553     
   2.74774774774775      -9.077964017071448E-003  0.657937207765158     
   2.75775775775776      -8.788096234337964E-003  0.649028716449500     
   2.76776776776777      -8.568831871147297E-003  0.640429241469151     
   2.77777777777778      -8.413120646290250E-003  0.632124323254435     
   2.78778778778779      -8.288973572188623E-003  0.624104521829408     
   2.79779779779780      -8.195944662298777E-003  0.616111764526360     
   2.80780780780781      -8.502286663202711E-003  0.608038256034241     
   2.81781781781782      -9.868189327371227E-003  0.599844094915780     
   2.82782782782783      -1.440627933992900E-002  0.593395445272583     
   2.83783783783784      -1.480831975489030E-002  0.594761213736514     
   2.84784784784785      -9.659825496147819E-003  0.589333817615095     
   2.85785785785786      -7.671889808204869E-003  0.582178996963318     
   2.86786786786787      -6.730936214886182E-003  0.575395581621871     
   2.87787787787788      -6.227818689551616E-003  0.569036527700436     
   2.88788788788789      -5.895262991367916E-003  0.563019964303367     
   2.89789789789790      -5.643724387099719E-003  0.557269510224645     
   2.90790790790791      -5.436484743207176E-003  0.551738284901256     
   2.91791791791792      -5.256929677805029E-003  0.546395791401348     
   2.92792792792793      -5.096921489189009E-003  0.541220952543048     
   2.93793793793794      -4.953213034480338E-003  0.536198345845807     
   2.94794794794795      -4.827222727284243E-003  0.531321122127569     
   2.95795795795796      -4.698478122212467E-003  0.526589360974134     
   2.96796796796797      -4.569449967845019E-003  0.521965102406474     
   2.97797797797798      -4.453666085929136E-003  0.517453736043679     
   2.98798798798799      -4.346251317156672E-003  0.513052434569035     
   2.99799799799800      -4.245563997615568E-003  0.508754936322320     
   3.00800800800801      -4.151382558650865E-003  0.504555097012803     
   3.01801801801802      -4.064645033416316E-003  0.500446629580739     
   3.02802802802803      -3.988925405597647E-003  0.496422512749307     
   3.03803803803804      -3.936870027936838E-003  0.492476597125925     
   3.04804804804805      -3.932632975445942E-003  0.488634150251052     
   3.05805805805806      -3.950276857302192E-003  0.484908940793438     
   3.06806806806807      -3.952335808383687E-003  0.481450423862921     
   3.07807807807808      -3.697802881690442E-003  0.477927070103993     
   3.08808808808809      -3.552840914409547E-003  0.474353507844693     
   3.09809809809810      -3.460444904840066E-003  0.470856713179870     
   3.10810810810811      -3.386329376744564E-003  0.467435124320165     
   3.11811811811812      -3.321278690923662E-003  0.464081022310405     
   3.12812812812813      -3.262574130316102E-003  0.460788274281385     
   3.13813813813814      -3.209745882135139E-003  0.457551448637048     
   3.14814814814815      -3.163722379575177E-003  0.454364818550262     
   3.15815815815816      -3.127260319146475E-003  0.451221274124455     
   3.16816816816817      -3.106994140595806E-003  0.448110634080910     
   3.17817817817818      -3.120236190503555E-003  0.445017114797792     
   3.18818818818819      -3.214408365671040E-003  0.441923288483323     
   3.19819819819820      -3.516970096074166E-003  0.438811998137193     
   3.20820820820821      -4.501275097096692E-003  0.436104142307006     
   3.21821821821822      -4.462132091971981E-003  0.435006508425496     
   3.22822822822823      -3.374221173278263E-003  0.432395268492825     
   3.23823823823824      -2.972746607066831E-003  0.429445169766597     
   3.24824824824825      -2.801907443579125E-003  0.426611458845121     
   3.25825825825826      -2.707102969030581E-003  0.423875147834847     
   3.26826826826827      -2.647881178309165E-003  0.421208073234246     
   3.27827827827828      -2.621313190067598E-003  0.418594861088389     
   3.28828828828829      -2.637501878898977E-003  0.416066117058487     
   3.29829829829830      -2.619664495915621E-003  0.413609024976330     
   3.30830830830831      -2.597374184666705E-003  0.411248775143618     
   3.31831831831832      -2.471520832176570E-003  0.408852950092929     
   3.32832832832833      -2.402420187941944E-003  0.406439666235114     
   3.33833833833834      -2.359479666100941E-003  0.404063381799121     
   3.34834834834835      -2.326332515795198E-003  0.401721425185193     
   3.35835835835836      -2.298905698673896E-003  0.399408615676218     
   3.36836836836837      -2.276129838858513E-003  0.397120720137485     
   3.37837837837838      -2.258081189099027E-003  0.394853458408677     
   3.38838838838839      -2.245627865514641E-003  0.392601991306005     
   3.39839839839840      -2.240498080562016E-003  0.390360284850117     
   3.40840840840841      -2.245729381567361E-003  0.388120210177683     
   3.41841841841842      -2.266699538207284E-003  0.385870069551327     
   3.42842842842843      -2.313423664794474E-003  0.383591945789984     
   3.43843843843844      -2.406079134942872E-003  0.381256610902795     
   3.44844844844845      -2.589978007893576E-003  0.378813328564155     
   3.45845845845846      -2.983118051962830E-003  0.376170644419122     
   3.46846846846847      -3.958487561212000E-003  0.373191022685918     
   3.47847847847848      -6.816809894289202E-003  0.370232283489507     
   3.48848848848849      -1.199849730675434E-002  0.371817271323268     
   3.49849849849850      -8.715138702681802E-003  0.377039367978336     
   3.50850850850851      -4.498624657738400E-003  0.374664601802941     
   3.51851851851852      -3.084353707192987E-003  0.371644154893281     
   3.52852852852853      -2.519633026224276E-003  0.369048434121204     
   3.53853853853854      -2.240702568138822E-003  0.366742154577079     
   3.54854854854855      -2.079947250806929E-003  0.364613666958351     
   3.55855855855856      -1.976349324220366E-003  0.362600926716953     
   3.56856856856857      -1.903847472164889E-003  0.360668830372803     
   3.57857857857858      -1.849928940036427E-003  0.358796252254972     
   3.58858858858859      -1.808062976611078E-003  0.356969597096211     
   3.59859859859860      -1.774656331777646E-003  0.355179492925900     
   3.60860860860861      -1.747706914414152E-003  0.353418983691907     
   3.61861861861862      -1.726176408008476E-003  0.351682456515853     
   3.62862862862863      -1.709710472867394E-003  0.349964927091059     
   3.63863863863864      -1.698572348531698E-003  0.348261484681055     
   3.64864864864865      -1.693688895410934E-003  0.346566848678360     
   3.65865865865866      -1.696624737034161E-003  0.344874317847076     
   3.66866866866867      -1.711163731395740E-003  0.343174831699637     
   3.67867867867868      -1.743841467751946E-003  0.341455661525899     
   3.68868868868869      -1.807957536858091E-003  0.339696267740199     
   3.69869869869870      -1.933820789236009E-003  0.337862628403314     
   3.70870870870871      -2.202151663564009E-003  0.335900546629865     
   3.71871871871872      -2.821756754995735E-003  0.333804206369020     
   3.72872872872873      -4.043708325879477E-003  0.331547099611734     
   3.73873873873874      -7.719303903354822E-003  0.330098132493442     
   3.74874874874875      -9.176217659666924E-003  0.334732556240308     
   3.75875875875876      -5.264107119232164E-003  0.335435801536146     
   3.76876876876877      -3.021510047441191E-003  0.333287077985858     
   3.77877877877878      -2.203524951729994E-003  0.331077776329848     
   3.78878878878879      -1.853157332449358E-003  0.329165509453634     
   3.79879879879880      -1.670457794550585E-003  0.327447777454108     
   3.80880880880881      -1.560714700792673E-003  0.325851964174534     
   3.81881881881882      -1.487596073766587E-003  0.324337600105492     
   3.82882882882883      -1.434874769653265E-003  0.322881462164354     
   3.83883883883884      -1.394440053662810E-003  0.321469466681892     
   3.84884884884885      -1.361876307872093E-003  0.320092608961720     
   3.85885885885886      -1.334613162303902E-003  0.318744858246662     
   3.86886886886887      -1.311071599671347E-003  0.317422009803888     
   3.87887887887888      -1.290237725899178E-003  0.316121027453695     
   3.88888888888889      -1.271436077297456E-003  0.314839650010072     
   3.89889889889890      -1.254202693995084E-003  0.313576146280700     
   3.90890890890891      -1.238211384675387E-003  0.312329157020903     
   3.91891891891892      -1.223231244879442E-003  0.311097589535668     
   3.92892892892893      -1.209109721902929E-003  0.309880548288247     
   3.93893893893894      -1.195774588958548E-003  0.308677337154430     
   3.94894894894895      -1.183026262078676E-003  0.307487439648407     
   3.95895895895896      -1.170859472478472E-003  0.306310160494676     
   3.96896896896897      -1.158975864839298E-003  0.305145622142211     
   3.97897897897898      -1.146936331808253E-003  0.303992321546813     
   3.98898898898899      -1.135544429066295E-003  0.302850192079969     
   3.99899899899900      -1.124582763910915E-003  0.301719151293002     
   4.00900900900901      -1.113947973609177E-003  0.300598891284937     
   4.01901901901902      -1.103596192111676E-003  0.299489121279607     
   4.02902902902903      -1.093501469768022E-003  0.298389575777565     
   4.03903903903904      -1.083645558659672E-003  0.297300009036212     
   4.04904904904905      -1.074014956684969E-003  0.296220190521639     
   4.05905905905906      -1.064600188048227E-003  0.295149901204411     
   4.06906906906907      -1.055396607817182E-003  0.294088930001312     
   4.07907907907908      -1.046408530894157E-003  0.293037070017448     
   4.08908908908909      -1.037666259922464E-003  0.291994120787170     
   4.09909909909910      -1.029235726200344E-003  0.290959985906062     
   4.10910910910911      -1.020803039168997E-003  0.289934500907448     
   4.11911911911912      -1.012618811546763E-003  0.288917038487317     
   4.12912912912913      -1.004931454306706E-003  0.287907501984532     
   4.13913913913914      -9.980074424938065E-004  0.286905503509858     
   4.14914914914915      -9.928296384492247E-004  0.285910468539111     
   4.15915915915916      -9.928664840177246E-004  0.284922973593398     
   4.16916916916917      -9.989568763178818E-004  0.283953867553075     
   4.17917917917918      -9.930926053292942E-004  0.283001109144807     
   4.18918918918919      -9.762470099781839E-004  0.282051505967223     
   4.19919919919920      -9.597401455492128E-004  0.281098879410312     
   4.20920920920921      -9.473152221746019E-004  0.280150294889041     
   4.21921921921922      -9.375872273761226E-004  0.279209059484146     
   4.22922922922923      -9.293888671055397E-004  0.278275223989879     
   4.23923923923924      -9.219651457572119E-004  0.277348852455420     
   4.24924924924925      -9.149508374011413E-004  0.276429614448414     
   4.25925925925926      -9.082235884231719E-004  0.275517223672399     
   4.26926926926927      -9.017439880449679E-004  0.274611435678118     
   4.27927927927928      -8.955123754403566E-004  0.273712016253985     
   4.28928928928929      -8.895603401259627E-004  0.272818715396440     
   4.29929929929930      -8.839592563733793E-004  0.271931238853716     
   4.30930930930931      -8.788492511918032E-004  0.271049205935859     
   4.31931931931932      -8.745121828109626E-004  0.270172074643829     
   4.32932932932933      -8.715663826798503E-004  0.269298996114657     
   4.33933933933934      -8.715646153818478E-004  0.268428533526960     
   4.34934934934935      -8.792068005490281E-004  0.267558385928234     
   4.35935935935936      -9.114846017043809E-004  0.266689971389159     
   4.36936936936937      -9.874149698654957E-004  0.265885484254984     
   4.37937937937938      -9.647631967859003E-004  0.265144069280604     
   4.38938938938939      -8.957181280273527E-004  0.264335229289662     
   4.39939939939940      -8.655776416866878E-004  0.263489385954916     
   4.40940940940941      -8.534724027654935E-004  0.262663395156437     
   4.41941941941942      -8.457962314822516E-004  0.261838818260315     
   4.42942942942943      -8.407711188688161E-004  0.261035440605585     
   4.43943943943944      -8.209469136019716E-004  0.260228568791044     
   4.44944944944945      -8.093538623674243E-004  0.259417695960600     
   4.45945945945946      -8.026867794515170E-004  0.258612203291630     
   4.46946946946947      -7.980090650775323E-004  0.257811683695473     
   4.47947947947948      -7.945766246713201E-004  0.257015074521111     
   4.48948948948949      -7.922910468261874E-004  0.256221354309237     
   4.49949949949950      -7.913577419481361E-004  0.255429387900650     
   4.50950950950951      -7.922754115969497E-004  0.254637720701617     
   4.51951951951952      -7.960075119087360E-004  0.253844288524741     
   4.52952952952953      -8.044499412680016E-004  0.253045917051912     
   4.53953953953954      -8.216838731708233E-004  0.252237365030482     
   4.54954954954955      -8.578237174413420E-004  0.251409509576848     
   4.55955955955956      -9.433327614915255E-004  0.250547754521391     
   4.56956956956957      -1.188314737545145E-003  0.249664538264421     
   4.57957957957958      -1.675840430597872E-003  0.249193912377579     
   4.58958958958959      -1.395133979800522E-003  0.248836001030836     
   4.59959959959960      -1.378535486177920E-003  0.247880029011791     
   4.60960960960961      -1.876275975490652E-003  0.247266739522780     
   4.61961961961962      -1.910405474283753E-003  0.247185487866589     
   4.62962962962963      -1.467268616191560E-003  0.246763780569973     
   4.63963963963964      -1.209390387551410E-003  0.246087254176580     
   4.64964964964965      -9.509544084266255E-004  0.245319611280096     
   4.65965965965966      -8.312136812603751E-004  0.244494082384459     
   4.66966966966967      -7.788367748972256E-004  0.243705688676468     
   4.67967967967968      -7.505825569354272E-004  0.242946855255658     
   4.68968968968969      -7.330097434365758E-004  0.242207517171769     
   4.69969969969970      -7.210852132906120E-004  0.241481555830846     
   4.70970970970971      -7.125984777706354E-004  0.240765172266814     
   4.71971971971972      -7.064934339397505E-004  0.240055785635824     
   4.72972972972973      -7.022772529436794E-004  0.239351435803590     
   4.73973973973974      -6.997940634492855E-004  0.238650430546625     
   4.74974974974975      -6.991553426048214E-004  0.237951092462285     
   4.75975975975976      -7.007704015983120E-004  0.237251517984044     
   4.76976976976977      -7.054925240012799E-004  0.236549269773675     
   4.77977977977978      -7.149808218163113E-004  0.235840889240568     
   4.78978978978979      -7.325794888835896E-004  0.235121013672697     
   4.79979979979980      -7.656609507756455E-004  0.234380652648789     
   4.80980980980981      -8.328676010076179E-004  0.233603899332521     
   4.81981981981982      -9.910630669857517E-004  0.232765504257166     
   4.82982982982983      -1.437199141436343E-003  0.231896010887517     
   4.83983983983984      -2.366053165686704E-003  0.231642947905081     
   4.84984984984985      -2.216626196487039E-003  0.232166464130229     
   4.85985985985986      -1.553236736958990E-003  0.231940289728883     
   4.86986986986987      -1.032971743293760E-003  0.231150215569810     
   4.87987987987988      -8.449049299254639E-004  0.230309316967970     
   4.88988988988989      -7.689949145753724E-004  0.229530066439701     
   4.89989989989990      -7.339717405391760E-004  0.228789301323990     
   4.90990990990991      -7.180469220971701E-004  0.228068564285091     
   4.91991991991992      -7.135169746394041E-004  0.227356119785942     
   4.92992992992993      -7.178071128703577E-004  0.226643318353651     
   4.93993993993994      -7.309418082052459E-004  0.225922241466179     
   4.94994994994995      -7.550714328373141E-004  0.225183937830203     
   4.95995995995996      -7.951907853025958E-004  0.224416472192336     
   4.96996996996997      -8.615030132060981E-004  0.223601922739690     
   4.97997997997998      -9.756535941950848E-004  0.222710846388684     
   4.98998998998999      -1.188522389564498E-003  0.221691304283629     
   5.00000000000000      -1.639649436953335E-003  0.220449384207710     
