  -5.00000000000000      -8.303667685569454E-004 -0.233941781945149     
  -4.98998998998999      -1.072607600443372E-003 -0.234669231384891     
  -4.97997997997998      -1.351777452148141E-003 -0.234923336503132     
  -4.96996996996997      -9.891588045551584E-004 -0.235337719487714     
  -4.95995995995996      -8.072769875350091E-004 -0.236092231968491     
  -4.94994994994995      -7.471535079406514E-004 -0.236840083080051     
  -4.93993993993994      -7.234652771968714E-004 -0.237566909271670     
  -4.92992992992993      -7.131058402195282E-004 -0.238282234499900     
  -4.91991991991992      -7.086790056040414E-004 -0.238992077931591     
  -4.90990990990991      -7.073130234804369E-004 -0.239699820551733     
  -4.89989989989990      -7.077183014800748E-004 -0.240407458122428     
  -4.88988988988989      -7.092437894259657E-004 -0.241116246233527     
  -4.87987987987988      -7.115261931772333E-004 -0.241827056654075     
  -4.86986986986987      -7.143801442347477E-004 -0.242540511919356     
  -4.85985985985986      -7.176895032596125E-004 -0.243257087141480     
  -4.84984984984985      -7.214042024118577E-004 -0.243977174464151     
  -4.83983983983984      -7.255303479145242E-004 -0.244701049523999     
  -4.82982982982983      -7.298900191940593E-004 -0.245428933708344     
  -4.81981981981982      -7.344180787991797E-004 -0.246161429692528     
  -4.80980980980981      -7.394114288607109E-004 -0.246898860393176     
  -4.79979979979980      -7.449202410308644E-004 -0.247641532756061     
  -4.78978978978979      -7.510745793160755E-004 -0.248389961194226     
  -4.77977977977978      -7.581494378490375E-004 -0.249144852104200     
  -4.76976976976977      -7.666706005413686E-004 -0.249907238390842     
  -4.75975975975976      -7.777006540403215E-004 -0.250678749541236     
  -4.74974974974975      -7.936229310743706E-004 -0.251462147362191     
  -4.73973973973974      -8.206450899671400E-004 -0.252262311758425     
  -4.72972972972973      -8.784604495262445E-004 -0.253086198483573     
  -4.71971971971972      -1.033291073904282E-003 -0.253909434167838     
  -4.70970970970971      -1.243875919362303E-003 -0.254541784737297     
  -4.69969969969970      -1.271642092596687E-003 -0.255000052362835     
  -4.68968968968969      -1.011537157358680E-003 -0.255683141742231     
  -4.67967967967968      -8.919192705660291E-004 -0.256539153595842     
  -4.66966966966967      -8.521342838538782E-004 -0.257391077450377     
  -4.65965965965966      -8.379311182665605E-004 -0.258230387860777     
  -4.64964964964965      -8.333477820055471E-004 -0.259064158477313     
  -4.63963963963964      -8.331181394587291E-004 -0.259896888973577     
  -4.62962962962963      -8.351927714027174E-004 -0.260731142462107     
  -4.61961961961962      -8.386377751298588E-004 -0.261568435225422     
  -4.60960960960961      -8.429963713245790E-004 -0.262409766101512     
  -4.59959959959960      -8.480590272707812E-004 -0.263255862725614     
  -4.58958958958959      -8.537886702132180E-004 -0.264107336552645     
  -4.57957957957958      -8.603646122360385E-004 -0.264964812465601     
  -4.56956956956957      -8.684682527673955E-004 -0.265829077116099     
  -4.55955955955956      -8.805107813162218E-004 -0.266701043329611     
  -4.54954954954955      -9.051735149739908E-004 -0.267576997997009     
  -4.53953953953954      -9.293210453271315E-004 -0.268424343237172     
  -4.52952952952953      -9.166134901784279E-004 -0.269294854482728     
  -4.51951951951952      -9.126377151412881E-004 -0.270179611619379     
  -4.50950950950951      -9.082490718366879E-004 -0.271079960408635     
  -4.49949949949950      -9.108034641576933E-004 -0.271988213895093     
  -4.48948948948949      -9.158694141163717E-004 -0.272901805980204     
  -4.47947947947948      -9.219241255786809E-004 -0.273821330107731     
  -4.46946946946947      -9.284996065517187E-004 -0.274747292835842     
  -4.45945945945946      -9.354339407123958E-004 -0.275680055342778     
  -4.44944944944945      -9.426889313588882E-004 -0.276619916610161     
  -4.43943943943944      -9.503202023673341E-004 -0.277567177495810     
  -4.42942942942943      -9.585463963516561E-004 -0.278522207331947     
  -4.41941941941942      -9.680706469268904E-004 -0.279485514626418     
  -4.40940940940941      -9.814831930762976E-004 -0.280457279644369     
  -4.39939939939940      -1.004760639292406E-003 -0.281428468055320     
  -4.38938938938939      -1.007156206270537E-003 -0.282390035717308     
  -4.37937937937938      -1.002606116422116E-003 -0.283382224232489     
  -4.36936936936937      -1.006611198134329E-003 -0.284385357092148     
  -4.35935935935936      -1.013357322786985E-003 -0.285395651479458     
  -4.34934934934935      -1.021135448956070E-003 -0.286413607820551     
  -4.33933933933934      -1.029482316351361E-003 -0.287439737884329     
  -4.32932932932933      -1.038292737001260E-003 -0.288474459518443     
  -4.31931931931932      -1.047643026412970E-003 -0.289518196381355     
  -4.30930930930931      -1.057848562945958E-003 -0.290571489272841     
  -4.29929929929930      -1.069849989537365E-003 -0.291635143237450     
  -4.28928928928929      -1.086861145371073E-003 -0.292710069277468     
  -4.27927927927928      -1.119851476903623E-003 -0.293790003296260     
  -4.26926926926927      -1.144451218340963E-003 -0.294837752513266     
  -4.25925925925926      -1.133531732535491E-003 -0.295921254521525     
  -4.24924924924925      -1.130199189815979E-003 -0.297019532799521     
  -4.23923923923924      -1.128221028631999E-003 -0.298139026364702     
  -4.22922922922923      -1.133817370318295E-003 -0.299268966654433     
  -4.21921921921922      -1.142058472632155E-003 -0.300407342019259     
  -4.20920920920921      -1.151377129917656E-003 -0.301554884910333     
  -4.19919919919920      -1.161275485938902E-003 -0.302712174662305     
  -4.18918918918919      -1.171562506777998E-003 -0.303879619765193     
  -4.17917917917918      -1.182154940603538E-003 -0.305057538722072     
  -4.16916916916917      -1.193014447587052E-003 -0.306246205199236     
  -4.15915915915916      -1.204124234516129E-003 -0.307445871546563     
  -4.14914914914915      -1.215479423791702E-003 -0.308656781846671     
  -4.13913913913914      -1.227083371499045E-003 -0.309879179666225     
  -4.12912912912913      -1.238946519607873E-003 -0.311113309376394     
  -4.11911911911912      -1.251066831180942E-003 -0.312359423063152     
  -4.10910910910911      -1.263463019666025E-003 -0.313617814735126     
  -4.09909909909910      -1.276168759308250E-003 -0.314888767563821     
  -4.08908908908909      -1.289209425185560E-003 -0.316172594165586     
  -4.07907907907908      -1.302621238017065E-003 -0.317469642625940     
  -4.06906906906907      -1.316453363643561E-003 -0.318780302881507     
  -4.05905905905906      -1.330772396624069E-003 -0.320105020284877     
  -4.04904904904905      -1.345670234803005E-003 -0.321444315310507     
  -4.03903903903904      -1.361276972991968E-003 -0.322798812607003     
  -4.02902902902903      -1.377782446157712E-003 -0.324169285149735     
  -4.01901901901902      -1.395473613296228E-003 -0.325556723590270     
  -4.00900900900901      -1.414802580762036E-003 -0.326962449230617     
  -3.99899899899900      -1.436517750021827E-003 -0.328388305753124     
  -3.98898898898899      -1.461935560916373E-003 -0.329836999394491     
  -3.97897897897898      -1.493556068668693E-003 -0.331312723847603     
  -3.96896896896897      -1.536517781433066E-003 -0.332822318115527     
  -3.95895895895896      -1.602692708749410E-003 -0.334377929096261     
  -3.94894894894895      -1.725405884466545E-003 -0.336001279098459     
  -3.93893893893894      -2.018728743418357E-003 -0.337712870140598     
  -3.92892892892893      -2.812584127981142E-003 -0.339244204211332     
  -3.91891891891892      -3.357666550911762E-003 -0.339720140920455     
  -3.90890890890891      -2.713257874959799E-003 -0.340350283734060     
  -3.89889889889890      -2.032565771093740E-003 -0.342003410138529     
  -3.88888888888889      -1.806427370718897E-003 -0.343790088721371     
  -3.87887887887888      -1.727572390476325E-003 -0.345522310150854     
  -3.86886886886887      -1.699081866187458E-003 -0.347223791480066     
  -3.85885885885886      -1.691848377729047E-003 -0.348914763245538     
  -3.84884884884885      -1.695180330836475E-003 -0.350606696051371     
  -3.83883883883884      -1.704473531356919E-003 -0.352306275413011     
  -3.82882882882883      -1.717506668698787E-003 -0.354017695863209     
  -3.81881881881882      -1.733122222418360E-003 -0.355743810747799     
  -3.80880880880881      -1.750692513210308E-003 -0.357486727535405     
  -3.79879879879880      -1.769883846778805E-003 -0.359248133570080     
  -3.78878878878879      -1.790529043997605E-003 -0.361029491773410     
  -3.77877877877878      -1.812587318263219E-003 -0.362832203584146     
  -3.76876876876877      -1.836156148007231E-003 -0.364657715106898     
  -3.75875875875876      -1.861474081907489E-003 -0.366507579262073     
  -3.74874874874875      -1.888943176202195E-003 -0.368383641534023     
  -3.73873873873874      -1.919263900533582E-003 -0.370288242146340     
  -3.72872872872873      -1.953659005673622E-003 -0.372224547197304     
  -3.71871871871872      -1.994357314942394E-003 -0.374197143078426     
  -3.70870870870871      -2.045717981155999E-003 -0.376213158991689     
  -3.69869869869870      -2.117139178016784E-003 -0.378284499443095     
  -3.68868868868869      -2.231734055080488E-003 -0.380432293634482     
  -3.67867867867868      -2.457254519662111E-003 -0.382693146271149     
  -3.66866866866867      -3.037229184590813E-003 -0.385081307891595     
  -3.65865865865866      -4.603794276232639E-003 -0.386800490449374     
  -3.64864864864865      -4.323648308260099E-003 -0.386551515719232     
  -3.63863863863864      -2.981306071178992E-003 -0.388618490202243     
  -3.62862862862863      -2.549239510865852E-003 -0.391109018287706     
  -3.61861861861862      -2.406336383991321E-003 -0.393518900109325     
  -3.60860860860861      -2.357224823919507E-003 -0.395878335422096     
  -3.59859859859860      -2.345955710007486E-003 -0.398221444263911     
  -3.58858858858859      -2.352871981237062E-003 -0.400567636179384     
  -3.57857857857858      -2.369826055498942E-003 -0.402928085463426     
  -3.56856856856857      -2.393027203377437E-003 -0.405309746847724     
  -3.55855855855856      -2.420597150871643E-003 -0.407717370108252     
  -3.54854854854855      -2.451642111723065E-003 -0.410154550563180     
  -3.53853853853854      -2.485906044815270E-003 -0.412624362909484     
  -3.52852852852853      -2.523880321252679E-003 -0.415129901622835     
  -3.51851851851852      -2.567518986683488E-003 -0.417674785738808     
  -3.50850850850851      -2.623193700799621E-003 -0.420263786068956     
  -3.49849849849850      -2.714509309375937E-003 -0.422897695038848     
  -3.48848848848849      -2.883033306824549E-003 -0.425489904630044     
  -3.47847847847848      -2.876462192685292E-003 -0.428022747587110     
  -3.46846846846847      -2.866483789306637E-003 -0.430723727419423     
  -3.45845845845846      -2.847087217909029E-003 -0.433482245584234     
  -3.44844844844845      -2.860893736976717E-003 -0.436317474753908     
  -3.43843843843844      -2.895502407285954E-003 -0.439193014541914     
  -3.42842842842843      -2.938019200165733E-003 -0.442110353858666     
  -3.41841841841842      -2.984739534142729E-003 -0.445073250915028     
  -3.40840840840841      -3.034488259944981E-003 -0.448084704918696     
  -3.39839839839840      -3.086971774788201E-003 -0.451147335015753     
  -3.38838838838839      -3.142431165929781E-003 -0.454263756227492     
  -3.37837837837838      -3.201867013475253E-003 -0.457436940036557     
  -3.36836836836837      -3.268314128825206E-003 -0.460670647223876     
  -3.35835835835836      -3.352294084858477E-003 -0.463968504610878     
  -3.34834834834835      -3.487729332780323E-003 -0.467307495316088     
  -3.33833833833834      -3.576817968635933E-003 -0.470577868845304     
  -3.32832832832833      -3.553105493746039E-003 -0.474018601264804     
  -3.31831831831832      -3.588040999027394E-003 -0.477569976303594     
  -3.30830830830831      -3.646466133288233E-003 -0.481184639728639     
  -3.29829829829830      -3.714027580735328E-003 -0.484865664976672     
  -3.28828828828829      -3.787055011316106E-003 -0.488617938655065     
  -3.27827827827828      -3.864618586325643E-003 -0.492445721776846     
  -3.26826826826827      -3.946887310160936E-003 -0.496353240907644     
  -3.25825825825826      -4.035015518610772E-003 -0.500345234425694     
  -3.24824824824825      -4.132109809222743E-003 -0.504427688979687     
  -3.23823823823824      -4.247206459287550E-003 -0.508608805344433     
  -3.22822822822823      -4.412297739976902E-003 -0.512894232119499     
  -3.21821821821822      -4.708632587492682E-003 -0.517186076508593     
  -3.20820820820821      -4.788993866531497E-003 -0.521339053550727     
  -3.19819819819820      -4.790105316482866E-003 -0.525820001899295     
  -3.18818818818819      -4.793475989805278E-003 -0.530420547682701     
  -3.17817817817818      -4.843865715925179E-003 -0.535197514299303     
  -3.16816816816817      -4.936780936990567E-003 -0.540080929954563     
  -3.15815815815816      -5.046880393831246E-003 -0.545072464273517     
  -3.14814814814815      -5.166929998398318E-003 -0.550180915061973     
  -3.13813813813814      -5.294686074242458E-003 -0.555413935842170     
  -3.12812812812813      -5.429433297750291E-003 -0.560778489858485     
  -3.11811811811812      -5.571045676549372E-003 -0.566281354572376     
  -3.10810810810811      -5.719665083509306E-003 -0.571929388617674     
  -3.09809809809810      -5.875579876616663E-003 -0.577729700130503     
  -3.08808808808809      -6.039176780572789E-003 -0.583689749830138     
  -3.07807807807808      -6.210918889155571E-003 -0.589817429700254     
  -3.06806806806807      -6.391337180759573E-003 -0.596121131144137     
  -3.05805805805806      -6.581029017749893E-003 -0.602609809974266     
  -3.04804804804805      -6.780660807738387E-003 -0.609293052760623     
  -3.03803803803804      -6.990973637073065E-003 -0.616181147633629     
  -3.02802802802803      -7.212791503905551E-003 -0.623285162066316     
  -3.01801801801802      -7.447032305369162E-003 -0.630617030111024     
  -3.00800800800801      -7.694722237638571E-003 -0.638189651935271     
  -2.99799799799800      -7.957014988308924E-003 -0.646017009361021     
  -2.98798798798799      -8.235218441874997E-003 -0.654114302746005     
  -2.97797797797798      -8.530834547141673E-003 -0.662498117635519     
  -2.96796796796797      -8.845625262254226E-003 -0.671186635691373     
  -2.95795795795796      -9.181738188415152E-003 -0.680199916737694     
  -2.94794794794795      -9.541995084489201E-003 -0.689560301347716     
  -2.93793793793794      -9.930730807223067E-003 -0.699292976115392     
  -2.92792792792793      -1.035686097069458E-002 -0.709425837743514     
  -2.91791791791792      -1.083769198827378E-002 -0.719975417350638     
  -2.90790790790791      -1.134418870537105E-002 -0.730962411221316     
  -2.89789789789790      -1.190242618930684E-002 -0.742462122084858     
  -2.88788788788789      -1.258503906601291E-002 -0.754539716320543     
  -2.87787787787788      -1.363900003576276E-002 -0.767057086640374     
  -2.86786786786787      -1.437371780130626E-002 -0.779379148475449     
  -2.85785785785786      -1.452134306084916E-002 -0.793076130773137     
  -2.84784784784785      -1.508500151527417E-002 -0.807738210768779     
  -2.83783783783784      -1.584734693992674E-002 -0.823156667417691     
  -2.82782782782783      -1.673343785176009E-002 -0.839415391227265     
  -2.81781781781782      -1.773235749557373E-002 -0.856617458927816     
  -2.80780780780781      -1.885180935206258E-002 -0.874874609981222     
  -2.79779779779780      -2.010801824295259E-002 -0.894312643193006     
  -2.78778778778779      -2.152379417671802E-002 -0.915077083997991     
  -2.77777777777778      -2.312908708975225E-002 -0.937339342785655     
  -2.76776776776777      -2.496285876821751E-002 -0.961304285401454     
  -2.75775775775776      -2.707624525843695E-002 -0.987220217178511     
  -2.74774774774775      -2.953751399435210E-002  -1.01539261265451     
  -2.73773773773774      -3.243989071473260E-002  -1.04620362137671     
  -2.72772772772773      -3.591431139591094E-002  -1.08014067235550     
  -2.71771771771772      -4.015112922454350E-002  -1.11783990683350     
  -2.70770770770771      -4.543921887772019E-002  -1.16015479018952     
  -2.69769769769770      -5.224142151821825E-002  -1.20826953548851     
  -2.68768768768769      -6.135364164030087E-002  -1.26389666396926     
  -2.67767767767768      -7.428127755702735E-002  -1.32963929816554     
  -2.66766766766767      -9.427689789532610E-002  -1.40966682483644     
  -2.65765765765766      -0.129816636230136       -1.51063803311594     
  -2.64764764764765      -0.207315396372858       -1.63662173264648     
  -2.63763763763764      -0.364057685872387       -1.73595286609915     
  -2.62762762762763      -0.531900581217948       -1.75515759838092     
  -2.61761761761762      -0.671871384908193       -1.73743574489683     
  -2.60760760760761      -0.790423612854060       -1.70520152752287     
  -2.59759759759760      -0.894003565292315       -1.66559850037647     
  -2.58758758758759      -0.986565650177007       -1.62141956507694     
  -2.57757757757758       -1.07059087836873       -1.57395938624327     
  -2.56756756756757       -1.14772072386014       -1.52388582184204     
  -2.55755755755756       -1.21909200220494       -1.47156366298288     
  -2.54754754754755       -1.28551987700394       -1.41719397319990     
  -2.53753753753754       -1.34760336716412       -1.36088093288029     
  -2.52752752752753       -1.40578921330402       -1.30266657075941     
  -2.51751751751752       -1.46041207469910       -1.24254983387009     
  -2.50750750750751       -1.51172048941264       -1.18049731743761     
  -2.49749749749750       -1.55989359272283       -1.11644903674835     
  -2.48748748748749       -1.60505025154957       -1.05032095106762     
  -2.47747747747748       -1.64725075062005      -0.982012698914809     
  -2.46746746746747       -1.68652314388306      -0.911395632441289     
  -2.45745745745746       -1.72274771772626      -0.838293051501493     
  -2.44744744744745       -1.75570598237001      -0.762843429037243     
  -2.43743743743744       -1.78573550584672      -0.684947279985013     
  -2.42742742742743       -1.81289614129276      -0.604308963953409     
  -2.41741741741742       -1.83667853260878      -0.520188100835634     
  -2.40740740740741       -1.85672222593864      -0.432602336209143     
  -2.39739739739740       -1.87255678739667      -0.341308998091882     
  -2.38738738738739       -1.88377399616859      -0.246120218158876     
  -2.37737737737738       -1.88984008379816      -0.146730950055113     
  -2.36736736736737       -1.89005120080398      -4.280277026929513E-002
  -2.35735735735736       -1.88350657381335       6.602395273282478E-002
  -2.34734734734735       -1.86905413957936       0.180122203656155     
  -2.33733733733734       -1.84520757807104       0.299862269081912     
  -2.32732732732733       -1.81002246318407       0.425578969177048     
  -2.31731731731732       -1.76090688044271       0.557505820586823     
  -2.30730730730731       -1.69431996015662       0.695639844059322     
  -2.29729729729730       -1.60526637571187       0.839447703606748     
  -2.28728728728729       -1.48639523076059       0.987159474301853     
  -2.27727727727728       -1.32634815059737        1.13374832299695     
  -2.26726726726727       -1.10845159497300        1.26410822528346     
  -2.25725725725726      -0.816155338960681        1.34275936831950     
  -2.24724724724725      -0.472447932588752        1.26985866162142     
  -2.23723723723724      -0.262470672808304        1.05966434780999     
  -2.22722722722723      -0.173563969384033       0.876855690891717     
  -2.21721721721722      -0.128770495381710       0.737335323853360     
  -2.20720720720721      -0.102079558847077       0.627071050893336     
  -2.19719719719720      -8.441367437902249E-002  0.536546275792076     
  -2.18718718718719      -7.189126650102171E-002  0.459998227016018     
  -2.17717717717718      -6.258203550634255E-002  0.393782242601461     
  -2.16716716716717      -5.541732726111936E-002  0.335468667465380     
  -2.15715715715716      -4.975700228681759E-002  0.283362247453288     
  -2.14714714714715      -4.519390665213722E-002  0.236234654650060     
  -2.13713713713714      -4.145660947629745E-002  0.193167611481769     
  -2.12712712712713      -3.835720432821260E-002  0.153456367427915     
  -2.11711711711712      -3.576153657477007E-002  0.116547787153245     
  -2.10710710710711      -3.357135398129977E-002  8.199919161576653E-002
  -2.09709709709710      -3.171315219925407E-002  4.945013612532630E-002
  -2.08708708708709      -3.013095577845626E-002  1.860252996556358E-002
  -2.07707707707708      -2.878150506071926E-002 -1.079370554298058E-002
  -2.06706706706707      -2.763096510506808E-002 -3.895120715413728E-002
  -2.05705705705706      -2.665262864901213E-002 -6.605311459786847E-002
  -2.04704704704705      -2.582529308426383E-002 -9.225915494165460E-002
  -2.03703703703704      -2.513213260755693E-002 -0.117710386582760     
  -2.02702702702703      -2.456008179020673E-002 -0.142532910542399     
  -2.01701701701702      -2.409992116361419E-002 -0.166839629725899     
  -2.00700700700701      -2.373877911688467E-002 -0.190730634751886     
  -1.99699699699700      -2.346912871415329E-002 -0.214312274537793     
  -1.98698698698699      -2.328914669227147E-002 -0.237671004484558     
  -1.97697697697698      -2.319468491618958E-002 -0.260898190697300     
  -1.96696696696697      -2.318583184160921E-002 -0.284075939860708     
  -1.95695695695696      -2.326067869994210E-002 -0.307287323340918     
  -1.94694694694695      -2.341968575916471E-002 -0.330615544713680     
  -1.93693693693694      -2.366446490986797E-002 -0.354144908263864     
  -1.92692692692693      -2.399809005486068E-002 -0.377962194009475     
  -1.91691691691692      -2.442512440615486E-002 -0.402157919630230     
  -1.90690690690691      -2.495180475456579E-002 -0.426827994017312     
  -1.89689689689690      -2.558632929831166E-002 -0.452075382941724     
  -1.88688688688689      -2.633920907195442E-002 -0.478012224702334     
  -1.87687687687688      -2.722383024992307E-002 -0.504762340846933     
  -1.86686686686687      -2.825727845706135E-002 -0.532464367007488     
  -1.85685685685686      -2.946170556675089E-002 -0.561275776464472     
  -1.84684684684685      -3.086711652752199E-002 -0.591378143493200     
  -1.83683683683684      -3.251924341679459E-002 -0.622982709784537     
  -1.82682682682683      -3.450015949851996E-002 -0.656312177229547     
  -1.81681681681682      -3.679797161315680E-002 -0.691552274944545     
  -1.80680680680681      -3.939961163541335E-002 -0.729181842465248     
  -1.79679679679680      -4.246089314927173E-002 -0.769705873509260     
  -1.78678678678679      -4.618905495236809E-002 -0.813662123922686     
  -1.77677677677678      -5.080628311018012E-002 -0.861763013582840     
  -1.76676676676677      -5.662595830683011E-002 -0.914942426852328     
  -1.75675675675676      -6.413613679588891E-002 -0.974526587795204     
  -1.74674674674675      -7.418277898447177E-002  -1.04242068440289     
  -1.73673673673674      -8.833577951158753E-002  -1.12148834903384     
  -1.72672672672673      -0.109872383103087       -1.21627419449064     
  -1.71671671671672      -0.146909384133493       -1.33418495889850     
  -1.70670670670671      -0.224140116036662       -1.48360577426158     
  -1.69669669669670      -0.397019740663516       -1.62687157465326     
  -1.68668668668669      -0.614415299455022       -1.66591399875588     
  -1.67667667667668      -0.794438767067644       -1.64123198142870     
  -1.66666666666667      -0.940134788084563       -1.59406363618749     
  -1.65665665665666       -1.06165636331750       -1.53761474180998     
  -1.64664664664665       -1.16551853378802       -1.47677714931574     
  -1.63663663663664       -1.25583676834670       -1.41373567977825     
  -1.62662662662663       -1.33535289136733       -1.34959766272892     
  -1.61661661661662       -1.40598887545024       -1.28497241620651     
  -1.60660660660661       -1.46914901352561       -1.22021299362312     
  -1.59659659659660       -1.52589378246719       -1.15552978593636     
  -1.58658658658659       -1.57704538746443       -1.09104895233903     
  -1.57657657657658       -1.62325492963695       -1.02684465768959     
  -1.56656656656657       -1.66504690988652      -0.962957874798541     
  -1.55655655655656       -1.70284974426433      -0.899407851847915     
  -1.54654654654655       -1.73701730736191      -0.836199364992480     
  -1.53653653653654       -1.76784452575046      -0.773327443650594     
  -1.52652652652653       -1.79557890860599      -0.710780525153273     
  -1.51651651651652       -1.82042923172575      -0.648542603268600     
  -1.50650650650651       -1.84257218077718      -0.586594715385521     
  -1.49649649649650       -1.86215750089442      -0.524915985300446     
  -1.48648648648649       -1.87931203209464      -0.463484361666493     
  -1.47647647647648       -1.89414289860042      -0.402277144516134     
  -1.46646646646647       -1.90674004433015      -0.341271361858886     
  -1.45645645645646       -1.91717825380339      -0.280444038269150     
  -1.44644644644645       -1.92551875913090      -0.219772383356973     
  -1.43643643643644       -1.93181050307182      -0.159233917046769     
  -1.42642642642643       -1.93609109708455      -9.880653801625075E-002
  -1.41641641641642       -1.93838746135389      -3.846853011141693E-002
  -1.40640640640641       -1.93871598202501       2.180148700570492E-002
  -1.39639639639640       -1.93708142419739       8.202429289974018E-002
  -1.38638638638639       -1.93347428611630       0.142213871426368     
  -1.37637637637638       -1.92789142361973       0.202378974748764     
  -1.36636636636637       -1.92028530111418       0.262507022832112     
  -1.35635635635636       -1.91078725968863       0.322603203397509     
  -1.34634634634635       -1.89923386923284       0.382850654170595     
  -1.33633633633634       -1.88553522387964       0.443153945792255     
  -1.32632632632633       -1.86965929982630       0.503514634027994     
  -1.31631631631632       -1.85154210523800       0.563946317692996     
  -1.30630630630631       -1.83110034094487       0.624460649150420     
  -1.29629629629630       -1.80823395358886       0.685066242549925     
  -1.28628628628629       -1.78282519017147       0.745768654493705     
  -1.27627627627628       -1.75473626062360       0.806570032256788     
  -1.26626626626627       -1.72380606232623       0.867468430211648     
  -1.25625625625626       -1.68984588198565       0.928456780018203     
  -1.24624624624625       -1.65263378696355       0.989521419777642     
  -1.23623623623624       -1.61190724284927        1.05064000138858     
  -1.22622622622623       -1.56735325729836        1.11177847414079     
  -1.21621621621622       -1.51859498439918        1.17288664370393     
  -1.20620620620621       -1.46517312822351        1.23389145490034     
  -1.19619619619620       -1.40651947607056        1.29468649468860     
  -1.18618618618619       -1.34191811726994        1.35511493423031     
  -1.17617617617618       -1.27044664218737        1.41494047033928     
  -1.16616616616617       -1.19088333219654        1.47379488527509     
  -1.15615615615616       -1.10155362346730        1.53107636626653     
  -1.14614614614615       -1.00006219145004        1.58573345885742     
  -1.13613613613614      -0.882799987764884        1.63574763098027     
  -1.12612612612613      -0.744026156790443        1.67667899584786     
  -1.11611611611612      -0.574732484770682        1.69666035917128     
  -1.10610610610611      -0.372024239461847        1.65858477359947     
  -1.09609609609610      -0.210126344642004        1.52466324280303     
  -1.08608608608609      -0.137392734389773        1.38487439909858     
  -1.07607607607608      -0.102383344006606        1.27482899500103     
  -1.06606606606607      -8.192362228186166E-002   1.18673022180761     
  -1.05605605605606      -6.839613524237358E-002   1.11362949130760     
  -1.04604604604605      -5.872510551758418E-002   1.05125853789369     
  -1.03603603603604      -5.143515854445041E-002  0.996927227696259     
  -1.02602602602603      -4.572703904041474E-002  0.948846812963467     
  -1.01601601601602      -4.112793925408557E-002  0.905769318454775     
  -1.00600600600601      -3.733906435013261E-002  0.866788885291515     
 -0.995995995995996      -3.416166265718334E-002  0.831226384106490     
 -0.985985985985986      -3.145802966220358E-002  0.798558934971262     
 -0.975975975975976      -2.912956559765237E-002  0.768374916178750     
 -0.965965965965966      -2.710381466168890E-002  0.740344130745823     
 -0.955955955955956      -2.532673612703657E-002  0.714197456417977     
 -0.945945945945946      -2.375848382749409E-002  0.689714267067644     
 -0.935935935935936      -2.236107188012648E-002  0.666714139561659     
 -0.925925925925926      -2.110805648530586E-002  0.645033319038362     
 -0.915915915915916      -1.997377691316700E-002  0.624540145911422     
 -0.905905905905906      -1.894727398125895E-002  0.605111233886481     
 -0.895895895895896      -1.801586262250542E-002  0.586651955258538     
 -0.885885885885886      -1.716821318550751E-002  0.569075356977607     
 -0.875875875875876      -1.639382102326123E-002  0.552306113220459     
 -0.865865865865866      -1.568380962550928E-002  0.536276488416991     
 -0.855855855855856      -1.503097273103814E-002  0.520926223440884     
 -0.845845845845846      -1.442925213922020E-002  0.506201537347377     
 -0.835835835835836      -1.387348139142730E-002  0.492054183124243     
 -0.825825825825826      -1.335922236049800E-002  0.478440662954631     
 -0.815815815815816      -1.288264520876181E-002  0.465321573251715     
 -0.805805805805806      -1.244043532150383E-002  0.452661051770512     
 -0.795795795795796      -1.202971958401286E-002  0.440426305793932     
 -0.785785785785786      -1.164800751873923E-002  0.428587205167975     
 -0.775775775775776      -1.129314431242273E-002  0.417115927277354     
 -0.765765765765765      -1.096327366711411E-002  0.405986643403308     
 -0.755755755755755      -1.065680903527780E-002  0.395175237577341     
 -0.745745745745745      -1.037241228282955E-002  0.384659050200687     
 -0.735735735735735      -1.010897923536484E-002  0.374416639430883     
 -0.725725725725725      -9.865631949080023E-003  0.364427553686719     
 -0.715715715715715      -9.641717949457757E-003  0.354672108595692     
 -0.705705705705705      -9.436817140847334E-003  0.345131161269219     
 -0.695695695695695      -9.250757662655137E-003  0.335785873861764     
 -0.685685685685685      -9.083642728000850E-003  0.326617456811505     
 -0.675675675675675      -8.935891539515487E-003  0.317606879748806     
 -0.665665665665665      -8.808298906076159E-003  0.308734534442085     
 -0.655655655655655      -8.702120457003673E-003  0.299979828776743     
 -0.645645645645645      -8.619193813289423E-003  0.291320682758660     
 -0.635635635635635      -8.562111477021548E-003  0.282732885501397     
 -0.625625625625625      -8.534469825580536E-003  0.274189253814116     
 -0.615615615615615      -8.541232713629998E-003  0.265658504555573     
 -0.605605605605605      -8.589271910793483E-003  0.257103707876916     
 -0.595595595595595      -8.688187656048207E-003  0.248480115495549     
 -0.585585585585585      -8.851585989257511E-003  0.239732036776726     
 -0.575575575575575      -9.099125547633145E-003  0.230788227611969     
 -0.565565565565565      -9.459909315940046E-003  0.221554889601622     
 -0.555555555555555      -9.978329159795104E-003  0.211904703229540     
 -0.545545545545545      -1.072461010036331E-002  0.201659032756231     
 -0.535535535535535      -1.181490105646055E-002  0.190557876968455     
 -0.525525525525525      -1.345216797689014E-002  0.178206795896995     
 -0.515515515515515      -1.601648203983338E-002  0.163978536749250     
 -0.505505505505505      -2.028429909161132E-002  0.146823079349214     
 -0.495495495495495      -2.802414104839438E-002  0.124878903996006     
 -0.485485485485485      -4.397601608629612E-002  9.474477529786064E-002
 -0.475475475475475      -8.360038699830981E-002  5.160990607929860E-002
 -0.465465465465465      -0.202756464406445       1.575730820410247E-002
 -0.455455455455455      -0.361283496134443       0.208713894430061     
 -0.445445445445445      -0.182999075643480       0.366702971366708     
 -0.435435435435435      -7.685325564555241E-002  0.325483523580681     
 -0.425425425425425      -4.110935938218666E-002  0.284235563079942     
 -0.415415415415415      -2.630199512350014E-002  0.255734765316212     
 -0.405405405405405      -1.892574437169156E-002  0.235119167075409     
 -0.395395395395395      -1.474733498170475E-002  0.219197543664842     
 -0.385385385385385      -1.215323457223685E-002  0.206220069181880     
 -0.375375375375375      -1.042918259987062E-002  0.195195408786153     
 -0.365365365365365      -9.221558872178225E-003  0.185530322204811     
 -0.355355355355355      -8.339625954342563E-003  0.176850932694892     
 -0.345345345345345      -7.673328285435370E-003  0.168910769367777     
 -0.335335335335335      -7.155619877919206E-003  0.161540976085429     
 -0.325325325325325      -6.743791932552588E-003  0.154621986981667     
 -0.315315315315315      -6.409604768536798E-003  0.148066683308631     
 -0.305305305305305      -6.133786608312948E-003  0.141809979313908     
 -0.295295295295295      -5.902825229059492E-003  0.135802159086643     
 -0.285285285285285      -5.707023223620927E-003  0.130004482955998     
 -0.275275275275275      -5.539279282234181E-003  0.124386211922112     
 -0.265265265265265      -5.394302054267036E-003  0.118922543558283     
 -0.255255255255255      -5.268090160468984E-003  0.113593148591588     
 -0.245245245245245      -5.157580753438122E-003  0.108381112070542     
 -0.235235235235235      -5.060407701319169E-003  0.103272152161996     
 -0.225225225225225      -4.974732935760558E-003  9.825403232833251E-002
 -0.215215215215215      -4.899127973570928E-003  9.331610956134585E-002
 -0.205205205205205      -4.832490968737963E-003  8.844897856112582E-002
 -0.195195195195195      -4.773990043857928E-003  8.364418277219235E-002
 -0.185185185185185      -4.723027361672388E-003  7.889397007690879E-002
 -0.175175175175175      -4.679221247027270E-003  7.419107484046654E-002
 -0.165165165165165      -4.642406283642632E-003  6.952850941552241E-002
 -0.155155155155155      -4.612654330131733E-003  6.489934711618330E-002
 -0.145145145145145      -4.590323732964360E-003  6.029647438860643E-002
 -0.135135135135135      -4.576151275612042E-003  5.571228077332397E-002
 -0.125125125125125      -4.571414872599807E-003  5.113823777608512E-002
 -0.115115115115115      -4.578221943143792E-003  4.656428473140146E-002
 -0.105105105105105      -4.600036013021272E-003  4.197787594469200E-002
 -9.509509509509506E-002 -4.642686643072772E-003  3.736241552652921E-002
 -8.508508508508505E-002 -4.716439519205917E-003  3.269453892429500E-002
 -7.507507507507505E-002 -4.840622194994471E-003  2.793912395873918E-002
 -6.506506506506504E-002 -5.055110974664092E-003  2.303973193938168E-002
 -5.505505505505504E-002 -5.452775540318454E-003  1.789943792910744E-002
 -4.504504504504503E-002 -6.293602179016913E-003  1.235109805024545E-002
 -3.503503503503502E-002 -8.470488541309050E-003  6.260811417586354E-003
 -2.502502502502502E-002 -1.445617759110614E-002  2.104239451538986E-003
 -1.501501501501501E-002 -1.529764485801131E-002  5.087773352077174E-003
 -5.005005005005003E-003 -1.388960324514267E-002  1.244630367980656E-003
  5.005005005005003E-003 -1.389831472091743E-002 -1.106458527219290E-003
  1.501501501501501E-002 -1.530925246629211E-002 -4.989961137328370E-003
  2.502502502502502E-002 -1.462444068020295E-002 -1.930086893304754E-003
  3.503503503503502E-002 -8.541150170589547E-003 -5.992226561904428E-003
  4.504504504504503E-002 -6.319060754234243E-003 -1.209452042491061E-002
  5.505505505505504E-002 -5.463521801187927E-003 -1.765364742117636E-002
  6.506506506506504E-002 -5.059808630197654E-003 -2.279951724421815E-002
  7.507507507507505E-002 -4.842283044404125E-003 -2.770127047114667E-002
  8.508508508508505E-002 -4.716336266999108E-003 -3.245709607884881E-002
  9.509509509509506E-002 -4.641441275065308E-003 -3.712410688212717E-002
  0.105105105105105      -4.597992103043650E-003 -4.173780934751101E-002
  0.115115115115115      -4.575593590889851E-003 -4.632180566113651E-002
  0.125125125125125      -4.568353800630032E-003 -5.089285504567430E-002
  0.135135135135135      -4.572780899984489E-003 -5.546363024611345E-002
  0.145145145145145      -4.586758867203335E-003 -6.004430453237754E-002
  0.155155155155155      -4.609014518403894E-003 -6.464351879711248E-002
  0.165165165165165      -4.638826617369063E-003 -6.926900659709302E-002
  0.175175175175175      -4.675862822042451E-003 -7.392802520310919E-002
  0.185185185185185      -4.720088861929793E-003 -7.862767610373766E-002
  0.195195195195195      -4.771721764149223E-003 -8.337516508970148E-002
  0.205205205205205      -4.831212718794527E-003 -8.817803459092079E-002
  0.215215215215215      -4.899252691449431E-003 -9.304439206516417E-002
  0.225225225225225      -4.976798516212973E-003 -9.798315445656831E-002
  0.235235235235235      -5.065120626045127E-003 -0.103004328459776     
  0.245245245245245      -5.165876801784382E-003 -0.108119349013069     
  0.255255255255255      -5.281220138935400E-003 -0.113341504320461     
  0.265265265265265      -5.413954725808478E-003 -0.118686485706662     
  0.275275275275275      -5.567760574746889E-003 -0.124173116611416     
  0.285285285285285      -5.747522267952337E-003 -0.129824340353171     
  0.295295295295295      -5.959817340639078E-003 -0.135668586731115     
  0.305305305305305      -6.213657653643340E-003 -0.141741703321067     
  0.315315315315315      -6.521643539905079E-003 -0.148089746959038     
  0.325325325325325      -6.901813918511458E-003 -0.154773118883767     
  0.335335335335335      -7.380714216291169E-003 -0.161872859850183     
  0.345345345345345      -7.998687855874421E-003 -0.169500532526383     
  0.355355355355355      -8.819433605285781E-003 -0.177814285998580     
  0.365365365365365      -9.948238147172902E-003 -0.187046028207289     
  0.375375375375375      -1.156912475861272E-002 -0.197549506477391     
  0.385385385385385      -1.402689722708026E-002 -0.209889741264991     
  0.395395395395395      -1.802753030649430E-002 -0.225018016878500     
  0.405405405405405      -2.519459637107211E-002 -0.244625306757347     
  0.415415415415415      -3.989034028441686E-002 -0.271790426174137     
  0.425425425425425      -7.643349280719751E-002 -0.310784073923834     
  0.435435435435435      -0.186374722802810      -0.341434755516675     
  0.445445445445445      -0.322198425229752      -0.159523706458472     
  0.455455455455455      -0.157067053966426      -3.043460658672663E-002
  0.465465465465465      -6.708725774082995E-002 -6.968488992264568E-002
  0.475475475475475      -3.675557044013165E-002 -0.106748366380423     
  0.485485485485485      -2.414898992398897E-002 -0.132758143404647     
  0.495495495495495      -1.789592334938998E-002 -0.152050787840385     
  0.505505505505505      -1.439939770000226E-002 -0.167404106333934     
  0.515515515515515      -1.227967774717592E-002 -0.180333337711209     
  0.525525525525525      -1.091931190444079E-002 -0.191701404700098     
  0.535535535535535      -1.001180872682829E-002 -0.202027848218243     
  0.545545545545545      -9.391627162032274E-003 -0.211641890762677     
  0.555555555555555      -8.963190115130186E-003 -0.220762068428308     
  0.565565565565565      -8.668300524434186E-003 -0.229539497810480     
  0.575575575575575      -8.469960320724314E-003 -0.238082544035007     
  0.585585585585585      -8.343803352675814E-003 -0.246471520364382     
  0.595595595595595      -8.273311997185114E-003 -0.254767797294522     
  0.605605605605605      -8.247024044770391E-003 -0.263019645960876     
  0.615615615615615      -8.256838257765445E-003 -0.271266103907534     
  0.625625625625625      -8.296952135795673E-003 -0.279539604659826     
  0.635635635635635      -8.363176878319062E-003 -0.287867812760656     
  0.645645645645645      -8.452484697266605E-003 -0.296274935569806     
  0.655655655655655      -8.562703398718920E-003 -0.304782683170605     
  0.665665665665665      -8.692306757882535E-003 -0.313410987379355     
  0.675675675675675      -8.840268719538793E-003 -0.322178553471006     
  0.685685685685685      -9.005961110288270E-003 -0.331103294545084     
  0.695695695695695      -9.189081695812619E-003 -0.340202683139655     
  0.705705705705705      -9.389603907005951E-003 -0.349494044627897     
  0.715715715715715      -9.607742446669100E-003 -0.358994810216254     
  0.725725725725725      -9.843930889078969E-003 -0.368722742845817     
  0.735735735735735      -1.009880866683931E-002 -0.378696146254010     
  0.745745745745745      -1.037321572924681E-002 -0.388934065421424     
  0.755755755755755      -1.066819379640273E-002 -0.399456485314445     
  0.765765765765765      -1.098499361585705E-002 -0.410284534050460     
  0.775775775775776      -1.132508801611694E-002 -0.421440696242190     
  0.785785785785786      -1.169019088874526E-002 -0.432949042253884     
  0.795795795795796      -1.208228255362714E-002 -0.444835479394742     
  0.805805805805806      -1.250364230322126E-002 -0.457128031685782     
  0.815815815815816      -1.295688931871288E-002 -0.469857155798340     
  0.825825825825826      -1.344503365818077E-002 -0.483056102147054     
  0.835835835835836      -1.397153973417976E-002 -0.496761332054836     
  0.845845845845846      -1.454040585785981E-002 -0.511013004617027     
  0.855855855855856      -1.515626570001798E-002 -0.525855550780623     
  0.865865865865866      -1.582452330050484E-002 -0.541338357844770     
  0.875875875875876      -1.655155304392572E-002 -0.557516593995102     
  0.885885885885886      -1.734508117161006E-002 -0.574452171293542     
  0.895895895895896      -1.821494047667650E-002 -0.592214216623935     
  0.905905905905906      -1.917063069265757E-002 -0.610879320919773     
  0.915915915915916      -2.022472296964066E-002 -0.630537153501195     
  0.925925925925926      -2.138383655593158E-002 -0.651287613211359     
  0.935935935935936      -2.266676484875568E-002 -0.673263765116459     
  0.945945945945946      -2.410544270731056E-002 -0.696601676284030     
  0.955955955955956      -2.572626523869549E-002 -0.721460110135777     
  0.965965965965966      -2.756264282757803E-002 -0.748032799063985     
  0.975975975975976      -2.965903271800020E-002 -0.776552607146846     
  0.985985985985986      -3.207396358935402E-002 -0.807302205449992     
  0.995995995995996      -3.488563676367487E-002 -0.840629723629103     
   1.00600600600601      -3.820096971826807E-002 -0.876971135261926     
   1.01601601601602      -4.217038120207315E-002 -0.916883190814176     
   1.02602602602603      -4.701300736591844E-002 -0.961093545906634     
   1.03603603603604      -5.306216725974938E-002  -1.01058012492415     
   1.04604604604605      -6.085324643494945E-002  -1.06670263542400     
   1.05605605605606      -7.130925433696331E-002  -1.13143204215784     
   1.06606606606607      -8.618026201081139E-002  -1.20777218016711     
   1.07607607607608      -0.109255317928945       -1.30054748390761     
   1.08608608608609      -0.150422110406234       -1.41748469787273     
   1.09609609609610      -0.240544261635046       -1.56335713237173     
   1.10610610610611      -0.424035423666952       -1.67764503383896     
   1.11611611611612      -0.620300331073726       -1.69521156191906     
   1.12612612612613      -0.780831330759811       -1.66803848559557     
   1.13613613613614      -0.913425045273124       -1.62422411106823     
   1.14614614614615       -1.02624238179381       -1.57283422816385     
   1.15615615615616       -1.12436596295648       -1.51745080900543     
   1.16616616616617       -1.21103092557819       -1.45976751845219     
   1.17617617617618       -1.28841426477882       -1.40069076693957     
   1.18618618618619       -1.35805561561443       -1.34074935774680     
   1.19619619619620       -1.42108875627875       -1.28027132696418     
   1.20620620620621       -1.47837612322799       -1.21946929899765     
   1.21621621621622       -1.53059114099860       -1.15848537999505     
   1.22622622622623       -1.57827094352192       -1.09741642677401     
   1.23623623623624       -1.62185146287466       -1.03632907001264     
   1.24624624624625       -1.66169156179951      -0.975269056452703     
   1.25625625625626       -1.69809010193295      -0.914267278944874     
   1.26626626626627       -1.73129830724956      -0.853343790665850     
   1.27627627627628       -1.76152890237144      -0.792510544391415     
   1.28628628628629       -1.78896297932983      -0.731773293778262     
   1.29629629629630       -1.81375521572544      -0.671132915635849     
   1.30630630630631       -1.83603783400148      -0.610586293107428     
   1.31631631631632       -1.85592344597120      -0.550126794313854     
   1.32632632632633       -1.87350631561381      -0.489744302903466     
   1.33633633633634       -1.88885870512895      -0.429426041439971     
   1.34634634634635       -1.90201665608564      -0.369185518520864     
   1.35635635635636       -1.91313401296720      -0.309093135762177     
   1.36636636636637       -1.92227677141124      -0.248957289949311     
   1.37637637637638       -1.92937988896324      -0.188810548397428     
   1.38638638638639       -1.93449611963562      -0.128676776887246     
   1.39639639639640       -1.93765219426506      -6.851307474325587E-002
   1.40640640640641       -1.93884358065529      -8.311612828957879E-003
   1.41641641641642       -1.93807485213484       5.194299893542914E-002
   1.42642642642643       -1.93533791694685       0.112271235048168     
   1.43643643643644       -1.93061379595584       0.172694231076571     
   1.44644644644645       -1.92387314811213       0.233233548682447     
   1.45645645645646       -1.91507591515808       0.293911178241699     
   1.46646646646647       -1.90417058209151       0.354749498009523     
   1.47647647647648       -1.89109314559481       0.415771182740920     
   1.48648648648649       -1.87576577957364       0.476999059830578     
   1.49649649649650       -1.85809514824798       0.538455902034371     
   1.50650650650651       -1.83797028941114       0.600164136578582     
   1.51651651651652       -1.81525995958921       0.662145439659508     
   1.52652652652653       -1.78980929226306       0.724420170629421     
   1.53653653653654       -1.76143556364603       0.787006578533786     
   1.54654654654655       -1.72992277881508       0.849919680515364     
   1.55655655655656       -1.69501467030383       0.913169659265711     
   1.56656656656657       -1.65640551866765       0.976759541711312     
   1.57657657657658       -1.61372792117812        1.04068177885730     
   1.58658658658659       -1.56653618268153        1.10491310038718     
   1.59659659659660       -1.51428325851275        1.16940657431696     
   1.60660660660661       -1.45628791118645        1.23407896780163     
   1.61661661661662       -1.39168649508067        1.29878985136978     
   1.62662662662663       -1.31935962161778        1.36330540149585     
   1.63663663663664       -1.23781587071473        1.42723193750871     
   1.64664664664665       -1.14499820019741        1.48988454570573     
   1.65665665665666       -1.03794363033266        1.55000139811271     
   1.66666666666667      -0.912154160228755        1.60503888379857     
   1.67667667667668      -0.760451892503602        1.64911153560661     
   1.68668668668669      -0.572136412033299        1.66561833871850     
   1.69669669669670      -0.353071195839083        1.60480710561438     
   1.70670670670671      -0.202486433783491        1.45097676064732     
   1.71671671671672      -0.137247279163624        1.30814321082036     
   1.72672672672673      -0.104542627427037        1.19578955855374     
   1.73673673673674      -8.494294256839532E-002   1.10475370843887     
   1.74674674674675      -7.182048229535305E-002   1.02831302750487     
   1.75675675675676      -6.239064589314924E-002  0.962351333761812     
   1.76676676676677      -5.528211277776023E-002  0.904246445569702     
   1.77677677677678      -4.974384702295244E-002  0.852235808005088     
   1.78678678678679      -4.533790415641948E-002  0.805094833228872     
   1.79679679679680      -4.174935051570212E-002  0.761930349736157     
   1.80680680680681      -3.880634590150807E-002  0.722102620699509     
   1.81681681681682      -3.623285143679398E-002  0.685012710874761     
   1.82682682682683      -3.402689491555704E-002  0.650224019544721     
   1.83683683683684      -3.211617988294582E-002  0.617318921528718     
   1.84684684684685      -3.051508949827157E-002  0.586086800395881     
   1.85685685685686      -2.915071915041909E-002  0.556312848303634     
   1.86686686686687      -2.798040698009443E-002  0.527793161779918     
   1.87687687687688      -2.697581320433927E-002  0.500351899077056     
   1.88688688688689      -2.611588329609941E-002  0.473836132943134     
   1.89689689689690      -2.538432436353046E-002  0.448110898467809     
   1.90690690690691      -2.476835052818128E-002  0.423055381479040     
   1.91691691691692      -2.425791827228231E-002  0.398559938404751     
   1.92692692692693      -2.384518534254728E-002  0.374523687369615     
   1.93693693693694      -2.352424344380375E-002  0.350852466178386     
   1.94694694694695      -2.329075729688165E-002  0.327457278751068     
   1.95695695695696      -2.314186699369606E-002  0.304252629133490     
   1.96696696696697      -2.307603489185289E-002  0.281155364217216     
   1.97697697697698      -2.309313596982772E-002  0.258082951670273     
   1.98698698698699      -2.319531746718280E-002  0.234953979105027     
   1.99699699699700      -2.338130019080726E-002  0.211685993573490     
   2.00700700700701      -2.365752446268389E-002  0.188189218215272     
   2.01701701701702      -2.402316369488623E-002  0.164376605624174     
   2.02702702702703      -2.448876629489563E-002  0.140142983100664     
   2.03703703703704      -2.506557513762074E-002  0.115389163274162     
   2.04704704704705      -2.576299305017222E-002  9.000224234580582E-002
   2.05705705705706      -2.659419608106202E-002  6.385647904506872E-002
   2.06706706706707      -2.757606003348169E-002  3.681116224135977E-002
   2.07707707707708      -2.872981647893891E-002  8.706885741894243E-003
   2.08708708708709      -3.008219237317487E-002 -2.063919174474947E-002
   2.09709709709710      -3.166703602920505E-002 -5.143942444871173E-002
   2.10710710710711      -3.352761517193351E-002 -8.394361891816078E-002
   2.11711711711712      -3.571990882585578E-002 -0.118449599127468     
   2.12712712712713      -3.831742193848948E-002 -0.155317544124647     
   2.13713713713714      -4.141840807563194E-002 -0.194989865805737     
   2.14714714714715      -4.515703322615151E-002 -0.238019432513392     
   2.15715715715716      -4.972124856868779E-002 -0.285110740127431     
   2.16716716716717      -5.538262313443813E-002 -0.337181861845866     
   2.17717717717718      -6.254870343039058E-002 -0.395461072094828     
   2.18718718718719      -7.186073849546769E-002 -0.461643976112588     
   2.19719719719720      -8.439067160320264E-002 -0.538161597696080     
   2.20720720720721      -0.102079531457896      -0.628662217156570     
   2.21721721721722      -0.128849271044423      -0.738913559536406     
   2.22722722722723      -0.173950934492891      -0.878376822944423     
   2.23723723723724      -0.263687102039660       -1.06014280419223     
   2.24724724724725      -0.470878443579231       -1.26690948211658     
   2.25725725725726      -0.810486185101620       -1.34665019237421     
   2.26726726726727       -1.10941568843450       -1.26864353495543     
   2.27727727727728       -1.32690227242103       -1.13555623055224     
   2.28728728728729       -1.48612951755922      -0.988783615719888     
   2.29729729729730       -1.60470649311772      -0.841293471283121     
   2.30730730730731       -1.69370233267557      -0.697722315853573     
   2.31731731731732       -1.76033829392552      -0.559785855806246     
   2.32732732732733       -1.80955495932375      -0.428014703468979     
   2.33733733733734       -1.84486747329645      -0.302417472087819     
   2.34734734734735       -1.86885445806832      -0.182766845721034     
   2.35735735735736       -1.88345299069162      -6.873335675239721E-002
   2.36736736736737       -1.89014514745948       4.004891701903919E-002
   2.37737737737738       -1.89008044472301       0.143949469770238     
   2.38738738738739       -1.88415796351960       0.243325173584882     
   2.39739739739740       -1.87307985928959       0.338512181245330     
   2.40740740740741       -1.85737661482173       0.429811712494464     
   2.41741741741742       -1.83746398479479       0.517399912611799     
   2.42742742742743       -1.81379772710690       0.601529712471033     
   2.43743743743744       -1.78681477510993       0.682182129428326     
   2.44744744744745       -1.75692691452184       0.760079348633061     
   2.45745745745746       -1.72410411437953       0.835629356627267     
   2.46746746746747       -1.68798428584904       0.908766159789296     
   2.47747747747748       -1.64883587629702       0.979417154362914     
   2.48748748748749       -1.60676605521122        1.04776460663537     
   2.49749749749750       -1.56174356853602        1.11393635785845     
   2.50750750750751       -1.51370919144002        1.17803124072620     
   2.51751751751752       -1.46254591649408        1.24013313829643     
   2.52752752752753       -1.40807688294868        1.30030225452031     
   2.53753753753754       -1.35005646464911        1.35857254325509     
   2.54754754754755       -1.28815383059161        1.41494604019636     
   2.55755755755756       -1.22192742599559        1.46938235739892     
   2.56756756756757       -1.15078550374429        1.52178004998105     
   2.57757757757758       -1.07392351158939        1.57194275974855     
   2.58758758758759      -0.990220852667340        1.61951425058362     
   2.59759759759760      -0.898062209034948        1.66384351877093     
   2.60760760760761      -0.795011294766238        1.70367302842685     
   2.61761761761762      -0.677193360824022        1.73630544083081     
   2.62762762762763      -0.538282040874831        1.75490042165240     
   2.63763763763764      -0.371488749187936        1.73811687912143     
   2.64764764764765      -0.212248367575829        1.64204400295874     
   2.65765765765766      -0.131913066665166        1.51540326561936     
   2.66766766766767      -9.535907652361367E-002   1.41337956046323     
   2.67767767767768      -7.494461423645787E-002   1.33262728643007     
   2.68768768768769      -6.180571896455733E-002   1.26638276205687     
   2.69769769769770      -5.257139916922019E-002   1.21039031269540     
   2.70770770770771      -4.569175998425099E-002   1.16199783634499     
   2.71771771771772      -4.035119434243953E-002   1.11946447245216     
   2.72772772772773      -3.607701746709008E-002   1.08158870173532     
   2.73773773773774      -3.257497343618926E-002   1.04750592763460     
   2.74774774774775      -2.965155219115595E-002   1.01657252378884     
   2.75775775775776      -2.717386334814800E-002  0.988295831645518     
   2.76776776776777      -2.504741803818158E-002  0.962289928350692     
   2.77777777777778      -2.320310607003883E-002  0.938246536341478     
   2.78778778778779      -2.158921980756173E-002  0.915915208832587     
   2.79779779779780      -2.016641613303940E-002  0.895089392185284     
   2.80780780780781      -1.890452138753288E-002  0.875596288070273     
   2.81781781781782      -1.778068369282038E-002  0.857289146997182     
   2.82782782782783      -1.677897002307110E-002  0.840040951361233     
   2.83783783783784      -1.589288944489699E-002  0.823738532987763     
   2.84784784784785      -1.513795643570986E-002  0.808277329185091     
   2.85785785785786      -1.460799360305041E-002  0.793580850061892     
   2.86786786786787      -1.449934237810360E-002  0.779971742812903     
   2.87787787787788      -1.358752431825836E-002  0.767579619392798     
   2.88788788788789      -1.257756142690630E-002  0.754979510789253     
   2.89789789789790      -1.191697584477808E-002  0.742877326183254     
   2.90790790790791      -1.135825404593595E-002  0.731364398519223     
   2.91791791791792      -1.085145546117506E-002  0.720353810803128     
   2.92792792792793      -1.037261548698730E-002  0.709786650708041     
   2.93793793793794      -9.946333320547623E-003  0.699637651693542     
   2.94794794794795      -9.556942651392541E-003  0.689889576254722     
   2.95795795795796      -9.195904247837346E-003  0.680514596593776     
   2.96796796796797      -8.858996764999860E-003  0.671487537702849     
   2.97797797797798      -8.543438467421328E-003  0.662786033878308     
   2.98798798798799      -8.247096197374312E-003  0.654389984338459     
   2.99799799799800      -7.968212305759118E-003  0.646281161036857     
   3.00800800800801      -7.705284833798557E-003  0.638442931463399     
   3.01801801801802      -7.457004010564891E-003  0.630860049930165     
   3.02802802802803      -7.222213491276845E-003  0.623518491877138     
   3.03803803803804      -6.999884176309056E-003  0.616405317334600     
   3.04804804804805      -6.789095272602774E-003  0.609508555424365     
   3.05805805805806      -6.589020014869360E-003  0.602817104716335     
   3.06806806806807      -6.398914732649375E-003  0.596320645815694     
   3.07807807807808      -6.218110637354552E-003  0.590009563377519     
   3.08808808808809      -6.046008193282758E-003  0.583874875095218     
   3.09809809809810      -5.882074463107597E-003  0.577908165152185     
   3.10810810810811      -5.725844667364061E-003  0.572101519094976     
   3.11811811811812      -5.576930530412205E-003  0.566447456161445     
   3.12812812812813      -5.435039480339885E-003  0.560938848733844     
   3.13813813813814      -5.300030755692089E-003  0.555568816209511     
   3.14814814814815      -5.172031262077483E-003  0.550330570232939     
   3.15815815815816      -5.051749396399125E-003  0.545217132790285     
   3.16816816816817      -4.941422676440742E-003  0.540220837208470     
   3.17817817817818      -4.848264396015096E-003  0.535332877046088     
   3.18818818818819      -4.797528220633549E-003  0.530551562116404     
   3.19819819819820      -4.793469416350828E-003  0.525946453347290     
   3.20820820820821      -4.792253668093919E-003  0.521459633831751     
   3.21821821821822      -4.716582889275157E-003  0.517303820099757     
   3.22822822822823      -4.417926545068456E-003  0.513011487123328     
   3.23823823823824      -4.251376640842135E-003  0.508722311720339     
   3.24824824824825      -4.135722592094261E-003  0.504537511319180     
   3.25825825825826      -4.038338660119739E-003  0.500451636392416     
   3.26826826826827      -3.950012094205416E-003  0.496456442584154     
   3.27827827827828      -3.867585342809646E-003  0.492545920962199     
   3.28828828828829      -3.789830160013641E-003  0.488715311195775     
   3.29829829829830      -3.716580438854965E-003  0.484960351175083     
   3.30830830830831      -3.648708570231289E-003  0.481276801468789     
   3.31831831831832      -3.589728228778077E-003  0.477659843402186     
   3.32832832832833      -3.553107485673553E-003  0.474106134314606     
   3.33833833833834      -3.574305932786303E-003  0.470658124190395     
   3.34834834834835      -3.493296251669109E-003  0.467386006656879     
   3.35835835835836      -3.355849085243317E-003  0.464047858270279     
   3.36836836836837      -3.270943062102484E-003  0.460747665500950     
   3.37837837837838      -3.204234945199857E-003  0.457511603817659     
   3.38838838838839      -3.144718780349211E-003  0.454336139061365     
   3.39839839839840      -3.089264643507234E-003  0.451217457442487     
   3.40840840840841      -3.036866298529214E-003  0.448152529302571     
   3.41841841841842      -2.987325444689874E-003  0.445138662300553     
   3.42842842842843      -2.941060621503339E-003  0.442173110791990     
   3.43843843843844      -2.899615992226628E-003  0.439252656919647     
   3.44844844844845      -2.868004538403246E-003  0.436373371185609     
   3.45845845845846      -2.863262395234184E-003  0.433537512211320     
   3.46846846846847      -2.878583173883105E-003  0.430789825220344     
   3.47847847847848      -2.908322277963787E-003  0.428093247109301     
   3.48848848848849      -2.855295235751252E-003  0.425579965362542     
   3.49849849849850      -2.698888165765485E-003  0.422944258725789     
   3.50850850850851      -2.620031027928550E-003  0.420307917735136     
   3.51851851851852      -2.568218531552416E-003  0.417718360440878     
   3.52852852852853      -2.526280271858770E-003  0.415171561189726     
   3.53853853853854      -2.489605825629950E-003  0.412662929983934     
   3.54854854854855      -2.456808601792935E-003  0.410188800230875     
   3.55855855855856      -2.427802942950933E-003  0.407745749913818     
   3.56856856856857      -2.403373262878931E-003  0.405329976223113     
   3.57857857857858      -2.385411770604898E-003  0.402936570349208     
   3.58858858858859      -2.377898873682129E-003  0.400558377540299     
   3.59859859859860      -2.389634565108873E-003  0.398183849848736     
   3.60860860860861      -2.442523935181900E-003  0.395792831158803     
   3.61861861861862      -2.601438172541398E-003  0.393350855645711     
   3.62862862862863      -3.100996115785657E-003  0.390849014033750     
   3.63863863863864      -4.514654974644156E-003  0.389087264574511     
   3.64864864864865      -4.080692854504343E-003  0.389092382065064     
   3.65865865865866      -2.832517954193035E-003  0.387001297427158     
   3.66866866866867      -2.398131145254577E-003  0.384624462926472     
   3.67867867867868      -2.217857441497404E-003  0.382376218175446     
   3.68868868868869      -2.120629093835289E-003  0.380226769103429     
   3.69869869869870      -2.057066689220195E-003  0.378145467796629     
   3.70870870870871      -2.009648171182246E-003  0.376115000604744     
   3.71871871871872      -1.971031621011089E-003  0.374125495948359     
   3.72872872872873      -1.937732664416951E-003  0.372170941655470     
   3.73873873873874      -1.907936580673785E-003  0.370247403535993     
   3.74874874874875      -1.880631230530488E-003  0.368352122896499     
   3.75875875875876      -1.855225821833978E-003  0.366483034038246     
   3.76876876876877      -1.831370653887378E-003  0.364638490056567     
   3.77877877877878      -1.808868177887525E-003  0.362817101491530     
   3.78878878878879      -1.787601512875572E-003  0.361017619068675     
   3.79879879879880      -1.767558361416593E-003  0.359238817169952     
   3.80880880880881      -1.748824653303395E-003  0.357479454693677     
   3.81881881881882      -1.731594352449306E-003  0.355738191377263     
   3.82882882882883      -1.716211221707922E-003  0.354013443540637     
   3.83883883883884      -1.703290942208031E-003  0.352303205746247     
   3.84884884884885      -1.693942148039601E-003  0.350604746758993     
   3.85885885885886      -1.690259277876652E-003  0.348914053197489     
   3.86886886886887      -1.696526386555687E-003  0.347224760287648     
   3.87887887887888      -1.722562446300936E-003  0.345526048754229     
   3.88888888888889      -1.794581245474243E-003  0.343799091677788     
   3.89889889889890      -1.998186842987190E-003  0.342022165192189     
   3.90890890890891      -2.566916318327649E-003  0.340351851510503     
   3.91891891891892      -3.375588111666219E-003  0.339322092166674     
   3.92892892892893      -3.087074272474027E-003  0.339275699638617     
   3.93893893893894      -2.108774609200258E-003  0.337807096743228     
   3.94894894894895      -1.760933217737052E-003  0.336069980446811     
   3.95895895895896      -1.620162955370315E-003  0.334429018546586     
   3.96896896896897      -1.546365905807172E-003  0.332862691339623     
   3.97897897897898      -1.499697567390737E-003  0.331346122278642     
   3.98898898898899      -1.466097179647790E-003  0.329865707113782     
   3.99899899899900      -1.439502450196153E-003  0.328413679863402     
   4.00900900900901      -1.417040943367862E-003  0.326985344847281     
   4.01901901901902      -1.397214037502013E-003  0.325577708412475     
   4.02902902902903      -1.379176729501147E-003  0.324188751500184     
   4.03903903903904      -1.362422372660808E-003  0.322817040822647     
   4.04904904904905      -1.346631558980656E-003  0.321461511458618     
   4.05905905905906      -1.331594284755560E-003  0.320121339552987     
   4.06906906906907      -1.317167456327984E-003  0.318795864606852     
   4.07907907907908      -1.303250562208076E-003  0.317484540248756     
   4.08908908908909      -1.289771263187538E-003  0.316186901996440     
   4.09909909909910      -1.276676986414962E-003  0.314902545690187     
   4.10910910910911      -1.263930184952289E-003  0.313631115794462     
   4.11911911911912      -1.251488172619759E-003  0.312372293963266     
   4.12912912912913      -1.239329349922505E-003  0.311125762781043     
   4.13913913913914      -1.227445899977046E-003  0.309891251936606     
   4.14914914914915      -1.215822279323761E-003  0.308668501069090     
   4.15915915915916      -1.204449704987894E-003  0.307457257434753     
   4.16916916916917      -1.193325692975892E-003  0.306257273820397     
   4.17917917917918      -1.182455618354187E-003  0.305068302765668     
   4.18918918918919      -1.171857267663358E-003  0.303890088121937     
   4.19919919919920      -1.161571319465585E-003  0.302722351284447     
   4.20920920920921      -1.151686719272655E-003  0.301564766280407     
   4.21921921921922      -1.142409795818759E-003  0.300416911908524     
   4.22922922922923      -1.134286885188519E-003  0.299278188391682     
   4.23923923923924      -1.129069016443150E-003  0.298147883565550     
   4.24924924924925      -1.131936933215164E-003  0.297028841296267     
   4.25925925925926      -1.134509276467038E-003  0.295930589482441     
   4.26926926926927      -1.146322010618730E-003  0.294850315580730     
   4.27927927927928      -1.116597821374924E-003  0.293799152169558     
   4.28928928928929      -1.085849257406311E-003  0.292717431856442     
   4.29929929929930      -1.069626133348418E-003  0.291642526895667     
   4.30930930930931      -1.057887698657374E-003  0.290578845724089     
   4.31931931931932      -1.047813181987270E-003  0.289525421326491     
   4.32932932932933      -1.038576226572724E-003  0.288481464307724     
   4.33933933933934      -1.029931138461062E-003  0.287446418013573     
   4.34934934934935      -1.021920836980521E-003  0.286419797704854     
   4.35935935935936      -1.015006549234324E-003  0.285401066082908     
   4.36936936936937      -1.011033904467839E-003  0.284389834394742     
   4.37937937937938      -1.015477903967677E-003  0.283391499338594     
   4.38938938938939      -1.007218177768515E-003  0.282419966313033     
   4.39939939939940      -9.868771700850222E-004  0.281437440627699     
   4.40940940940941      -9.748626059892754E-004  0.280458310634554     
   4.41941941941942      -9.656895074347641E-004  0.279487775768323     
   4.42942942942943      -9.575140713086095E-004  0.278525494075077     
   4.43943943943944      -9.498203414107343E-004  0.277571029507982     
   4.44944944944945      -9.424389065032725E-004  0.276624068447450     
   4.45945945945946      -9.353169802589035E-004  0.275684357669375     
   4.46946946946947      -9.284610253413208E-004  0.274751656832259     
   4.47947947947948      -9.219364250310781E-004  0.273825699121961     
   4.48948948948949      -9.159193692760282E-004  0.272906140620486     
   4.49949949949950      -9.108889157663301E-004  0.271992483423506     
   4.50950950950951      -9.083865369358986E-004  0.271084142309151     
   4.51951951951952      -9.128326231333522E-004  0.270183756941885     
   4.52952952952953      -9.167883615664034E-004  0.269298652328903     
   4.53953953953954      -9.302378421354331E-004  0.268428154601044     
   4.54954954954955      -9.059142902266217E-004  0.267581598516091     
   4.55955955955956      -8.808122158574912E-004  0.266705584756348     
   4.56956956956957      -8.686160168172847E-004  0.265833472757286     
   4.57957957957958      -8.604383706655156E-004  0.264969114687775     
   4.58958958958959      -8.538060517204463E-004  0.264111595154960     
   4.59959959959960      -8.480152265514983E-004  0.263260129369196     
   4.60960960960961      -8.428713984676012E-004  0.262414105599739     
   4.61961961961962      -8.383934660489705E-004  0.261572941167043     
   4.62962962962963      -8.347500897833508E-004  0.260735963714504     
   4.63963963963964      -8.323257141068250E-004  0.259902247527888     
   4.64964964964965      -8.319252489393601E-004  0.259070437909516     
   4.65965965965966      -8.352326375537338E-004  0.258238391953817     
   4.66966966966967      -8.461291845532117E-004  0.257402185258065     
   4.67967967967968      -8.765727826032705E-004  0.256555160991735     
   4.68968968968969      -9.675778904301204E-004  0.255696990431296     
   4.69969969969970      -1.178071765469632E-003  0.254948952790897     
   4.70970970970971      -1.327355959272018E-003  0.254397385605472     
   4.71971971971972      -1.120741691705412E-003  0.253934801370469     
   4.72972972972973      -9.076416918038121E-004  0.253118846774611     
   4.73973973973974      -8.326039834204515E-004  0.252285285697962     
   4.74974974974975      -7.996327646823884E-004  0.251478790803905     
   4.75975975975976      -7.811930696765806E-004  0.250691512255608     
   4.76976976976977      -7.689292073324642E-004  0.249917475664884     
   4.77977977977978      -7.597386384914290E-004  0.249153328493585     
   4.78978978978979      -7.522755350898935E-004  0.248397127557552     
   4.79979979979980      -7.458882830619919E-004  0.247647663549120     
   4.80980980980981      -7.402409016304649E-004  0.246904123088193     
   4.81981981981982      -7.351715450535656E-004  0.246165918270332     
   4.82982982982983      -7.306410353627806E-004  0.245432674329380     
   4.83983983983984      -7.263259684812334E-004  0.244704132101491     
   4.84984984984985      -7.222321536844097E-004  0.243979504957587     
   4.85985985985986      -7.186316347618345E-004  0.243258565540411     
   4.86986986986987      -7.155228845939805E-004  0.242540989022003     
   4.87987987987988      -7.129924289502074E-004  0.241826291412048     
   4.88988988988989      -7.112319005319929E-004  0.241113850857147     
   4.89989989989990      -7.105938660173384E-004  0.240402817953780     
   4.90990990990991      -7.117293369403772E-004  0.239691935054872     
   4.91991991991992      -7.159941317824370E-004  0.238979184668218     
   4.92992992992993      -7.264720332160917E-004  0.238261146650060     
   4.93993993993994      -7.513544643163644E-004  0.237531717360583     
   4.94994994994995      -8.172624593900221E-004  0.236782164646054     
   4.95995995995996      -1.021431037474886E-003  0.236045126862652     
   4.96996996996997      -1.303841279649387E-003  0.235718018461583     
   4.97997997997998      -9.778103885139302E-004  0.235317981145881     
   4.98998998998999      -7.976164432573098E-004  0.234575135881511     
   5.00000000000000      -7.370135825330352E-004  0.233836926252018     
