  -5.00000000000000      -5.501013155663528E-004 -0.217634916800589     
  -4.98998998998999      -5.489945643278348E-004 -0.218184312079437     
  -4.97997997997998      -5.493201612423890E-004 -0.218733471976842     
  -4.96996996996997      -5.509422757184498E-004 -0.219283555606219     
  -4.95995995995996      -5.543178968367560E-004 -0.219835680007920     
  -4.94994994994995      -5.615568955873979E-004 -0.220390916646588     
  -4.93993993993994      -5.799014131104316E-004 -0.220945609826121     
  -4.92992992992993      -5.995799446287259E-004 -0.221477721148728     
  -4.91991991991992      -5.866251623095146E-004 -0.222008026345917     
  -4.90990990990991      -5.716134833481705E-004 -0.222569465125000     
  -4.89989989989990      -5.686329528562612E-004 -0.223136679722905     
  -4.88988988988989      -5.696763207866724E-004 -0.223705325462003     
  -4.87987987987988      -5.724678079934124E-004 -0.224276362935349     
  -4.86986986986987      -5.766656984691112E-004 -0.224850802869933     
  -4.85985985985986      -5.831466472403684E-004 -0.225429676065614     
  -4.84984984984985      -5.959009254761766E-004 -0.226013231140335     
  -4.83983983983984      -6.220195749209767E-004 -0.226587276817092     
  -4.82982982982983      -6.197952806815766E-004 -0.227142989850333     
  -4.81981981981982      -6.059383968685516E-004 -0.227733828696035     
  -4.80980980980981      -6.053192120981592E-004 -0.228335706038758     
  -4.79979979979980      -6.099779288974900E-004 -0.228942340887329     
  -4.78978978978979      -6.178912813654254E-004 -0.229555463904370     
  -4.77977977977978      -6.298752320665857E-004 -0.230177674643991     
  -4.76976976976977      -6.497490818954803E-004 -0.230812804447640     
  -4.75975975975976      -6.903015545610803E-004 -0.231465963746097     
  -4.74974974974975      -7.963404769663244E-004 -0.232121547821516     
  -4.73973973973974      -9.327557951615544E-004 -0.232617265022126     
  -4.72972972972973      -8.252260814609603E-004 -0.233142160537772     
  -4.71971971971972      -7.719702201415858E-004 -0.233854908330648     
  -4.70970970970971      -8.081336613391844E-004 -0.234609876032389     
  -4.69969969969970      -9.424342052841300E-004 -0.235417382441915     
  -4.68968968968969      -1.347318440630635E-003 -0.236273618016492     
  -4.67967967967968      -2.349309261021295E-003 -0.236486844720465     
  -4.66966966966967      -1.866759285713616E-003 -0.235797309888371     
  -4.65965965965966      -1.122441748273276E-003 -0.236513785506124     
  -4.64964964964965      -8.832038722405375E-004 -0.237375562267514     
  -4.63963963963964      -8.020180040796816E-004 -0.238177590145259     
  -4.62962962962963      -7.879512418307177E-004 -0.238943677716573     
  -4.61961961961962      -8.385958710039580E-004 -0.239659863694017     
  -4.60960960960961      -8.228981807189774E-004 -0.240287567806560     
  -4.59959959959960      -7.843495571757635E-004 -0.241014904660038     
  -4.58958958958959      -8.268426710348628E-004 -0.241751479443276     
  -4.57957957957958      -8.741323937769196E-004 -0.242380879752335     
  -4.56956956956957      -8.105859632337314E-004 -0.243086136156720     
  -4.55955955955956      -8.104557314695596E-004 -0.243864472740339     
  -4.54954954954955      -8.665374401286756E-004 -0.244673838709865     
  -4.53953953953954      -1.028254196835942E-003 -0.245531193845374     
  -4.52952952952953      -1.504798123726889E-003 -0.246321194345095     
  -4.51951951951952      -1.975402788989699E-003 -0.246376507993783     
  -4.50950950950951      -1.516506383873796E-003 -0.246440110844667     
  -4.49949949949950      -1.066239137445560E-003 -0.247260573656779     
  -4.48948948948949      -9.446743700705309E-004 -0.248163978448606     
  -4.47947947947948      -9.830611486181140E-004 -0.249031323818029     
  -4.46946946946947      -1.147824300524060E-003 -0.249704799960696     
  -4.45945945945946      -1.025123062376207E-003 -0.250322754490837     
  -4.44944944944945      -1.026078177131941E-003 -0.251130318076425     
  -4.43943943943944      -1.041712353743398E-003 -0.251739772713014     
  -4.42942942942943      -8.933048146423246E-004 -0.252496131355840     
  -4.41941941941942      -8.429703072437723E-004 -0.253326126273692     
  -4.40940940940941      -8.343518314892929E-004 -0.254153879062009     
  -4.39939939939940      -8.465862513334108E-004 -0.254986242047743     
  -4.38938938938939      -8.856045293520967E-004 -0.255833759694288     
  -4.37937937937938      -9.944837080310010E-004 -0.256685512363414     
  -4.36936936936937      -1.127406527734562E-003 -0.257384166745450     
  -4.35935935935936      -1.112863835490546E-003 -0.258175261476985     
  -4.34934934934935      -1.203738901206033E-003 -0.258891309281269     
  -4.33933933933934      -1.067353784305969E-003 -0.259696568037625     
  -4.32932932932933      -1.044365039046521E-003 -0.260679145653819     
  -4.31931931931932      -1.121001535343115E-003 -0.261720031354760     
  -4.30930930930931      -1.325139316590733E-003 -0.262857807192546     
  -4.29929929929930      -1.868973446010061E-003 -0.264135717930780     
  -4.28928928928929      -3.381302274543931E-003 -0.265015169031418     
  -4.27927927927928      -4.387333301369353E-003 -0.263798959163037     
  -4.26926926926927      -2.819669509285166E-003 -0.263265915140621     
  -4.25925925925926      -1.914055406308622E-003 -0.264630222414060     
  -4.24924924924925      -2.038090182646852E-003 -0.265987284784170     
  -4.23923923923924      -2.435886937639057E-003 -0.266384153103004     
  -4.22922922922923      -2.096658373249322E-003 -0.267000595279040     
  -4.21921921921922      -1.740707222357848E-003 -0.267566487556008     
  -4.20920920920921      -1.302961437180793E-003 -0.268640444684842     
  -4.19919919919920      -1.158982416873512E-003 -0.269782856727695     
  -4.18918918918919      -1.124586750123124E-003 -0.270893869744991     
  -4.17917917917918      -1.149694054449991E-003 -0.272007578886084     
  -4.16916916916917      -1.243295593278029E-003 -0.273165281752637     
  -4.15915915915916      -1.481296692409937E-003 -0.274420232462198     
  -4.14914914914915      -2.160234374050737E-003 -0.275786863672381     
  -4.13913913913914      -3.960664432172763E-003 -0.276252890290118     
  -4.12912912912913      -3.561618083239931E-003 -0.274616042424662     
  -4.11911911911912      -2.053168715932124E-003 -0.275570149697961     
  -4.10910910910911      -1.648592276110187E-003 -0.277043178728713     
  -4.09909909909910      -1.809924963339849E-003 -0.278438550643957     
  -4.08908908908909      -2.554463579344067E-003 -0.279224259483918     
  -4.07907907907908      -2.386726942338884E-003 -0.279138070728490     
  -4.06906906906907      -1.578046967331715E-003 -0.279999137768145     
  -4.05905905905906      -1.258683907415739E-003 -0.281212275691294     
  -4.04904904904905      -1.141026918384373E-003 -0.282363338143950     
  -4.03903903903904      -1.089305900090584E-003 -0.283462041646700     
  -4.02902902902903      -1.065051233624203E-003 -0.284532070792673     
  -4.01901901901902      -1.055856861948656E-003 -0.285588067449334     
  -4.00900900900901      -1.060049954516846E-003 -0.286639222054941     
  -3.99899899899900      -1.088779157913341E-003 -0.287683889073597     
  -3.98898898898899      -1.119232709317764E-003 -0.288680373583563     
  -3.97897897897898      -1.115062917457698E-003 -0.289684879505714     
  -3.96896896896897      -1.082525696213870E-003 -0.290707490252678     
  -3.95895895895896      -1.067295753354327E-003 -0.291766733925393     
  -3.94894894894895      -1.066711654369467E-003 -0.292830939297758     
  -3.93893893893894      -1.071319160219441E-003 -0.293899541898071     
  -3.92892892892893      -1.078493335694488E-003 -0.294974651312412     
  -3.91891891891892      -1.087515082317055E-003 -0.296057981190619     
  -3.90890890890891      -1.098500528801149E-003 -0.297151054058497     
  -3.89889889889890      -1.112829327416368E-003 -0.298255252234230     
  -3.88888888888889      -1.134972848302861E-003 -0.299367933054445     
  -3.87887887887888      -1.150157377684327E-003 -0.300478432012277     
  -3.86886886886887      -1.156930338308497E-003 -0.301618409356684     
  -3.85885885885886      -1.175433980456050E-003 -0.302779920258011     
  -3.84884884884885      -1.209239478195145E-003 -0.303958559152312     
  -3.83883883883884      -1.256572639040700E-003 -0.305127117205670     
  -3.82882882882883      -1.261239751856326E-003 -0.306323883745270     
  -3.81881881881882      -1.287602221626151E-003 -0.307581798759464     
  -3.80880880880881      -1.343660159477667E-003 -0.308883901899264     
  -3.79879879879880      -1.447742295122933E-003 -0.310247904128867     
  -3.78878878878879      -1.680333201947651E-003 -0.311692378951066     
  -3.77877877877878      -2.238835386561798E-003 -0.313018882345529     
  -3.76876876876877      -2.639171258907506E-003 -0.313923914079653     
  -3.75875875875876      -2.602922589184618E-003 -0.314675017543924     
  -3.74874874874875      -2.323660580111727E-003 -0.316319316521170     
  -3.73873873873874      -2.863382553994335E-003 -0.318390212894115     
  -3.72872872872873      -4.954167586716550E-003 -0.320144665281329     
  -3.71871871871872      -7.189029616311206E-003 -0.318395247538667     
  -3.70870870870871      -4.881105914060489E-003 -0.316671873351244     
  -3.69869869869870      -2.769894510940453E-003 -0.318440176614052     
  -3.68868868868869      -2.068639200385384E-003 -0.320470669023308     
  -3.67867867867868      -1.810865584302116E-003 -0.322299317851462     
  -3.66866866866867      -1.720897258727423E-003 -0.324014223564038     
  -3.65865865865866      -1.742342821547812E-003 -0.325686108721200     
  -3.64864864864865      -1.935731228911089E-003 -0.327286238328282     
  -3.63863863863864      -2.023251205855320E-003 -0.328588479785961     
  -3.62862862862863      -1.957974351202915E-003 -0.330216500507301     
  -3.61861861861862      -2.284646882189366E-003 -0.331867703874714     
  -3.60860860860861      -2.405608115590036E-003 -0.333001733771688     
  -3.59859859859860      -2.184485120236205E-003 -0.334743437175940     
  -3.58858858858859      -2.401897579556642E-003 -0.336802479205356     
  -3.57857857857858      -3.283675805429493E-003 -0.338948752624187     
  -3.56856856856857      -4.800998233441577E-003 -0.339845776442616     
  -3.55855855855856      -4.835221841545934E-003 -0.341206328210136     
  -3.54854854854855      -7.493404860988008E-003 -0.342565454658442     
  -3.53853853853854      -7.825495196099614E-003 -0.340155011398938     
  -3.52852852852853      -5.892255743396093E-003 -0.339558244225986     
  -3.51851851851852      -3.534248641562632E-003 -0.341415654816862     
  -3.50850850850851      -2.871312105022423E-003 -0.343869364370262     
  -3.49849849849850      -2.811501633114745E-003 -0.345585698806441     
  -3.48848848848849      -2.267924884113344E-003 -0.347318230082485     
  -3.47847847847848      -2.008387594253774E-003 -0.349295733306871     
  -3.46846846846847      -1.910355480999470E-003 -0.351214375318612     
  -3.45845845845846      -1.873677389191663E-003 -0.353090083349976     
  -3.44844844844845      -1.870303210219580E-003 -0.354951669183388     
  -3.43843843843844      -1.896515070261145E-003 -0.356821676573683     
  -3.42842842842843      -1.973241901324049E-003 -0.358717818282178     
  -3.41841841841842      -2.176953663471946E-003 -0.360590155578836     
  -3.40840840840841      -2.272832302379416E-003 -0.362245739014215     
  -3.39839839839840      -2.264651354187342E-003 -0.364201772680347     
  -3.38838838838839      -2.604546695061591E-003 -0.366122436687436     
  -3.37837837837838      -2.599722203679615E-003 -0.367673739371437     
  -3.36836836836837      -2.458003971429836E-003 -0.369822838468113     
  -3.35835835835836      -2.681195218424705E-003 -0.372210567034615     
  -3.34834834834835      -3.473686527673906E-003 -0.374767714105563     
  -3.33833833833834      -5.615970414411155E-003 -0.376497879944674     
  -3.32832832832833      -6.364386984152184E-003 -0.375692035579072     
  -3.31831831831832      -4.346272959529782E-003 -0.376183823405906     
  -3.30830830830831      -3.113279933907756E-003 -0.378809851090549     
  -3.29829829829830      -2.773369489489514E-003 -0.381511498394912     
  -3.28828828828829      -2.782543009399682E-003 -0.384157777251870     
  -3.27827827827828      -3.156987386412292E-003 -0.386795314189465     
  -3.26826826826827      -3.965771528042216E-003 -0.388750424201363     
  -3.25825825825826      -3.534733243072701E-003 -0.390594739031364     
  -3.24824824824825      -3.539575119223844E-003 -0.393494378645766     
  -3.23823823823824      -4.504049930949469E-003 -0.396087306101240     
  -3.22822822822823      -4.455037534002031E-003 -0.397650006617744     
  -3.21821821821822      -4.050764322843197E-003 -0.400871560911275     
  -3.20820820820821      -4.617634275766666E-003 -0.404737540236951     
  -3.19819819819820      -6.587662832355199E-003 -0.409083180309101     
  -3.18818818818819      -1.154926815597867E-002 -0.411585137860335     
  -3.17817817817818      -1.292441566310170E-002 -0.411057031451715     
  -3.16816816816817      -1.748355060941554E-002 -0.411304301678661     
  -3.15815815815816      -1.386471882577456E-002 -0.407946591109184     
  -3.14814814814815      -1.318168290782360E-002 -0.413801567317435     
  -3.13813813813814      -1.977581834246871E-002 -0.413390024954614     
  -3.12812812812813      -1.757133822636230E-002 -0.410197763801922     
  -3.11811811811812      -1.553506372351972E-002 -0.406903225843468     
  -3.10810810810811      -8.637266107678690E-003 -0.409633451448546     
  -3.09809809809810      -6.553002642960578E-003 -0.415042388322187     
  -3.08808808808809      -6.934433097534249E-003 -0.418654896531405     
  -3.07807807807808      -5.543528574634522E-003 -0.421181923210319     
  -3.06806806806807      -4.674157867220974E-003 -0.425338004896144     
  -3.05805805805806      -4.850884497672365E-003 -0.429645903626881     
  -3.04804804804805      -6.370378893462167E-003 -0.433992467190728     
  -3.03803803803804      -1.030875312836386E-002 -0.435818905236319     
  -3.02802802802803      -1.004670898157447E-002 -0.433414621103489     
  -3.01801801801802      -6.063198694966480E-003 -0.435435426278048     
  -3.00800800800801      -4.445341574933718E-003 -0.439577580505501     
  -2.99799799799800      -3.886073088869634E-003 -0.443482605688113     
  -2.98798798798799      -3.682722071334338E-003 -0.447159108126851     
  -2.97797797797798      -3.654428225846813E-003 -0.450658116119707     
  -2.96796796796797      -3.566490015493545E-003 -0.454054287350487     
  -2.95795795795796      -3.513098028267987E-003 -0.457537708026392     
  -2.94794794794795      -3.516570837751797E-003 -0.461039073513734     
  -2.93793793793794      -3.546687456325962E-003 -0.464565592548587     
  -2.92792792792793      -3.593841275820877E-003 -0.468133092888942     
  -2.91791791791792      -3.655327326541391E-003 -0.471755297493176     
  -2.90790790790791      -3.732155646092172E-003 -0.475445397734140     
  -2.89789789789790      -3.830492639701910E-003 -0.479218268961403     
  -2.88788788788789      -3.970956682301203E-003 -0.483091941766955     
  -2.87787787787788      -4.225815953399186E-003 -0.487061268394055     
  -2.86786786786787      -4.576107119413187E-003 -0.490887733302702     
  -2.85785785785786      -4.700235253967277E-003 -0.494920259027433     
  -2.84784784784785      -5.221864855172750E-003 -0.498898282859977     
  -2.83783783783784      -5.055933925886691E-003 -0.502740705351480     
  -2.82782782782783      -5.048291737074521E-003 -0.507397927678769     
  -2.81781781781782      -5.637689547050022E-003 -0.512218921540766     
  -2.80780780780781      -6.550846146172467E-003 -0.516165807240768     
  -2.79779779779780      -6.113954378935619E-003 -0.520598508860130     
  -2.78778778778779      -6.570119759429058E-003 -0.526094790720980     
  -2.77777777777778      -8.291387448649937E-003 -0.530628927663246     
  -2.76776776776777      -7.642406060791414E-003 -0.534215941354430     
  -2.75775775775776      -7.245158065184620E-003 -0.540257846209090     
  -2.74774774774775      -8.353050350939535E-003 -0.546054693592873     
  -2.73773773773774      -8.227825261973633E-003 -0.551125392668577     
  -2.72772772772773      -8.342877500014943E-003 -0.558197090583899     
  -2.71771771771772      -1.030519904609876E-002 -0.565489092965545     
  -2.70770770770771      -1.181006281875652E-002 -0.570299870306937     
  -2.69769769769770      -1.100221702567972E-002 -0.578285596955708     
  -2.68768768768769      -1.261629489841676E-002 -0.588810366410770     
  -2.67767767767768      -1.771057054846076E-002 -0.601359314156389     
  -2.66766766766767      -3.236951802466870E-002 -0.613945378797591     
  -2.65765765765766      -5.341206304828983E-002 -0.605606265984767     
  -2.64764764764765      -4.653011849252413E-002 -0.588509039815300     
  -2.63763763763764      -3.300226942062350E-002 -0.601014238070512     
  -2.62762762762763      -4.470751428586853E-002 -0.619664466121243     
  -2.61761761761762      -7.123937117622607E-002 -0.603600477865735     
  -2.60760760760761      -4.783868740432749E-002 -0.578640787857551     
  -2.59759759759760      -2.469742465753013E-002 -0.591646953543850     
  -2.58758758758759      -1.691878532245661E-002 -0.608079472246677     
  -2.57757757757758      -1.405584343739575E-002 -0.622342345336865     
  -2.56756756756757      -1.297098953263511E-002 -0.635354376884910     
  -2.55755755755756      -1.281983997014677E-002 -0.647870905782407     
  -2.54754754754755      -1.359477865137890E-002 -0.660045359981380     
  -2.53753753753754      -1.399932903298497E-002 -0.671226086617664     
  -2.52752752752753      -1.378093964793159E-002 -0.683976854706026     
  -2.51751751751752      -1.437818351644475E-002 -0.697743238764548     
  -2.50750750750751      -1.560870676789851E-002 -0.712435353285281     
  -2.49749749749750      -1.786987507189219E-002 -0.728405716074698     
  -2.48748748748749      -2.279278688372624E-002 -0.745095745286849     
  -2.47747747747748      -2.736564528832353E-002 -0.758147112708503     
  -2.46746746746747      -3.037126991701065E-002 -0.777376793945530     
  -2.45745745745746      -4.140114634251602E-002 -0.792192265318829     
  -2.44744744744745      -3.887238725872768E-002 -0.807137933500122     
  -2.43743743743744      -4.514600550559049E-002 -0.838024116647983     
  -2.42742742742743      -7.433713624540321E-002 -0.864249122323095     
  -2.41741741741742      -8.981405214622275E-002 -0.856819694242393     
  -2.40740740740741      -9.762215118049594E-002 -0.867098479360976     
  -2.39739739739740      -7.931200008370506E-002 -0.875247262086099     
  -2.38738738738739      -7.965064001636631E-002 -0.923429535693955     
  -2.37737737737738      -0.118932079416782      -0.948054733425268     
  -2.36736736736737      -0.103115268116822      -0.947152289121441     
  -2.35735735735736      -9.810156673586798E-002  -1.00269388519667     
  -2.34734734734735      -0.108386948523817       -1.04271234987577     
  -2.33733733733734      -0.105228018963736       -1.11465376707498     
  -2.32732732732733      -0.132139878035318       -1.21691250872370     
  -2.31731731731732      -0.206979934508011       -1.34804843546428     
  -2.30730730730731      -0.397125309415650       -1.47173506868892     
  -2.29729729729730      -0.655888501306950       -1.42309065578746     
  -2.28728728728729      -0.750305062124984       -1.26381941379812     
  -2.27727727727728      -0.756331623250921       -1.17595021927081     
  -2.26726726726727      -0.773882913426155       -1.26609564185313     
  -2.25725725725726       -1.00926770496878       -1.23891663942262     
  -2.24724724724725       -1.13310839165468       -1.01753217142331     
  -2.23723723723724       -1.00324769417787      -0.851864762720715     
  -2.22722722722723      -0.975027218072822       -1.03269335699203     
  -2.21721721721722       -1.24315558062878       -1.03510595503416     
  -2.20720720720721       -1.43180006301547      -0.856929371535658     
  -2.19719719719720       -1.55354702168951      -0.638956336129719     
  -2.18718718718719       -1.62013855895682      -0.365971073678757     
  -2.17717717717718       -1.60375574778174      -4.935938231918564E-002
  -2.16716716716717       -1.46273142587175       0.295124081041670     
  -2.15715715715716       -1.13206835476140       0.570284532700162     
  -2.14714714714715      -0.744842751052181       0.638373335755521     
  -2.13713713713714      -0.386120571555781       0.509876809718915     
  -2.12712712712713      -0.227662117832739       0.300537596146041     
  -2.11711711711712      -0.176456462075450       0.148652857365224     
  -2.10710710710711      -0.138336661975010       5.982773874861939E-002
  -2.09709709709710      -0.105607224410737      -3.412501611889725E-002
  -2.08708708708709      -0.104823111570544      -0.112707508804926     
  -2.07707707707708      -0.101738291559749      -0.148304692153004     
  -2.06706706706707      -8.075783737676312E-002 -0.202343695220140     
  -2.05705705705706      -8.770888311591661E-002 -0.249496520676339     
  -2.04704704704705      -7.752746944530875E-002 -0.278759818933932     
  -2.03703703703704      -8.133312628995785E-002 -0.329238956193841     
  -2.02702702702703      -0.118798352915378      -0.344405859028922     
  -2.01701701701702      -0.100382401095424      -0.317742644685514     
  -2.00700700700701      -5.730468842170931E-002 -0.344847503653413     
  -1.99699699699700      -4.087779185856515E-002 -0.384332455695807     
  -1.98698698698699      -3.460388944180441E-002 -0.418681625724117     
  -1.97697697697698      -3.127592860310151E-002 -0.449086024345478     
  -1.96696696696697      -3.090252777207314E-002 -0.477148606026980     
  -1.95695695695696      -3.035618715145101E-002 -0.498325232303564     
  -1.94694694694695      -2.183525225753897E-002 -0.523225008527232     
  -1.93693693693694      -2.384856073418522E-002 -0.554887058882127     
  -1.92692692692693      -2.480735731890035E-002 -0.576249501307216     
  -1.91691691691692      -2.413444200624005E-002 -0.599962558469876     
  -1.90690690690691      -2.402230342255346E-002 -0.623890703479689     
  -1.89689689689690      -2.417458231640807E-002 -0.647922242036388     
  -1.88688688688689      -2.451862421448864E-002 -0.672217315907768     
  -1.87687687687688      -2.504144947884477E-002 -0.696946973971576     
  -1.86686686686687      -2.574967462920278E-002 -0.722287348756951     
  -1.85685685685686      -2.666246193894528E-002 -0.748428369962765     
  -1.84684684684685      -2.781276644860733E-002 -0.775584430929743     
  -1.83683683683684      -2.925425878431601E-002 -0.804008327200764     
  -1.82682682682683      -3.108082042752326E-002 -0.834010363545530     
  -1.81681681681682      -3.349047242804245E-002 -0.865963369090914     
  -1.80680680680681      -3.678455676216276E-002 -0.900039321018405     
  -1.79679679679680      -4.050573088170883E-002 -0.937043761782052     
  -1.78678678678679      -4.649119256836345E-002 -0.978518490988372     
  -1.77677677677678      -5.662342114488179E-002  -1.02244898046568     
  -1.76676676676677      -6.646218381959097E-002  -1.07131892552772     
  -1.75675675675676      -8.556902593691391E-002  -1.12562248530986     
  -1.74674674674675      -0.101374101014372       -1.19009715913373     
  -1.73673673673674      -0.147724392943815       -1.28222554651742     
  -1.72672672672673      -0.265066245116853       -1.34653280394048     
  -1.71671671671672      -0.344917267450433       -1.33408194682104     
  -1.70670670670671      -0.370329990849166       -1.34588160322469     
  -1.69669669669670      -0.495953507169390       -1.43992202615183     
  -1.68668668668669      -0.672088655941217       -1.33589164539403     
  -1.67667667667668      -0.688822633064588       -1.24262818140910     
  -1.66666666666667      -0.692686690837609       -1.10457595230295     
  -1.65665665665666      -0.604417608139486       -1.06393292979993     
  -1.64664664664665      -0.490641685182853       -1.09801325022782     
  -1.63663663663664      -0.432901965584930       -1.17472197980803     
  -1.62662662662663      -0.458877866931362       -1.34131098083208     
  -1.61661661661662      -0.547065284908086       -1.35294433133455     
  -1.60660660660661      -0.513294403217088       -1.45664911360299     
  -1.59659659659660      -0.658362032661753       -1.60738179146854     
  -1.58658658658659      -0.834371686637052       -1.62633359560399     
  -1.57657657657658      -0.968115122002192       -1.59819416448329     
  -1.56656656656657       -1.07357662198228       -1.55619667168343     
  -1.55655655655656       -1.16046648092420       -1.50957102916083     
  -1.54654654654655       -1.23475775335146       -1.46137320602468     
  -1.53653653653654       -1.29993992033399       -1.41263500593343     
  -1.52652652652653       -1.35816700415738       -1.36373323820269     
  -1.51651651651652       -1.41085334278311       -1.31479908291651     
  -1.50650650650651       -1.45897563485167       -1.26586191124628     
  -1.49649649649650       -1.50323598229041       -1.21690607816872     
  -1.48648648648649       -1.54415545714886       -1.16789500280933     
  -1.47647647647648       -1.58213064036603       -1.11878163223916     
  -1.46646646646647       -1.61746914785456       -1.06951269715143     
  -1.45645645645646       -1.65041199258970       -1.02003030501556     
  -1.44644644644645       -1.68115178390710      -0.970275906322247     
  -1.43643643643644       -1.70984795974820      -0.920172971115345     
  -1.42642642642643       -1.73661226565030      -0.869635111436427     
  -1.41641641641642       -1.76152804944864      -0.818558588152652     
  -1.40640640640641       -1.78462648793954      -0.766798147636018     
  -1.39639639639640       -1.80578559331456      -0.714160240314376     
  -1.38638638638639       -1.82451177373813      -0.660920866988806     
  -1.37637637637638       -1.84234133661768      -0.607592506368325     
  -1.36636636636637       -1.85852621497769      -0.551370467289833     
  -1.35635635635636       -1.87038878811222      -0.492490978903719     
  -1.34634634634635       -1.87448807317210      -0.435999699719532     
  -1.33633633633634       -1.88602978996493      -0.383703284553214     
  -1.32632632632633       -1.89365010722441      -0.316486306666757     
  -1.31631631631632       -1.88015413871291      -0.242842118685879     
  -1.30630630630631       -1.83428473121169      -0.207383014196917     
  -1.29629629629630       -1.86382193234951      -0.194349350832738     
  -1.28628628628629       -1.87957045459888      -0.112714217226768     
  -1.27627627627628       -1.83613154959482      -2.483691130639983E-002
  -1.26626626626627       -1.74255686389030      -3.847338873878880E-002
  -1.25625625625626       -1.80994533763356      -7.162331693449278E-002
  -1.24624624624625       -1.84940670458863      -8.675479197906816E-003
  -1.23623623623624       -1.85530122060276       6.975848925400968E-002
  -1.22622622622623       -1.82484281970765       0.115321937521187     
  -1.21621621621622       -1.82536264337773       0.148948544739030     
  -1.20620620620621       -1.83432230731722       0.171703685939676     
  -1.19619619619620       -1.86923093588463       0.222964051682060     
  -1.18618618618619       -1.88436253036993       0.304660741455586     
  -1.17617617617618       -1.87875133400608       0.384946164972744     
  -1.16616616616617       -1.86453352227514       0.461257621617594     
  -1.15615615615616       -1.84509231145969       0.535530781037914     
  -1.14614614614615       -1.82130488995564       0.609004192026084     
  -1.13613613613614       -1.79329017482676       0.682399561481420     
  -1.12612612612613       -1.76085281945814       0.756160228497382     
  -1.11611611611612       -1.72361376592715       0.830570148425725     
  -1.10610610610611       -1.68104266566728       0.905820671553220     
  -1.09609609609610       -1.63243615625827       0.982021435812268     
  -1.08608608608609       -1.57690046810038        1.05920563686589     
  -1.07607607607608       -1.51327993450708        1.13731874401190     
  -1.06606606606607       -1.44005403192585        1.21617283870333     
  -1.05605605605606       -1.35516887687794        1.29535568469500     
  -1.04604604604605       -1.25574929611989        1.37403661712323     
  -1.03603603603604       -1.13758291244040        1.45051483489830     
  -1.02602602602603      -0.994187099174572        1.52101706676170     
  -1.01601601601602      -0.815318497047574        1.57619616157744     
  -1.00600600600601      -0.587703541508864        1.58737517107264     
 -0.995995995995996      -0.346025157692343        1.48569052705127     
 -0.985985985985986      -0.211126015218384        1.30761281124469     
 -0.975975975975976      -0.154269836211644        1.16017959165454     
 -0.965965965965966      -0.125489660222819        1.04299382874596     
 -0.955955955955956      -0.106849781507016       0.943979912808241     
 -0.945945945945946      -0.104862024505924       0.858636727550389     
 -0.935935935935936      -0.106664736913511       0.791501550500572     
 -0.925925925925926      -0.106285386542394       0.740318056928110     
 -0.915915915915916      -0.105590765600282       0.686237600669541     
 -0.905905905905906      -0.110634440067152       0.628561677257606     
 -0.895895895895896      -0.151157535831630       0.604161718844216     
 -0.885885885885886      -0.122442817670638       0.614009559143628     
 -0.875875875875876      -9.370044172530682E-002  0.556117864631990     
 -0.865865865865866      -0.118077943202596       0.500180571773196     
 -0.855855855855856      -0.145459936841083       0.504443367749421     
 -0.845845845845846      -0.135148523811755       0.494611984940850     
 -0.835835835835836      -0.127958731122982       0.511218895197663     
 -0.825825825825826      -8.017654192171779E-002  0.490043587810444     
 -0.815815815815816      -5.730968174596893E-002  0.455463049188448     
 -0.805805805805806      -4.179270459555597E-002  0.417906831799509     
 -0.795795795795796      -3.460940249415511E-002  0.382650205657769     
 -0.785785785785786      -3.112052230088067E-002  0.351201325087586     
 -0.775775775775776      -2.871544631746304E-002  0.323067704163933     
 -0.765765765765765      -2.656864425960632E-002  0.296224543837385     
 -0.755755755755755      -2.515941219990807E-002  0.270589189000969     
 -0.745745745745745      -2.415628574103057E-002  0.246039546300245     
 -0.735735735735735      -2.341064521080666E-002  0.222323728645846     
 -0.725725725725725      -2.285678020463772E-002  0.199238605309396     
 -0.715715715715715      -2.246039080443465E-002  0.176618457779535     
 -0.705705705705705      -2.220273745082224E-002  0.154320013726880     
 -0.695695695695695      -2.207459441793296E-002  0.132212343462372     
 -0.685685685685685      -2.207370875163200E-002  0.110169602234111     
 -0.675675675675675      -2.220397209094780E-002  8.806504859812998E-002
 -0.665665665665665      -2.247587753936412E-002  6.576525340192166E-002
 -0.655655655655655      -2.290875664538467E-002  4.312351873470449E-002
 -0.645645645645645      -2.353749118462313E-002  1.997157870732677E-002
 -0.635635635635635      -2.443601417084950E-002 -3.886391713764824E-003
 -0.625625625625625      -2.578046025992456E-002 -2.858716847750856E-002
 -0.615615615615615      -2.729361106146948E-002 -5.405913581098392E-002
 -0.605605605605605      -2.900352866176548E-002 -8.148763012816106E-002
 -0.595595595595595      -3.168083295058138E-002 -0.111046173321089     
 -0.585585585585585      -3.591238410100241E-002 -0.143350917101687     
 -0.575575575575575      -4.261931895543791E-002 -0.178282489929176     
 -0.565565565565565      -5.214231309960420E-002 -0.216013868358788     
 -0.555555555555555      -6.737499107126337E-002 -0.256534767837130     
 -0.545545545545545      -8.299634433969220E-002 -0.298873705987455     
 -0.535535535535535      -0.109142485790985      -0.352093138295713     
 -0.525525525525525      -0.153238079592679      -0.410200017927544     
 -0.515515515515515      -0.227014753865682      -0.443098396142197     
 -0.505505505505505      -0.262144910191694      -0.426060094128614     
 -0.495495495495495      -0.247551278791903      -0.514330749961169     
 -0.485485485485485      -0.391856792167444      -0.660948234917025     
 -0.475475475475475      -0.630500513396451      -0.579151395628197     
 -0.465465465465465      -0.657962104765304      -0.538928579990803     
 -0.455455455455455      -0.804155008368695      -0.484540615999134     
 -0.445445445445445      -0.979983735041178      -0.404654084935719     
 -0.435435435435435       -1.04006378766683      -8.420829298234303E-002
 -0.425425425425425      -0.782612847407378       4.585534165109422E-002
 -0.415415415415415      -0.760726388926048      -0.149254179606267     
 -0.405405405405405       -1.07679493103040      -0.115671544220818     
 -0.395395395395395       -1.16569735218485       0.301299123642497     
 -0.385385385385385      -0.941265683306294       0.587176705451478     
 -0.375375375375375      -0.632518308914281       0.756417225011544     
 -0.365365365365365      -0.305223244959788       0.656362501778084     
 -0.355355355355355      -0.170691547323728       0.492236424934071     
 -0.345345345345345      -0.114122057906415       0.369578172481787     
 -0.335335335335335      -8.519684325825047E-002  0.277392183915687     
 -0.325325325325325      -6.836906562479272E-002  0.204117843536012     
 -0.315315315315315      -5.776938294770892E-002  0.142943400343095     
 -0.305305305305305      -5.077202031398065E-002  8.980336908983844E-002
 -0.295295295295295      -4.605312578110056E-002  4.212071148949256E-002
 -0.285285285285285      -4.288808624873781E-002 -1.844903601274296E-003
 -0.275275275275275      -4.085950414685138E-002 -4.334457456643200E-002
 -0.265265265265265      -3.972312909805369E-002 -8.333731540278416E-002
 -0.255255255255255      -3.934253415416793E-002 -0.122610752643040     
 -0.245245245245245      -3.965773987556424E-002 -0.161862679790883     
 -0.235235235235235      -4.067428703073386E-002 -0.201764475774488     
 -0.225225225225225      -4.247091341600078E-002 -0.243020899019202     
 -0.215215215215215      -4.523958429921768E-002 -0.286438710172727     
 -0.205205205205205      -4.942166570079032E-002 -0.332991450423385     
 -0.195195195195195      -5.597734545956459E-002 -0.383549395842223     
 -0.185185185185185      -6.508657768958602E-002 -0.438343818498650     
 -0.175175175175175      -7.684823756236205E-002 -0.502477196990109     
 -0.165165165165165      -0.101952477114489      -0.580030372518855     
 -0.155155155155155      -0.159332874546990      -0.656495914599114     
 -0.145145145145145      -0.208285306276442      -0.688024130898443     
 -0.135135135135135      -0.212164924638212      -0.785415582013268     
 -0.125125125125125      -0.314119143014107      -0.944609285988663     
 -0.115115115115115      -0.561784672034495       -1.01488195335057     
 -0.105105105105105      -0.712666454748573      -0.880495846456355     
 -9.509509509509506E-002 -0.712420887319193      -0.875969771254889     
 -8.508508508508505E-002 -0.803772234031491      -0.926231101264052     
 -7.507507507507505E-002 -0.960788167626596       -1.00380670420613     
 -6.506506506506504E-002  -1.21701762337725      -0.924051133799979     
 -5.505505505505504E-002  -1.37053849799759      -0.741667670461683     
 -4.504504504504503E-002  -1.35958082801568      -0.579929508283310     
 -3.503503503503502E-002  -1.42373321561604      -0.562157505361004     
 -2.502502502502502E-002  -1.55379508745119      -0.482792466767469     
 -1.501501501501501E-002  -1.67657127986367      -0.317016601998962     
 -5.005005005005003E-003  -1.73926968594059      -0.108722889217350     
  5.005005005005003E-003  -1.73892436719396       0.110699616940049     
  1.501501501501501E-002  -1.67560364963759       0.318584993434287     
  2.502502502502502E-002  -1.55205836576211       0.482560925811275     
  3.503503503503502E-002  -1.42544776986899       0.561542652886364     
  4.504504504504503E-002  -1.36650400340307       0.581645528395024     
  5.505505505505504E-002  -1.37024009682361       0.751052009961855     
  6.506506506506504E-002  -1.21101016829178       0.930712013169780     
  7.507507507507505E-002 -0.952366843564284        1.00420796137641     
  8.508508508508505E-002 -0.798769594663123       0.923545987495502     
  9.509509509509506E-002 -0.715173072875507       0.872852428767079     
  0.105105105105105      -0.715527208131513       0.891872463356465     
  0.115115115115115      -0.546405152493605        1.01966143140884     
  0.125125125125125      -0.304202671707102       0.935868139983841     
  0.135135135135135      -0.209484140042040       0.777212964802710     
  0.145145145145145      -0.206829533969586       0.685165439611578     
  0.155155155155155      -0.154654318401040       0.650823456900590     
  0.165165165165165      -9.990055233562678E-002  0.572658087587406     
  0.175175175175175      -7.612539548494790E-002  0.495523937128846     
  0.185185185185185      -6.483579974656883E-002  0.431572927968126     
  0.195195195195195      -5.604701122673680E-002  0.376600598815251     
  0.205205205205205      -4.978439317159839E-002  0.325720375678393     
  0.215215215215215      -4.584144000643563E-002  0.278667586724666     
  0.225225225225225      -4.330929608462911E-002  0.234535462306688     
  0.235235235235235      -4.178074270223258E-002  0.192324473484334     
  0.245245245245245      -4.109143246503407E-002  0.151182340543510     
  0.255255255255255      -4.119537927162044E-002  0.110332537042089     
  0.265265265265265      -4.213335588468807E-002  6.899628375624554E-002
  0.275275275275275      -4.403679509085359E-002  2.631579484028898E-002
  0.285285285285285      -4.715929797064553E-002 -1.873894050848108E-002
  0.295295295295295      -5.194879293739710E-002 -6.750500139464409E-002
  0.305305305305305      -5.920088432667823E-002 -0.121846317463847     
  0.315315315315315      -7.040191950529773E-002 -0.184543880330142     
  0.325325325325325      -8.857973545886037E-002 -0.260033978965500     
  0.335335335335335      -0.120745996292868      -0.355821358118506     
  0.345345345345345      -0.186367107875948      -0.484337767300826     
  0.355355355355355      -0.350155019630250      -0.649615228916228     
  0.365365365365365      -0.703054338168046      -0.684823811060270     
  0.375375375375375      -0.976667317073562      -0.504040435432222     
  0.385385385385385       -1.14881449638848      -0.144390951914553     
  0.395395395395395      -0.943466129797149       0.205896082681440     
  0.405405405405405      -0.684902544580994       9.120420557135661E-002
  0.415415415415415      -0.865894712467219      -7.420510657876080E-003
  0.425425425425425      -0.970244697358522       0.207475933841264     
  0.435435435435435      -0.900691348434235       0.464367970473024     
  0.445445445445445      -0.663639661096353       0.502204061188664     
  0.455455455455455      -0.639155937027501       0.516311249471587     
  0.465465465465465      -0.496915883794057       0.628628603586766     
  0.475475475475475      -0.306319664280278       0.573254967579907     
  0.485485485485485      -0.228093367846486       0.452884617317099     
  0.495495495495495      -0.256584298201480       0.410268960097057     
  0.505505505505505      -0.186754168124940       0.427837714010827     
  0.515515515515515      -0.120302746400456       0.376066844654172     
  0.525525525525525      -9.029206295993548E-002  0.314034725518443     
  0.535535535535535      -7.326166790323330E-002  0.271094263601649     
  0.545545545545545      -5.732638659672438E-002  0.230915295783446     
  0.555555555555555      -4.601932694403083E-002  0.193165654805925     
  0.565565565565565      -3.752158232470864E-002  0.157646967160725     
  0.575575575575575      -3.249449310907566E-002  0.124468964356654     
  0.585585585585585      -2.941056400867309E-002  9.438981313410945E-002
  0.595595595595595      -2.744169051940700E-002  6.665503417083063E-002
  0.605605605605605      -2.589436393296126E-002  4.103543947674441E-002
  0.615615615615615      -2.441503167778171E-002  1.646724970990780E-002
  0.625625625625625      -2.338931433480749E-002 -7.262605150210562E-003
  0.635635635635635      -2.267189119476903E-002 -3.021103845035982E-002
  0.645645645645645      -2.216533529351960E-002 -5.257461186449846E-002
  0.655655655655655      -2.182625671044152E-002 -7.452820625604285E-002
  0.665665665665665      -2.163107435238692E-002 -9.622187849337921E-002
  0.675675675675675      -2.156636498284833E-002 -0.117789530063367     
  0.685685685685685      -2.162567750210009E-002 -0.139355906974427     
  0.695695695695695      -2.180854108467548E-002 -0.161042432285547     
  0.705705705705705      -2.212070567400056E-002 -0.182972830504629     
  0.715715715715715      -2.257560575065549E-002 -0.205279479810731     
  0.725725725725725      -2.319768413525033E-002 -0.228111702457039     
  0.735735735735735      -2.402934111160889E-002 -0.251647970621589     
  0.745745745745745      -2.514633413782684E-002 -0.276115626732811     
  0.755755755755755      -2.669708829681157E-002 -0.301823834483163     
  0.765765765765765      -2.902563556211853E-002 -0.329197932567773     
  0.775775775775776      -3.293736056450766E-002 -0.358462858220588     
  0.785785785785786      -3.799243170584809E-002 -0.389887785979069     
  0.795795795795796      -4.777185869112235E-002 -0.427512354772044     
  0.805805805805806      -7.437189015396131E-002 -0.468059671712628     
  0.815815815815816      -0.116130615160948      -0.480869438836837     
  0.825825825825826      -0.148452184118795      -0.476834217108497     
  0.835835835835836      -0.123381348513003      -0.442807935819886     
  0.845845845845846      -8.945117452435296E-002 -0.490480578108285     
  0.855855855855856      -0.111061875039929      -0.538964302790822     
  0.865865865865866      -0.116579347900254      -0.537559979281869     
  0.875875875875876      -0.106050255092008      -0.581298172413214     
  0.885885885885886      -0.119957002741867      -0.594556883777824     
  0.895895895895896      -8.746896595243225E-002 -0.630271742588165     
  0.905905905905906      -8.441016292599045E-002 -0.694856338671592     
  0.915915915915916      -0.100620136734124      -0.740984792927724     
  0.925925925925926      -8.803900530253533E-002 -0.790386865957860     
  0.935935935935936      -8.657712797748951E-002 -0.866830061466053     
  0.945945945945946      -9.875326661343130E-002 -0.952060417449882     
  0.955955955955956      -0.118916889117758       -1.04230841867690     
  0.965965965965966      -0.142467282893595       -1.15563343110023     
  0.975975975975976      -0.195718364816235       -1.30296987725367     
  0.985985985985986      -0.322317954397086       -1.47944414179253     
  0.995995995995996      -0.558668668096955       -1.59113457994361     
   1.00600600600601      -0.788883775581755       -1.58647016056036     
   1.01601601601602      -0.970607360249556       -1.53435683786855     
   1.02602602602603       -1.11619427390319       -1.46570479205846     
   1.03603603603604       -1.23620685305615       -1.39058134303540     
   1.04604604604605       -1.33725910547252       -1.31294421824839     
   1.05605605605606       -1.42362023273972       -1.23458793878971     
   1.06606606606607       -1.49820066101334       -1.15640193730203     
   1.07607607607608       -1.56307931536316       -1.07883359108775     
   1.08608608608609       -1.61979425779337       -1.00209209468740     
   1.09609609609610       -1.66951403178865      -0.926243482021023     
   1.10610610610611       -1.71314149222844      -0.851254422091781     
   1.11611611611612       -1.75137612581462      -0.777006847748091     
   1.12612612612613       -1.78474533396827      -0.703289309153324     
   1.13613613613614       -1.81360101653033      -0.629759330873093     
   1.14614614614615       -1.83804970252341      -0.555854829477241     
   1.15615615615616       -1.85768851111196      -0.480604357111751     
   1.16616616616617       -1.87058520656752      -0.402318032263602     
   1.17617617617618       -1.86893658310246      -0.319956334423308     
   1.18618618618619       -1.84027818751128      -0.255219436916597     
   1.19619619619620       -1.81702091483863      -0.225527200215571     
   1.20620620620621       -1.84646326287158      -0.213877299802407     
   1.21621621621622       -1.87881375369452      -0.140188629115688     
   1.22622622622623       -1.87820171963775      -5.927054624471008E-002
   1.23623623623624       -1.83884366477765       1.002786377510681E-002
   1.24624624624625       -1.80911010050782       3.520282864171978E-002
   1.25625625625626       -1.77864786239167       5.865321938971994E-002
   1.26626626626627       -1.79969778792278       1.618898029201780E-002
   1.27627627627628       -1.87081853986933       7.911180356110660E-002
   1.28628628628629       -1.87352717163855       0.166267805192386     
   1.29629629629630       -1.83618222742681       0.204582451804610     
   1.30630630630631       -1.86910192146662       0.217689023040573     
   1.31631631631632       -1.89357759657177       0.287729482458279     
   1.32632632632633       -1.89039032215244       0.356779807651664     
   1.33633633633634       -1.87981622472743       0.411641823655706     
   1.34634634634635       -1.87618522291234       0.467286569077726     
   1.35635635635636       -1.86582111444114       0.526288463806447     
   1.36636636636637       -1.85093352248067       0.582883682609323     
   1.37637637637638       -1.83362114885553       0.636844972837402     
   1.38638638638639       -1.81560447464114       0.689728541325725     
   1.39639639639640       -1.79543274818424       0.742274023909714     
   1.40640640640641       -1.77331609707457       0.793952050070268     
   1.41641641641642       -1.74942343714213       0.844923474158714     
   1.42642642642643       -1.72374261169790       0.895334854045868     
   1.43643643643644       -1.69620477631766       0.945293335512046     
   1.44644644644645       -1.66670781650709       0.994883448964947     
   1.45645645645646       -1.63511865355604        1.04417652635646     
   1.46646646646647       -1.60126914669578        1.09323572885102     
   1.47647647647648       -1.56494797128025        1.14211878514740     
   1.48648648648649       -1.52588800628136        1.19087917184177     
   1.49649649649650       -1.48374739538205        1.23956538570190     
   1.50650650650651       -1.43808363057437        1.28821752203442     
   1.51651651651652       -1.38830549694493        1.33687055501024     
   1.52652652652653       -1.33359120263865        1.38552121255010     
   1.53653653653654       -1.27277607770520        1.43409843362082     
   1.54654654654655       -1.20410639390421        1.48236786788937     
   1.55655655655656       -1.12477044186869        1.52965529748753     
   1.56656656656657       -1.02990122962477        1.57395378932649     
   1.57657657657658      -0.910569637855220        1.60837791172901     
   1.58658658658659      -0.755310823546368        1.60446942304663     
   1.59659659659660      -0.634561536156030        1.49388082389680     
   1.60660660660661      -0.624324445101920        1.48002676812155     
   1.61661661661662      -0.465354106084688        1.43347695088802     
   1.62662662662663      -0.410383317502206        1.28480716911222     
   1.63663663663664      -0.434202898887405        1.12828259118294     
   1.64664664664665      -0.533960774037073        1.08337700200068     
   1.65665665665666      -0.651985773526807        1.08832738536749     
   1.66666666666667      -0.711138913733147        1.19604493973761     
   1.67667667667668      -0.613725363373475        1.36251617311748     
   1.68668668668669      -0.466320005649106        1.30017816961517     
   1.69669669669670      -0.488329081620008        1.29457794752649     
   1.70670670670671      -0.448246032543937        1.34565011902428     
   1.71671671671672      -0.292306554771728        1.38416426299078     
   1.72672672672673      -0.194993743068069        1.28293466968630     
   1.73673673673674      -0.159152479412477        1.23138918715297     
   1.74674674674675      -0.118498276858527        1.17049730343001     
   1.75675675675676      -8.480415170364583E-002   1.11987092821623     
   1.76676676676677      -6.279105937408506E-002   1.06022862109021     
   1.77677677677678      -5.432663799370155E-002   1.00953283436004     
   1.78678678678679      -4.650099682516781E-002  0.967947024441074     
   1.79679679679680      -4.067708693842147E-002  0.928677423599935     
   1.80680680680681      -3.594591772110141E-002  0.892678701263384     
   1.81681681681682      -3.272363814671286E-002  0.858976913543366     
   1.82682682682683      -3.042790348267045E-002  0.827660684505120     
   1.83683683683684      -2.866433259886855E-002  0.798266926401920     
   1.84684684684685      -2.726801936185185E-002  0.770405486545178     
   1.85685685685686      -2.615269470686521E-002  0.743773509634277     
   1.86686686686687      -2.526684610017137E-002  0.718126124434443     
   1.87687687687688      -2.457822101405006E-002  0.693256185116975     
   1.88688688688689      -2.406732820910903E-002  0.668980685274004     
   1.89689689689690      -2.372502215306632E-002  0.645130677863850     
   1.90690690690691      -2.355393591979687E-002  0.621542807426386     
   1.91691691691692      -2.358053844575037E-002  0.598054021882953     
   1.92692692692693      -2.390930704579785E-002  0.574551447882863     
   1.93693693693694      -2.427647556794961E-002  0.551517626904523     
   1.94694694694695      -2.371228594259858E-002  0.526256627442050     
   1.95695695695696      -2.560350088318227E-002  0.500580905716516     
   1.96696696696697      -2.792519287578290E-002  0.474211365616557     
   1.97697697697698      -3.220712513148582E-002  0.446514900575098     
   1.98698698698699      -3.808631600998799E-002  0.420317507853428     
   1.99699699699700      -4.167586952497824E-002  0.389710239184005     
   2.00700700700701      -5.550954730370217E-002  0.351375604406220     
   2.01701701701702      -9.335864392937404E-002  0.324571812144447     
   2.02702702702703      -0.115355126409020       0.337355197115602     
   2.03703703703704      -8.748728513783603E-002  0.336365095344360     
   2.04704704704705      -7.864618013463649E-002  0.291641269247493     
   2.05705705705706      -8.055124761945509E-002  0.264290827550179     
   2.06706706706707      -7.232670052132065E-002  0.215260316888600     
   2.07707707707708      -8.875242582942487E-002  0.158571860042021     
   2.08708708708709      -0.101846270223882       0.122727195710274     
   2.09709709709710      -0.103631877451773       5.548840096376614E-002
   2.10710710710711      -0.125160080881664      -1.635811000255061E-002
   2.11711711711712      -0.139335587500756      -0.115028855438921     
   2.12712712712713      -0.185563498483572      -0.257135915961993     
   2.13713713713714      -0.294812664401561      -0.449856214939178     
   2.14714714714715      -0.575517155853335      -0.676323476191360     
   2.15715715715716       -1.07097263555183      -0.660011842568003     
   2.16716716716717       -1.39574015733829      -0.361540582345070     
   2.17717717717718       -1.55375522224248      -6.726757804510926E-002
   2.18718718718719       -1.62256579309984       0.248104639276049     
   2.19719719719720       -1.59006214921708       0.537877286056799     
   2.20720720720721       -1.48717500012630       0.777617382382363     
   2.21721721721722       -1.33625024806152       0.975522052990894     
   2.22722722722723       -1.08635003565940        1.08013142799512     
   2.23723723723724      -0.928451036957825       0.918551060486738     
   2.24724724724725       -1.08972004792485       0.925065299315978     
   2.25725725725726       -1.07514795364835        1.15266622410643     
   2.26726726726727      -0.862783064543970        1.27369383795439     
   2.27727727727728      -0.755897979765083        1.18441720359043     
   2.28728728728729      -0.753431897677581        1.25628101973775     
   2.29729729729730      -0.700432642489982        1.35074972398584     
   2.30730730730731      -0.494509914412062        1.47053115352964     
   2.31731731731732      -0.258593087546507        1.39290044958815     
   2.32732732732733      -0.154442255379305        1.25251582087922     
   2.33733733733734      -0.121435841308658        1.14146575938516     
   2.34734734734735      -0.116880907377106        1.07792319634468     
   2.35735735735736      -8.962662586064560E-002   1.02278988561132     
   2.36736736736737      -8.862938079448905E-002  0.956307679797575     
   2.37737737737738      -0.122804306626383       0.925785950012935     
   2.38738738738739      -0.100280921322226       0.931009980769120     
   2.39739739739740      -9.185671956794159E-002  0.888866057189743     
   2.40740740740741      -9.577492969685833E-002  0.886560169032332     
   2.41741741741742      -7.735569059616083E-002  0.860065360658697     
   2.42742742742743      -8.472157435769921E-002  0.854712530920572     
   2.43743743743744      -5.476849983544577E-002  0.843352211327032     
   2.44744744744745      -4.726294773459142E-002  0.813235038695876     
   2.45745745745746      -4.512326342530545E-002  0.803439000811642     
   2.46746746746747      -3.077456732265227E-002  0.784556070126197     
   2.47747747747748      -2.732327178781801E-002  0.762930315824992     
   2.48748748748749      -2.459024576585083E-002  0.749479909481301     
   2.49749749749750      -1.889737276232321E-002  0.733064923004059     
   2.50750750750751      -1.631809522164741E-002  0.716551619252674     
   2.51751751751752      -1.521798239732323E-002  0.701400392645466     
   2.52752752752753      -1.517294632394817E-002  0.688049649685677     
   2.53753753753754      -1.389354659816573E-002  0.676107522870764     
   2.54754754754755      -1.285009352157396E-002  0.663434366737538     
   2.55755755755756      -1.250373076940036E-002  0.650985181571027     
   2.56756756756757      -1.264860629980696E-002  0.638620661936508     
   2.57757757757758      -1.344932549578237E-002  0.625932895667109     
   2.58758758758759      -1.554056741111866E-002  0.612286265574155     
   2.59759759759760      -2.097164941839343E-002  0.596736889819718     
   2.60760760760761      -3.717021165311253E-002  0.580537468427911     
   2.61761761761762      -6.802523615252683E-002  0.591234416080647     
   2.62762762762763      -5.119606364312887E-002  0.618598881827936     
   2.63763763763764      -3.327485919373020E-002  0.603377911583479     
   2.64764764764765      -4.199474276050025E-002  0.585840730605136     
   2.65765765765766      -5.877618467772332E-002  0.598839350810760     
   2.66766766766767      -3.979051133586684E-002  0.615819775395106     
   2.67767767767768      -2.050592763362508E-002  0.604808315256401     
   2.68768768768769      -1.383220081856529E-002  0.591365893553752     
   2.69769769769770      -1.173004717251434E-002  0.580141870888294     
   2.70770770770771      -1.254164136325992E-002  0.571629050707253     
   2.71771771771772      -1.118613222333258E-002  0.566925777377866     
   2.72772772772773      -9.180036278802470E-003  0.559499426024735     
   2.73773773773774      -9.284317949242206E-003  0.553142572524570     
   2.74774774774775      -7.874867917336716E-003  0.547721208935682     
   2.75775775775776      -7.111325651744065E-003  0.541128775026148     
   2.76776776776777      -7.699284672838696E-003  0.534870470611362     
   2.77777777777778      -8.865556057564748E-003  0.531103633025048     
   2.78778778778779      -7.339361182007116E-003  0.526882184889907     
   2.79779779779780      -7.241757922160203E-003  0.522148687717561     
   2.80780780780781      -6.061077469314196E-003  0.518067580718830     
   2.81781781781782      -5.215448919961890E-003  0.513027817029088     
   2.82782782782783      -4.890660986817142E-003  0.508129866160824     
   2.83783783783784      -4.860263746390936E-003  0.503448732012016     
   2.84784784784785      -5.109533753992250E-003  0.499298841339530     
   2.85785785785786      -4.832896607996593E-003  0.495446511363317     
   2.86786786786787      -4.578045884154870E-003  0.491583896056384     
   2.87787787787788      -4.175261342020027E-003  0.487586539852322     
   2.88788788788789      -3.967031608433483E-003  0.483585368887913     
   2.89789789789790      -3.839434535082732E-003  0.479699668955217     
   2.90790790790791      -3.744281348295984E-003  0.475913900088803     
   2.91791791791792      -3.667414759434351E-003  0.472210749969899     
   2.92792792792793      -3.604168680365393E-003  0.468576652828378     
   2.93793793793794      -3.553495782603843E-003  0.464999631606862     
   2.94794794794795      -3.516680071299854E-003  0.461467483237100     
   2.95795795795796      -3.498007120305660E-003  0.457966047007816     
   2.96796796796797      -3.508672182870396E-003  0.454477445524496     
   2.97797797797798      -3.581364260086614E-003  0.450987515193815     
   2.98798798798799      -3.720594903512812E-003  0.447558919346589     
   2.99799799799800      -3.814631115161911E-003  0.444013355644203     
   3.00800800800801      -4.172557934666509E-003  0.440209243251104     
   3.01801801801802      -5.209485918394453E-003  0.436119301260360     
   3.02802802802803      -8.252268437403116E-003  0.432619513449456     
   3.03803803803804      -1.082526871759814E-002  0.433655538285727     
   3.04804804804805      -7.810932938134768E-003  0.434079648131351     
   3.05805805805806      -5.389390614954915E-003  0.430038151529233     
   3.06806806806807      -5.007865068414696E-003  0.425557278201197     
   3.07807807807808      -6.007670197780997E-003  0.421443045624158     
   3.08808808808809      -6.765478974838836E-003  0.419104873229812     
   3.09809809809810      -6.494503222347524E-003  0.414793025726090     
   3.10810810810811      -8.830287257095630E-003  0.409105384958552     
   3.11811811811812      -1.649876918931575E-002  0.405493139945901     
   3.12812812812813      -2.114999764688848E-002  0.410760774005489     
   3.13813813813814      -1.997413679206779E-002  0.417231769351007     
   3.14814814814815      -1.225317285426378E-002  0.414903185485024     
   3.15815815815816      -1.311763457969411E-002  0.408566240530642     
   3.16816816816817      -1.738805630610079E-002  0.410964423946159     
   3.17817817817818      -1.398853037854859E-002  0.411850090929554     
   3.18818818818819      -1.044348932592128E-002  0.412912190292112     
   3.19819819819820      -5.978573527254763E-003  0.409169855477554     
   3.20820820820821      -4.369922944999438E-003  0.404871166220635     
   3.21821821821822      -3.830777167756306E-003  0.401107591746504     
   3.22822822822823      -4.020001273949353E-003  0.397776169256029     
   3.23823823823824      -4.558274462757940E-003  0.395786201525195     
   3.24824824824825      -3.756802783513357E-003  0.393580322952358     
   3.25825825825826      -3.879762643274958E-003  0.390935702795410     
   3.26826826826827      -3.648986863907751E-003  0.389358778237924     
   3.27827827827828      -2.921718256029601E-003  0.386901209697219     
   3.28828828828829      -2.701066485904101E-003  0.384262416395638     
   3.29829829829830      -2.737116787245974E-003  0.381648248558512     
   3.30830830830831      -3.096552464554531E-003  0.378969325975271     
   3.31831831831832      -4.363758548164817E-003  0.376357712332016     
   3.32832832832833      -6.548578718633475E-003  0.376111299991796     
   3.33833833833834      -4.983856306224235E-003  0.376902878783791     
   3.34834834834835      -3.158163978544244E-003  0.374694351507556     
   3.35835835835836      -2.533661810830356E-003  0.372194505547825     
   3.36836836836837      -2.305902544842628E-003  0.369881509780331     
   3.37837837837838      -2.272696803557668E-003  0.367691947133861     
   3.38838838838839      -2.468411614992092E-003  0.365718829325884     
   3.39839839839840      -2.384816738979901E-003  0.364095200691230     
   3.40840840840841      -2.294760678584474E-003  0.362195513711108     
   3.41841841841842      -2.193822270728143E-003  0.360509721173129     
   3.42842842842843      -1.997782138510654E-003  0.358620231480860     
   3.43843843843844      -1.931777536361559E-003  0.356696496191649     
   3.44844844844845      -1.922150853383856E-003  0.354785964251816     
   3.45845845845846      -1.951678278988020E-003  0.352864749545988     
   3.46846846846847      -2.031972512488493E-003  0.350899103885800     
   3.47847847847848      -2.206718340440805E-003  0.348837795353851     
   3.48848848848849      -2.605967605788601E-003  0.346596391913224     
   3.49849849849850      -3.681317200056306E-003  0.344113531848056     
   3.50850850850851      -6.576002676205053E-003  0.342613659301053     
   3.51851851851852      -8.005559060406970E-003  0.344665449218225     
   3.52852852852853      -5.560658576206589E-003  0.345061629396171     
   3.53853853853854      -5.136798169245111E-003  0.342870510830517     
   3.54854854854855      -4.846904460925095E-003  0.342738617300514     
   3.55855855855856      -3.861268050401524E-003  0.341045943616524     
   3.56856856856857      -3.432551432302484E-003  0.340122245993043     
   3.57857857857858      -2.389122903791866E-003  0.338402393006199     
   3.58858858858859      -1.985041397739881E-003  0.336442519761092     
   3.59859859859860      -1.844542821596755E-003  0.334607425436492     
   3.60860860860861      -1.873005993682772E-003  0.332872435522526     
   3.61861861861862      -2.031230883403860E-003  0.331438147058403     
   3.62862862862863      -1.826204214821459E-003  0.330041818258785     
   3.63863863863864      -1.780510779132915E-003  0.328434626768447     
   3.64864864864865      -1.835681572958756E-003  0.327027067999688     
   3.65865865865866      -1.693455859966919E-003  0.325541317721869     
   3.66866866866867      -1.668095470264613E-003  0.323924872148418     
   3.67867867867868      -1.741185411135433E-003  0.322261896280808     
   3.68868868868869      -1.943046103393407E-003  0.320499399591292     
   3.69869869869870      -2.453912824585047E-003  0.318545759365876     
   3.70870870870871      -3.956678333320867E-003  0.316471778528082     
   3.71871871871872      -7.157666000752028E-003  0.316775562346687     
   3.72872872872873      -6.192382918742822E-003  0.319774393862688     
   3.73873873873874      -3.340930763787247E-003  0.318727715977640     
   3.74874874874875      -2.417079944078296E-003  0.316583676369580     
   3.75875875875876      -2.447885974312694E-003  0.314685615646977     
   3.76876876876877      -2.901820667492208E-003  0.313722741420589     
   3.77877877877878      -2.523502107909899E-003  0.313089486536300     
   3.78878878878879      -1.814559377321458E-003  0.311863150438563     
   3.79879879879880      -1.502923429046586E-003  0.310384683165675     
   3.80880880880881      -1.370836378998352E-003  0.308991863387444     
   3.81881881881882      -1.300684272910309E-003  0.307672039355238     
   3.82882882882883      -1.259870214508941E-003  0.306401171252200     
   3.83883883883884      -1.244119254673848E-003  0.305168221703453     
   3.84884884884885      -1.239230118219048E-003  0.303998516253464     
   3.85885885885886      -1.192594088903783E-003  0.302837272276313     
   3.86886886886887      -1.167329854918613E-003  0.301670814136846     
   3.87887887887888      -1.161812401526596E-003  0.300529949735651     
   3.88888888888889      -1.140301759315666E-003  0.299420466260441     
   3.89889889889890      -1.115775049293900E-003  0.298304099936292     
   3.90890890890891      -1.100504955167168E-003  0.297197624017115     
   3.91891891891892      -1.088964749880785E-003  0.296102940857930     
   3.92892892892893      -1.079629191993522E-003  0.295018418377384     
   3.93893893893894      -1.072433491536620E-003  0.293942368402221     
   3.94894894894895      -1.068531904129294E-003  0.292872929539461     
   3.95895895895896      -1.072512458076006E-003  0.291808543260274     
   3.96896896896897      -1.096055016610342E-003  0.290761147279718     
   3.97897897897898      -1.102190971409898E-003  0.289748573531247     
   3.98898898898899      -1.097339007090135E-003  0.288743488967968     
   3.99899899899900      -1.061456493785802E-003  0.287717570163412     
   4.00900900900901      -1.047955889219115E-003  0.286672964494284     
   4.01901901901902      -1.047514948007112E-003  0.285628460320452     
   4.02902902902903      -1.056126040416688E-003  0.284579710593564     
   4.03903903903904      -1.076680689972406E-003  0.283518857446667     
   4.04904904904905      -1.119270722224617E-003  0.282433608516488     
   4.05905905905906      -1.212757884973215E-003  0.281303388306793     
   4.06906906906907      -1.454832384874182E-003  0.280106993907108     
   4.07907907907908      -2.141084917756881E-003  0.279063992400477     
   4.08908908908909      -2.593827776685128E-003  0.279050679355535     
   4.09909909909910      -1.866316166102691E-003  0.278479423326348     
   4.10910910910911      -1.611418280048984E-003  0.277127803148193     
   4.11911911911912      -1.882035632431766E-003  0.275672665701981     
   4.12912912912913      -3.080574610039336E-003  0.274414081156664     
   4.13913913913914      -4.346221670202963E-003  0.275641402193489     
   4.14914914914915      -2.475664097372714E-003  0.275869645285356     
   4.15915915915916      -1.586346811534346E-003  0.274518242340954     
   4.16916916916917      -1.288250459092890E-003  0.273226637066109     
   4.17917917917918      -1.175377743106320E-003  0.272043498445413     
   4.18918918918919      -1.144883453515175E-003  0.270910990667045     
   4.19919919919920      -1.182662414128046E-003  0.269782428203049     
   4.20920920920921      -1.345142070051898E-003  0.268620757348912     
   4.21921921921922      -1.837246995169151E-003  0.267550953208368     
   4.22922922922923      -2.225367006660655E-003  0.267034056534568     
   4.23923923923924      -2.501036592899447E-003  0.266617874121575     
   4.24924924924925      -1.949466305603039E-003  0.265995765563797     
   4.25925925925926      -1.963359449159623E-003  0.264573785594213     
   4.26926926926927      -3.067781643703400E-003  0.263296671943274     
   4.27927927927928      -4.466700495356766E-003  0.264249433837249     
   4.28928928928929      -2.964313458436426E-003  0.265166470602900     
   4.29929929929930      -1.698691810619979E-003  0.264028918602802     
   4.30930930930931      -1.265054537635639E-003  0.262775281044173     
   4.31931931931932      -1.094704542070132E-003  0.261662127596225     
   4.32932932932933      -1.027984397488178E-003  0.260634115823772     
   4.33933933933934      -1.040245666230641E-003  0.259647311545095     
   4.34934934934935      -1.197927991374847E-003  0.258734304792071     
   4.35935935935936      -1.315258945872221E-003  0.258121441827213     
   4.36936936936937      -1.251320461665298E-003  0.257513063208999     
   4.37937937937938      -1.005993933059997E-003  0.256766988049762     
   4.38938938938939      -8.927627448049359E-004  0.255890950548008     
   4.39939939939940      -8.502295805921546E-004  0.255037089548607     
   4.40940940940941      -8.346877605106462E-004  0.254202761405066     
   4.41941941941942      -8.398120489963932E-004  0.253376140305836     
   4.42942942942943      -8.850220481567844E-004  0.252551283832930     
   4.43943943943944      -1.013686068082743E-003  0.251806714296373     
   4.44944944944945      -9.851071803693003E-004  0.251164037011879     
   4.45945945945946      -1.009626432624787E-003  0.250391821527132     
   4.46946946946947      -9.933304963039612E-004  0.249773649828753     
   4.47947947947948      -8.857916100411163E-004  0.248988391491952     
   4.48948948948949      -8.799039611442662E-004  0.248145269484767     
   4.49949949949950      -9.555889974746419E-004  0.247274967316644     
   4.50950950950951      -1.210746806419004E-003  0.246366844722992     
   4.51951951951952      -1.922640657228470E-003  0.245777435006773     
   4.52952952952953      -1.968466261394494E-003  0.246158094739486     
   4.53953953953954      -1.223873432709087E-003  0.245635738445129     
   4.54954954954955      -9.388123695678216E-004  0.244746461479337     
   4.55955955955956      -8.421684704843888E-004  0.243903090756817     
   4.56956956956957      -8.152647743395854E-004  0.243097995584734     
   4.57957957957958      -8.488198903744681E-004  0.242313286474502     
   4.58958958958959      -9.609673824730214E-004  0.241633100555804     
   4.59959959959960      -9.097657858782967E-004  0.241007575296031     
   4.60960960960961      -9.484177525818522E-004  0.240261259169670     
   4.61961961961962      -9.893851343132530E-004  0.239691390168484     
   4.62962962962963      -8.904590869171398E-004  0.238962703265911     
   4.63963963963964      -9.361945818066309E-004  0.238126795322782     
   4.64964964964965      -1.195004691687623E-003  0.237244531824312     
   4.65965965965966      -1.992222189342187E-003  0.236654504249110     
   4.66966966966967      -2.139762523049904E-003  0.237305797798186     
   4.67967967967968      -1.249766786708905E-003  0.236904601032180     
   4.68968968968969      -9.072859952416428E-004  0.236055259408748     
   4.69969969969970      -7.866412507657796E-004  0.235262882619448     
   4.70970970970971      -7.425915844514685E-004  0.234521857564673     
   4.71971971971972      -7.523927577019310E-004  0.233810923748218     
   4.72972972972973      -8.354289514673297E-004  0.233184895280979     
   4.73973973973974      -7.978681960741361E-004  0.232684177617111     
   4.74974974974975      -6.927693904635332E-004  0.232059420469333     
   4.75975975975976      -6.500728077107671E-004  0.231409451533386     
   4.76976976976977      -6.303173502174584E-004  0.230774377972222     
   4.77977977977978      -6.185284001393083E-004  0.230151539843782     
   4.78978978978979      -6.103913106504555E-004  0.229537629154119     
   4.79979979979980      -6.045651935951605E-004  0.228930468947518     
   4.80980980980981      -6.011980577006860E-004  0.228328461282526     
   4.81981981981982      -6.031182271180553E-004  0.227731060609995     
   4.82982982982983      -6.148044603496015E-004  0.227150234771777     
   4.83983983983984      -6.010875910686805E-004  0.226585801316541     
   4.84984984984985      -5.858668303366536E-004  0.226003203941153     
   4.85985985985986      -5.786362403386917E-004  0.225422582015355     
   4.86986986986987      -5.740300695600882E-004  0.224846383421489     
   4.87987987987988      -5.705932203172977E-004  0.224273900773697     
   4.88988988988989      -5.680575185964393E-004  0.223704420230446     
   4.89989989989990      -5.667525565736562E-004  0.223137185403645     
   4.90990990990991      -5.681349872272230E-004  0.222571243883092     
   4.91991991991992      -5.777288507370097E-004  0.222006933178732     
   4.92992992992993      -6.016323843825221E-004  0.221464568880371     
   4.93993993993994      -5.914637903936704E-004  0.220945993417038     
   4.94994994994995      -5.661153078224427E-004  0.220397770171178     
   4.95995995995996      -5.557516549518563E-004  0.219842060109763     
   4.96996996996997      -5.513861600893011E-004  0.219289509777322     
   4.97997997997998      -5.493911277679634E-004  0.218739329989507     
   4.98998998998999      -5.489594006081256E-004  0.218190255336952     
   5.00000000000000      -5.502525883933576E-004  0.217640994917494     
