  -5.00000000000000      -4.944039618188981E-004 -0.214528942210762     
  -4.98998998998999      -4.968623962251903E-004 -0.215025059281961     
  -4.97997997997998      -4.993537246702135E-004 -0.215523649529906     
  -4.96996996996997      -5.018948699697968E-004 -0.216024744665173     
  -4.95995995995996      -5.045436070139955E-004 -0.216528373209063     
  -4.94994994994995      -5.074304985640890E-004 -0.217034398267800     
  -4.93993993993994      -5.101860713040953E-004 -0.217542651636331     
  -4.92992992992993      -5.126386289975172E-004 -0.218053335751593     
  -4.91991991991992      -5.149032426178693E-004 -0.218567132812136     
  -4.90990990990991      -5.175152145924908E-004 -0.219083708926719     
  -4.89989989989990      -5.204727785099365E-004 -0.219602942806010     
  -4.88988988988989      -5.240280497212069E-004 -0.220124339342429     
  -4.87987987987988      -5.269042505745351E-004 -0.220647587831555     
  -4.86986986986987      -5.289855188262902E-004 -0.221173677712636     
  -4.85985985985986      -5.310229082741690E-004 -0.221703485268843     
  -4.84984984984985      -5.335673979369924E-004 -0.222236155742836     
  -4.83983983983984      -5.363375866592224E-004 -0.222771557316456     
  -4.82982982982983      -5.393437677955372E-004 -0.223309765868584     
  -4.81981981981982      -5.429069592181361E-004 -0.223850626379376     
  -4.80980980980981      -5.464552308937653E-004 -0.224393101540273     
  -4.79979979979980      -5.486142291025729E-004 -0.224938398447607     
  -4.78978978978979      -5.506943025823603E-004 -0.225487751150735     
  -4.77977977977978      -5.533268956708080E-004 -0.226040147100908     
  -4.76976976976977      -5.561581060495126E-004 -0.226595390022909     
  -4.75975975975976      -5.590806327285755E-004 -0.227153536060257     
  -4.74974974974975      -5.620734341905022E-004 -0.227714640533267     
  -4.73973973973974      -5.651675784326777E-004 -0.228278740220898     
  -4.72972972972973      -5.684021276890277E-004 -0.228845714350164     
  -4.71971971971972      -5.714547164881953E-004 -0.229415662573697     
  -4.70970970970971      -5.745407351537262E-004 -0.229988660550589     
  -4.69969969969970      -5.774623363149496E-004 -0.230564924078179     
  -4.68968968968969      -5.805376690008634E-004 -0.231144435607227     
  -4.67967967967968      -5.836981288670680E-004 -0.231727109448809     
  -4.66966966966967      -5.869092265457486E-004 -0.232312980198383     
  -4.65965965965966      -5.901625222271240E-004 -0.232902088045343     
  -4.64964964964965      -5.934569245745254E-004 -0.233494472720627     
  -4.63963963963964      -5.967946853712117E-004 -0.234090175206554     
  -4.62962962962963      -6.001815209888802E-004 -0.234689239767517     
  -4.61961961961962      -6.036303694243116E-004 -0.235291716572321     
  -4.60960960960961      -6.071767372325791E-004 -0.235897662970265     
  -4.59959959959960      -6.109330570841638E-004 -0.236507093042473     
  -4.58958958958959      -6.147913747930065E-004 -0.237119730887556     
  -4.57957957957958      -6.185683290056599E-004 -0.237736160047051     
  -4.56956956956957      -6.226138488366463E-004 -0.238355677594746     
  -4.55955955955956      -6.258830170455116E-004 -0.238979361206996     
  -4.54954954954955      -6.297476015908847E-004 -0.239607463370704     
  -4.53953953953954      -6.342727330179833E-004 -0.240239741389920     
  -4.52952952952953      -6.400759520557813E-004 -0.240876480369181     
  -4.51951951951952      -6.493502073599375E-004 -0.241516424168389     
  -4.50950950950951      -6.576044781536564E-004 -0.242154674945669     
  -4.49949949949950      -6.648830737696819E-004 -0.242796861909297     
  -4.48948948948949      -6.640858276416080E-004 -0.243444858981520     
  -4.47947947947948      -6.685623349376692E-004 -0.244106644592198     
  -4.46946946946947      -6.827872877360375E-004 -0.244776340681581     
  -4.45945945945946      -7.204979072353636E-004 -0.245448479699543     
  -4.44944944944945      -7.749166697197272E-004 -0.246068305510760     
  -4.43943943943944      -7.471060107439015E-004 -0.246670270221363     
  -4.42942942942943      -7.074283071837344E-004 -0.247348036648106     
  -4.41941941941942      -7.005204950184598E-004 -0.248041182381618     
  -4.40940940940941      -7.125396573544946E-004 -0.248732693975762     
  -4.39939939939940      -7.269677454371579E-004 -0.249402051863748     
  -4.38938938938939      -7.242879591895741E-004 -0.250082786665328     
  -4.37937937937938      -7.165382245018669E-004 -0.250764541717328     
  -4.36936936936937      -7.084770877975016E-004 -0.251466233408101     
  -4.35935935935936      -7.085827742259722E-004 -0.252173055440621     
  -4.34934934934935      -7.119934856749874E-004 -0.252882726126790     
  -4.33933933933934      -7.185159954295555E-004 -0.253594714321876     
  -4.32932932932933      -7.231318114225626E-004 -0.254305467827451     
  -4.31931931931932      -7.249449119024091E-004 -0.255024706802378     
  -4.30930930930931      -7.295354765370823E-004 -0.255747236260282     
  -4.29929929929930      -7.316460287078888E-004 -0.256474397088236     
  -4.28928928928929      -7.349949371926253E-004 -0.257207604974573     
  -4.27927927927928      -7.391591765761711E-004 -0.257945199580501     
  -4.26926926926927      -7.436482463258848E-004 -0.258687244819891     
  -4.25925925925926      -7.483297073516559E-004 -0.259433908969937     
  -4.24924924924925      -7.531765933562069E-004 -0.260185340405510     
  -4.23923923923924      -7.582254186733116E-004 -0.260941687761573     
  -4.22922922922923      -7.636434375661487E-004 -0.261703111890090     
  -4.21921921921922      -7.700435340336735E-004 -0.262469511708671     
  -4.20920920920921      -7.768769495257516E-004 -0.263238744968856     
  -4.19919919919920      -7.814152418738654E-004 -0.264014331601301     
  -4.18918918918919      -7.887453918410655E-004 -0.264794890402788     
  -4.17917917917918      -7.924857145731338E-004 -0.265578395525405     
  -4.16916916916917      -7.960724451591210E-004 -0.266371291016326     
  -4.15915915915916      -8.014021373457843E-004 -0.267170255631409     
  -4.14914914914915      -8.077994290643351E-004 -0.267975121135215     
  -4.13913913913914      -8.160083047266196E-004 -0.268786245249205     
  -4.12912912912913      -8.285173632404098E-004 -0.269600908032152     
  -4.11911911911912      -8.348154548637941E-004 -0.270415038825563     
  -4.10910910910911      -8.401380645812637E-004 -0.271245207521670     
  -4.09909909909910      -8.563816154048994E-004 -0.272080436332881     
  -4.08908908908909      -8.655454577342730E-004 -0.272906640962466     
  -4.07907907907908      -8.654357743842102E-004 -0.273757159752291     
  -4.06906906906907      -8.782763188907945E-004 -0.274623166635181     
  -4.05905905905906      -9.106539690647158E-004 -0.275500969644940     
  -4.04904904904905      -9.863885833356228E-004 -0.276358042356044     
  -4.03903903903904      -1.018134258102760E-003 -0.277164675146596     
  -4.02902902902903      -1.035033440864289E-003 -0.277958511147100     
  -4.01901901901902      -9.618005227816982E-004 -0.278816089246610     
  -4.00900900900901      -9.467480823722761E-004 -0.279736844416977     
  -3.99899899899900      -9.836810500552368E-004 -0.280647182884524     
  -3.98898898898899      -9.937104900694317E-004 -0.281494300301094     
  -3.97897897897898      -9.621291912321164E-004 -0.282410025804317     
  -3.96896896896897      -9.769827200453872E-004 -0.283348741204849     
  -3.95895895895896      -1.009190372729669E-003 -0.284244851495268     
  -3.94894894894895      -9.804393179089442E-004 -0.285163686838214     
  -3.93893893893894      -9.753672674511249E-004 -0.286126411363808     
  -3.92892892892893      -9.894891663917041E-004 -0.287102191825568     
  -3.91891891891892      -1.025034886136450E-003 -0.288094748156787     
  -3.90890890890891      -1.116993120270981E-003 -0.289093325203831     
  -3.89889889889890      -1.225780551062349E-003 -0.289974127083170     
  -3.88888888888889      -1.242974337369269E-003 -0.290925286987917     
  -3.87887887887888      -1.300417628616739E-003 -0.291767130569966     
  -3.86886886886887      -1.178302815316696E-003 -0.292749953443659     
  -3.85885885885886      -1.193082469649393E-003 -0.293854146546857     
  -3.84884884884885      -1.381522400117417E-003 -0.294926357698364     
  -3.83883883883884      -1.529691332312574E-003 -0.295717467512775     
  -3.82882882882883      -1.555191032159303E-003 -0.296581838174925     
  -3.81881881881882      -1.347516291020745E-003 -0.297435276653816     
  -3.80880880880881      -1.208815015258094E-003 -0.298571293498668     
  -3.79879879879880      -1.193609209589318E-003 -0.299734432241609     
  -3.78878878878879      -1.256184451953136E-003 -0.300913653681637     
  -3.77877877877878      -1.471088810976186E-003 -0.302078980344351     
  -3.76876876876877      -1.726811793503688E-003 -0.302941427882141     
  -3.75875875875876      -1.680041870035793E-003 -0.303750217838270     
  -3.74874874874875      -1.463290451607528E-003 -0.304887313954760     
  -3.73873873873874      -1.512413996268713E-003 -0.306227412515330     
  -3.72872872872873      -1.936308548775495E-003 -0.307594231710669     
  -3.71871871871872      -2.961291895215073E-003 -0.308150078268712     
  -3.70870870870871      -2.300862896982658E-003 -0.308003668126974     
  -3.69869869869870      -1.588559032364117E-003 -0.309253869283543     
  -3.68868868868869      -1.358215806609364E-003 -0.310599421754885     
  -3.67867867867868      -1.272236086495536E-003 -0.311880306917005     
  -3.66866866866867      -1.235592737654792E-003 -0.313122197068776     
  -3.65865865865866      -1.219779699702042E-003 -0.314345027126522     
  -3.64864864864865      -1.214455207419687E-003 -0.315559951287172     
  -3.63863863863864      -1.215585137205406E-003 -0.316772835560397     
  -3.62862862862863      -1.218936097505555E-003 -0.317986366366109     
  -3.61861861861862      -1.223532241512295E-003 -0.319206622018464     
  -3.60860860860861      -1.230539968293500E-003 -0.320434042793779     
  -3.59859859859860      -1.239078062940831E-003 -0.321669543447814     
  -3.58858858858859      -1.248768221958502E-003 -0.322914269884796     
  -3.57857857857858      -1.259461108577002E-003 -0.324169233596867     
  -3.56856856856857      -1.271125683891117E-003 -0.325435379343291     
  -3.55855855855856      -1.283833317116597E-003 -0.326713667293761     
  -3.54854854854855      -1.297799234083793E-003 -0.328005164265609     
  -3.53853853853854      -1.313543939080393E-003 -0.329311165825127     
  -3.52852852852853      -1.332505703606757E-003 -0.330633271642626     
  -3.51851851851852      -1.359156784760623E-003 -0.331971404906816     
  -3.50850850850851      -1.388713335992363E-003 -0.333314399866536     
  -3.49849849849850      -1.412738225368943E-003 -0.334689011301171     
  -3.48848848848849      -1.472452038100076E-003 -0.336080755633332     
  -3.47847847847848      -1.507298217028614E-003 -0.337444159124724     
  -3.46846846846847      -1.526779468297942E-003 -0.338898790621487     
  -3.45845845845846      -1.634656897852134E-003 -0.340396781561898     
  -3.44844844844845      -1.800613405885619E-003 -0.341774265844232     
  -3.43843843843844      -1.781705153964873E-003 -0.343249151665888     
  -3.42842842842843      -1.980836102069872E-003 -0.344886539183986     
  -3.41841841841842      -2.305516206855520E-003 -0.346190981267497     
  -3.40840840840841      -2.201057625543093E-003 -0.347740981713343     
  -3.39839839839840      -2.596157850946197E-003 -0.349649897604160     
  -3.38838838838839      -3.538036969684715E-003 -0.350844189281609     
  -3.37837837837838      -3.499895829116180E-003 -0.352067619232533     
  -3.36836836836837      -4.499656678103064E-003 -0.353225517271486     
  -3.35835835835836      -3.901816152760006E-003 -0.353875691920152     
  -3.34834834834835      -4.347644027941511E-003 -0.356015026570023     
  -3.33833833833834      -5.346984475096529E-003 -0.356047418123611     
  -3.32832832832833      -4.758297093970407E-003 -0.356957666074272     
  -3.31831831831832      -4.095210019517043E-003 -0.357276452832266     
  -3.30830830830831      -2.942463644093245E-003 -0.359171336727286     
  -3.29829829829830      -2.846481970656733E-003 -0.360982215168492     
  -3.28828828828829      -2.343502099589355E-003 -0.362530399928299     
  -3.27827827827828      -2.029610763104731E-003 -0.364476513589915     
  -3.26826826826827      -1.934884450323921E-003 -0.366393202299823     
  -3.25825825825826      -1.960630371190065E-003 -0.368249463083674     
  -3.24824824824825      -2.002528976378266E-003 -0.369935790943486     
  -3.23823823823824      -1.901178239456054E-003 -0.371702110928454     
  -3.22822822822823      -1.891855191793452E-003 -0.373545149111021     
  -3.21821821821822      -1.975884199835324E-003 -0.375350321788383     
  -3.20820820820821      -1.984543856281658E-003 -0.377048752203904     
  -3.19819819819820      -1.961296164994457E-003 -0.378829699431733     
  -3.18818818818819      -1.905554033623192E-003 -0.380642162079087     
  -3.17817817817818      -1.885050107322719E-003 -0.382513385742322     
  -3.16816816816817      -1.888526418903961E-003 -0.384395777387582     
  -3.15815815815816      -1.900576741747297E-003 -0.386289800924350     
  -3.14814814814815      -1.916713989988714E-003 -0.388199041141043     
  -3.13813813813814      -1.935405718878272E-003 -0.390126110503992     
  -3.12812812812813      -1.956088058852160E-003 -0.392073011486449     
  -3.11811811811812      -1.978690397258381E-003 -0.394041493285161     
  -3.10810810810811      -2.003767849092443E-003 -0.396033249015035     
  -3.09809809809810      -2.033694418021824E-003 -0.398049068488914     
  -3.08808808808809      -2.067545547235401E-003 -0.400080963692473     
  -3.07807807807808      -2.089052914703001E-003 -0.402142736661945     
  -3.06806806806807      -2.118022903133099E-003 -0.404242966226260     
  -3.05805805805806      -2.156915782669518E-003 -0.406376835089098     
  -3.04804804804805      -2.215261526696416E-003 -0.408544595339417     
  -3.03803803803804      -2.294191975900832E-003 -0.410708449168189     
  -3.02802802802803      -2.317928555145219E-003 -0.412921242545928     
  -3.01801801801802      -2.393743817729739E-003 -0.415230571564664     
  -3.00800800800801      -2.589256728459897E-003 -0.417556768956702     
  -2.99799799799800      -2.727486185466762E-003 -0.419724061411338     
  -2.98798798798799      -2.801278110405029E-003 -0.422148030986678     
  -2.97797797797798      -3.093867485836833E-003 -0.424433675627400     
  -2.96796796796797      -3.047404251475803E-003 -0.426866330754545     
  -2.95795795795796      -3.381821758638820E-003 -0.429740743199974     
  -2.94794794794795      -4.666292298084964E-003 -0.432558740819319     
  -2.93793793793794      -6.352378342387183E-003 -0.433336870234563     
  -2.92792792792793      -5.396093603842388E-003 -0.433501387482678     
  -2.91791791791792      -3.782448822915567E-003 -0.436077840791991     
  -2.90790790790791      -3.391960159303570E-003 -0.439107397743592     
  -2.89789789789790      -3.250083483629985E-003 -0.441714147037924     
  -2.88788788788789      -2.976254475277757E-003 -0.444508062350409     
  -2.87787787787788      -2.889546870889778E-003 -0.447377236993195     
  -2.86786786786787      -2.885202897347345E-003 -0.450241367385160     
  -2.85785785785786      -2.937166976483800E-003 -0.453121159518829     
  -2.84784784784785      -3.084951788600947E-003 -0.455986299464210     
  -2.83783783783784      -3.153885103593309E-003 -0.458714141645721     
  -2.82782782782783      -3.172306787077057E-003 -0.461615466788879     
  -2.81781781781782      -3.183027588569736E-003 -0.464455559136841     
  -2.80780780780781      -3.122416922779891E-003 -0.467477312156980     
  -2.79779779779780      -3.142405567573394E-003 -0.470584672456138     
  -2.78778778778779      -3.201917368023757E-003 -0.473744849315053     
  -2.77777777777778      -3.302536684550624E-003 -0.476973963544418     
  -2.76776776776777      -3.502735580749947E-003 -0.480282434692718     
  -2.75775775775776      -3.936270446517152E-003 -0.483485989149840     
  -2.74774774774775      -4.165513434989792E-003 -0.486346562423953     
  -2.73773773773774      -3.889009059615788E-003 -0.489341175911702     
  -2.72772772772773      -3.675058085088000E-003 -0.492865428068681     
  -2.71771771771772      -3.653880131318173E-003 -0.496480792143595     
  -2.70770770770771      -3.697948184201505E-003 -0.500141599848815     
  -2.69769769769770      -3.777162315384348E-003 -0.503865750252271     
  -2.68768768768769      -3.899596592471415E-003 -0.507649988448497     
  -2.67767767767768      -3.993689679566555E-003 -0.511458836269465     
  -2.66766766766767      -4.059845605128152E-003 -0.515430555454220     
  -2.65765765765766      -4.171729087358178E-003 -0.519532208669475     
  -2.64764764764765      -4.320569902478892E-003 -0.523764663312476     
  -2.63763763763764      -4.525376421451455E-003 -0.528154842330893     
  -2.62762762762763      -4.866030602768019E-003 -0.532717331393198     
  -2.61761761761762      -5.403300875630832E-003 -0.537206542583082     
  -2.60760760760761      -5.602549718060281E-003 -0.541896776919702     
  -2.59759759759760      -6.329960594825323E-003 -0.547005217844552     
  -2.58758758758759      -6.801536051174902E-003 -0.551600110793779     
  -2.57757757757758      -6.969869220471758E-003 -0.557530031230497     
  -2.56756756756757      -8.278603726689425E-003 -0.564438766700617     
  -2.55755755755756      -1.200064376240590E-002 -0.571889710089844     
  -2.54754754754755      -1.826423516202124E-002 -0.574982766747631     
  -2.53753753753754      -2.129538578335052E-002 -0.578751610992466     
  -2.52752752752753      -2.522936555919728E-002 -0.575529542880401     
  -2.51751751751752      -2.101892466655068E-002 -0.580951639257563     
  -2.50750750750751      -2.801655921312395E-002 -0.583818507585328     
  -2.49749749749750      -2.268979807391673E-002 -0.582404318562524     
  -2.48748748748749      -2.445388064845303E-002 -0.589157493383834     
  -2.47747747747748      -2.096226935001363E-002 -0.586720458795609     
  -2.46746746746747      -1.521388986367235E-002 -0.595681400218667     
  -2.45745745745746      -1.747244969524545E-002 -0.603840037935688     
  -2.44744744744745      -1.538380632118172E-002 -0.605999827256310     
  -2.43743743743744      -1.166842427613565E-002 -0.614921652641586     
  -2.42742742742743      -1.145148650228381E-002 -0.625117245636509     
  -2.41741741741742      -1.424759987968771E-002 -0.635059849790445     
  -2.40740740740741      -1.835708714638104E-002 -0.639531623861351     
  -2.39739739739740      -1.544029594735171E-002 -0.646781818236208     
  -2.38738738738739      -1.731801357496537E-002 -0.659247299125753     
  -2.37737737737738      -2.758916018277793E-002 -0.668944385217038     
  -2.36736736736737      -3.135153203999164E-002 -0.665483167576878     
  -2.35735735735736      -3.197159455842795E-002 -0.669997506504253     
  -2.34734734734735      -2.454374875793391E-002 -0.671226006788577     
  -2.33733733733734      -1.892481668471319E-002 -0.685539958696035     
  -2.32732732732733      -2.073267225810635E-002 -0.701855907729942     
  -2.31731731731732      -3.173843617862029E-002 -0.715889281262037     
  -2.30730730730731      -3.904015375190463E-002 -0.711885111692309     
  -2.29729729729730      -3.457034319214457E-002 -0.722066564491487     
  -2.28728728728729      -3.840456327165831E-002 -0.724680942749088     
  -2.27727727727728      -2.756108453816201E-002 -0.735881828534355     
  -2.26726726726727      -2.628204090853697E-002 -0.757419959804428     
  -2.25725725725726      -3.467014050198652E-002 -0.781403445099674     
  -2.24724724724725      -6.183899729540900E-002 -0.798726601479933     
  -2.23723723723724      -7.635933733252001E-002 -0.783633002697000     
  -2.22722722722723      -8.090204155546893E-002 -0.775048350945536     
  -2.21721721721722      -5.192673818079428E-002 -0.772876340115956     
  -2.20720720720721      -3.820222283331922E-002 -0.802308193676260     
  -2.19719719719720      -4.199662965195539E-002 -0.832943102382393     
  -2.18718718718719      -5.675571039206203E-002 -0.849003135270330     
  -2.17717717717718      -4.863594306278188E-002 -0.865504901145312     
  -2.16716716716717      -5.032080642798131E-002 -0.904304886105401     
  -2.15715715715716      -7.127648835370599E-002 -0.951776816117634     
  -2.14714714714715      -0.133599253794535      -0.991782806172194     
  -2.13713713713714      -0.184364626939693      -0.961873155418824     
  -2.12712712712713      -0.223473029317876      -0.943113408414839     
  -2.11711711711712      -0.181900668029368      -0.909982183738733     
  -2.10710710710711      -0.196206970984638      -0.948283880067624     
  -2.09709709709710      -0.170205726841584      -0.937586456082915     
  -2.08708708708709      -0.154913994282417       -1.02894948581056     
  -2.07707707707708      -0.242731815797539       -1.14968771597050     
  -2.06706706706707      -0.502423028992491       -1.17254176036039     
  -2.05705705705706      -0.681191629208343      -0.848440579210891     
  -2.04704704704705      -0.411486136609640      -0.597566910278789     
  -2.03703703703704      -0.202371385459069      -0.695921832039184     
  -2.02702702702703      -0.146386901863154      -0.823526670184483     
  -2.01701701701702      -0.164174416250020      -0.941315349805717     
  -2.00700700700701      -0.284768773908870       -1.01995500923461     
  -1.99699699699700      -0.381438147207286      -0.900830705754968     
  -1.98698698698699      -0.327715796076615      -0.800304739787345     
  -1.97697697697698      -0.176710461346531      -0.806780696734399     
  -1.96696696696697      -9.656518183041174E-002 -0.902527385184211     
  -1.95695695695696       7.975655831877410E-002  -1.03885361319443     
  -1.94694694694695      -0.901496754116890       -1.06635001716190     
  -1.93693693693694      -0.330922497644678      -0.851104634798649     
  -1.92692692692693      -0.208169690609241       -1.00642046512207     
  -1.91691691691692      -0.224505542568108       -1.16866800416574     
  -1.90690690690691      -0.379498182520512       -1.31525372103045     
  -1.89689689689690      -0.657749513023927       -1.25048776126329     
  -1.88688688688689      -0.700649751993811      -0.945018025625916     
  -1.87687687687688      -0.446949597877851      -0.859418425787503     
  -1.86686686686687      -0.347262133643912       -1.05013010648408     
  -1.85685685685686      -0.510589649357773       -1.21508841588627     
  -1.84684684684685      -0.772262803654731       -1.06735575916935     
  -1.83683683683684      -0.678234698894089      -0.723753162203289     
  -1.82682682682683      -0.352965549374950      -0.722204323295694     
  -1.81681681681682      -0.221290901431974      -0.901195301063387     
  -1.80680680680681      -0.204708286847141       -1.07390343244689     
  -1.79679679679680      -0.283732170006976       -1.23246128678581     
  -1.78678678678679      -0.467413266458981       -1.23318282526823     
  -1.77677677677678      -0.396264297775616       -1.10319372638843     
  -1.76676676676677      -0.275693753253715       -1.23545049560579     
  -1.75675675675676      -0.320519466633271       -1.41869930657243     
  -1.74674674674675      -0.428429588738814       -1.49357159153637     
  -1.73673673673674      -0.504098006072741       -1.61201005027481     
  -1.72672672672673      -0.678780796630265       -1.67408157701465     
  -1.71671671671672      -0.827992332568202       -1.66240272616162     
  -1.70670670670671      -0.945161778259451       -1.62858352534340     
  -1.69669669669670       -1.04137591546751       -1.58737535883555     
  -1.68668668668669       -1.12344616958384       -1.54318647372246     
  -1.67667667667668       -1.19535002397349       -1.49760104990514     
  -1.66666666666667       -1.25955612801293       -1.45125281901799     
  -1.65665665665666       -1.31769183092051       -1.40439805561368     
  -1.64664664664665       -1.37088364586690       -1.35712235417673     
  -1.63663663663664       -1.41994165767377       -1.30942322053505     
  -1.62662662662663       -1.46546452772763       -1.26124242548754     
  -1.61661661661662       -1.50789808643949       -1.21247110560845     
  -1.60660660660661       -1.54754829241367       -1.16292773629789     
  -1.59659659659660       -1.58444776005455       -1.11231511805853     
  -1.58658658658659       -1.61776427367402       -1.06093911657996     
  -1.57657657657658       -1.64972087895024       -1.01092584247203     
  -1.56656656656657       -1.68144172550960      -0.957636440626967     
  -1.55655655655656       -1.70961063146014      -0.900716406776285     
  -1.54654654654655       -1.73044119184286      -0.840253473850254     
  -1.53653653653654       -1.74025815650603      -0.790780492665204     
  -1.52652652652653       -1.76989635094528      -0.745627267437962     
  -1.51651651651652       -1.79764397370426      -0.681486200792836     
  -1.50650650650651       -1.81577398298651      -0.608182558150649     
  -1.49649649649650       -1.81879421567336      -0.523357908408372     
  -1.48648648648649       -1.77516894703160      -0.434538249812026     
  -1.47647647647648       -1.70605571491061      -0.458934092046920     
  -1.46646646646647       -1.78471295946586      -0.452080003501730     
  -1.45645645645646       -1.81436471966793      -0.352999299132052     
  -1.44644644644645       -1.76839634151739      -0.258159841722959     
  -1.43643643643644       -1.69858711922192      -0.261376693739717     
  -1.42642642642643       -1.71495583977942      -0.233835686617275     
  -1.41641641641642       -1.66987638343923      -0.215436697689679     
  -1.40640640640641       -1.66015178967479      -0.301304898884939     
  -1.39639639639640       -1.79936105520614      -0.288364620907798     
  -1.38638638638639       -1.86376434610140      -0.190572208094341     
  -1.37637637637638       -1.88766494160849      -0.101457545462474     
  -1.36636636636637       -1.90002026572140      -1.222111638219152E-002
  -1.35635635635636       -1.89363189956018       7.426978219642623E-002
  -1.34634634634635       -1.88625917719365       0.143304047918206     
  -1.33633633633634       -1.88616414217250       0.227914033223129     
  -1.32632632632633       -1.87039491952706       0.320791197342862     
  -1.31631631631632       -1.84057452122820       0.417292294897008     
  -1.30630630630631       -1.78954556039664       0.517833597607147     
  -1.29629629629630       -1.69582031203380       0.603855802680478     
  -1.28628628628629       -1.61799404839935       0.601047799749874     
  -1.27627627627628       -1.61951278081485       0.681767995074902     
  -1.26626626626627       -1.49140702033660       0.806471861134164     
  -1.25625625625626       -1.23563891035865       0.761162532819378     
  -1.24624624624625       -1.26912456592473       0.461954107937854     
  -1.23623623623624       -1.52609140290867       0.501711487460117     
  -1.22622622622623       -1.59690715160448       0.691896621730509     
  -1.21621621621622       -1.57735540121916       0.865055018962683     
  -1.20620620620621       -1.50657060329498        1.01812973836116     
  -1.19619619619620       -1.40633351801781        1.15204672895191     
  -1.18618618618619       -1.28016176112727        1.27312845560566     
  -1.17617617617618       -1.12270219126770        1.38181190050704     
  -1.16616616616617      -0.922339514176611        1.46994568902456     
  -1.15615615615616      -0.663142562020974        1.50648796900539     
  -1.14614614614615      -0.380687556247394        1.40978299342649     
  -1.13613613613614      -0.220839288121183        1.21844008279288     
  -1.12612612612613      -0.152524181349639        1.05725026865002     
  -1.11611611611612      -0.117430204248601       0.931182101287984     
  -1.10610610610611      -9.667594837808911E-002  0.828402931838921     
  -1.09609609609610      -8.401040365461672E-002  0.741230398550222     
  -1.08608608608609      -7.682378704017048E-002  0.666392224980860     
  -1.07607607607608      -7.068578885214720E-002  0.600561718257518     
  -1.06606606606607      -6.745000405171434E-002  0.536607502560354     
  -1.05605605605606      -7.462332882835700E-002  0.476873246590718     
  -1.04604604604605      -8.682037628155485E-002  0.440075568502691     
  -1.03603603603604      -7.238344070392629E-002  0.401272982661352     
  -1.02602602602603      -6.826457234213477E-002  0.342527018354301     
  -1.01601601601602      -8.287292009785620E-002  0.279191100102984     
  -1.00600600600601      -0.136558438022510       0.225794851843597     
 -0.995995995995996      -0.180324149965583       0.266550534369191     
 -0.985985985985986      -0.122025253649463       0.247629053774339     
 -0.975975975975976      -0.124046740455148       0.165748178544830     
 -0.965965965965966      -0.211869680240334       9.588359916399815E-002
 -0.955955955955956      -0.324805266222148       0.191313370427831     
 -0.945945945945946      -0.236645514236515       0.264993675365196     
 -0.935935935935936      -0.185572639154310       0.258722284157542     
 -0.925925925925926      -0.134878730098459       0.201262202270809     
 -0.915915915915916      -0.148448561563100       0.151863599246987     
 -0.905905905905906      -0.148167865651815       9.894148773034638E-002
 -0.895895895895896      -0.242776986013338       3.167596045907779E-002
 -0.885885885885886      -0.374491018152605       0.164037387249712     
 -0.875875875875876      -0.242595896726730       0.300690020038562     
 -0.865865865865866      -0.125708752592465       0.264994740124015     
 -0.855855855855856      -8.206183056426138E-002  0.200244351476842     
 -0.845845845845846      -7.141663540523177E-002  0.160825444114433     
 -0.835835835835836      -5.511673341877560E-002  0.129919483573732     
 -0.825825825825826      -4.117803696682852E-002  9.683287864699734E-002
 -0.815815815815816      -3.452729313306262E-002  6.335338055491103E-002
 -0.805805805805806      -3.110522539262240E-002  3.445891567360048E-002
 -0.795795795795796      -2.821143787707155E-002  6.861855742970464E-003
 -0.785785785785786      -2.656863812639640E-002 -1.911993459164912E-002
 -0.775775775775776      -2.523638462921165E-002 -4.436237310174523E-002
 -0.765765765765765      -2.453418897148915E-002 -6.904089006604884E-002
 -0.755755755755755      -2.423100373737742E-002 -9.327431696011644E-002
 -0.745745745745745      -2.416376092009804E-002 -0.117274612294346     
 -0.735735735735735      -2.429711540639002E-002 -0.141381446062086     
 -0.725725725725725      -2.471278437126312E-002 -0.165776728500974     
 -0.715715715715715      -2.551335220962733E-002 -0.190657999692551     
 -0.705705705705705      -2.704925731302516E-002 -0.215915089001691     
 -0.695695695695695      -2.813089558389219E-002 -0.240911849022020     
 -0.685685685685685      -2.877925978685082E-002 -0.268230357341282     
 -0.675675675675675      -3.045927817952948E-002 -0.297426782684422     
 -0.665665665665665      -3.321350459776409E-002 -0.328691421124309     
 -0.655655655655655      -3.802845848858999E-002 -0.362629044715832     
 -0.645645645645645      -4.727096280769404E-002 -0.397464145386792     
 -0.635635635635635      -5.548335360088331E-002 -0.429178718710753     
 -0.625625625625625      -5.892248443673391E-002 -0.468493399308970     
 -0.615615615615615      -6.879352010658391E-002 -0.522345126188121     
 -0.605605605605605      -0.100871814421165      -0.587227103308224     
 -0.595595595595595      -0.180444801481295      -0.622919707852611     
 -0.585585585585585      -0.178539622913821      -0.598161621583530     
 -0.575575575575575      -0.177696392820755      -0.682734040807175     
 -0.565565565565565      -0.246920239989198      -0.740858519696516     
 -0.555555555555555      -0.315361102637652      -0.811147843877419     
 -0.545545545545545      -0.464694243992916      -0.754037245848683     
 -0.535535535535535      -0.350505396742570      -0.722511887422782     
 -0.525525525525525      -0.353155962650678      -0.925892675807089     
 -0.515515515515515      -0.586456364384696       -1.10754850444610     
 -0.505505505505505      -0.887497211403705       -1.07102564576030     
 -0.495495495495495       -1.15359066309410      -0.918385403382255     
 -0.485485485485485       -1.29292424616653      -0.589607130561633     
 -0.475475475475475       -1.10468413060461      -0.296942313103787     
 -0.465465465465465      -0.958811717427741      -0.426898032125740     
 -0.455455455455455       -1.13020991655808      -0.418057299694911     
 -0.445445445445445       -1.21748976226057      -0.162759824017526     
 -0.435435435435435       -1.02123896824110       4.421131300305220E-003
 -0.425425425425425      -0.838956910888727       4.713736701728222E-002
 -0.415415415415415      -0.686023125122638      -0.138745031092347     
 -0.405405405405405      -0.894735391683883      -0.368549356560424     
 -0.395395395395395       -1.22365122092377      -0.168251633762960     
 -0.385385385385385       -1.25380535547149       0.235529487284109     
 -0.375375375375375      -0.979624699212559       0.518766281448208     
 -0.365365365365365      -0.673705741258316       0.633417389215839     
 -0.355355355355355      -0.338639129021785       0.523322655109542     
 -0.345345345345345      -0.196145499770746       0.335974285690715     
 -0.335335335335335      -0.136683356909076       0.190674279571301     
 -0.325325325325325      -0.106735535779994       7.696212826013807E-002
 -0.315315315315315      -8.985025977655813E-002 -1.751141014361015E-002
 -0.305305305305305      -7.989407066408821E-002 -0.100234572243741     
 -0.295295295295295      -7.419875710021664E-002 -0.175885933303109     
 -0.285285285285285      -7.153212721432324E-002 -0.247690162198173     
 -0.275275275275275      -7.142233533384722E-002 -0.318169510088226     
 -0.265265265265265      -7.404745567220725E-002 -0.389609039960068     
 -0.255255255255255      -8.075902258695093E-002 -0.464103121867759     
 -0.245245245245245      -9.386316822833209E-002 -0.541117183453702     
 -0.235235235235235      -0.107982527154050      -0.620230929402070     
 -0.225225225225225      -0.126363512319650      -0.720336713898182     
 -0.215215215215215      -0.177738673851079      -0.845000043604774     
 -0.205205205205205      -0.313422765432955      -0.960409346097978     
 -0.195195195195195      -0.451464633704491      -0.917993916150669     
 -0.185185185185185      -0.383578599203445      -0.940239907379096     
 -0.175175175175175      -0.450298314672038       -1.16575298995600     
 -0.165165165165165      -0.740049999955981       -1.28913131951939     
 -0.155155155155155       -1.01520721378001       -1.19855695794441     
 -0.145145145145145       -1.15827231701940      -0.998993264603589     
 -0.135135135135135       -1.10277913897259      -0.829366864841188     
 -0.125125125125125       -1.06319952248791      -0.899347344034989     
 -0.115115115115115       -1.18310176510042      -0.914293389989333     
 -0.105105105105105       -1.19783572604391      -0.880160560244293     
 -9.509509509509506E-002  -1.33824517893285      -0.937567772672404     
 -8.508508508508505E-002  -1.49127320145840      -0.865555661375808     
 -7.507507507507505E-002  -1.61503400726959      -0.755593347753079     
 -6.506506506506504E-002  -1.68478472643180      -0.604134108202593     
 -5.505505505505504E-002  -1.66238742982019      -0.469446855140567     
 -4.504504504504503E-002  -1.66526450827105      -0.461870696524089     
 -3.503503503503502E-002  -1.73490199107613      -0.395459709921634     
 -2.502502502502502E-002  -1.80025999829817      -0.304900577883283     
 -1.501501501501501E-002  -1.84371109725076      -0.186438676789904     
 -5.005005005005003E-003  -1.86358332229700      -6.243123580625358E-002
  5.005005005005003E-003  -1.86356715027773       6.255279145058704E-002
  1.501501501501501E-002  -1.84366317340199       0.186537227338541     
  2.502502502502502E-002  -1.80013257604234       0.304957134808077     
  3.503503503503502E-002  -1.73491525839947       0.395225624555331     
  4.504504504504503E-002  -1.66534993920893       0.461507085312769     
  5.505505505505504E-002  -1.66358699751643       0.469848375812910     
  6.506506506506504E-002  -1.68497190920960       0.605171650903374     
  7.507507507507505E-002  -1.61476964445703       0.756416202357292     
  8.508508508508505E-002  -1.49081207347284       0.866305004502304     
  9.509509509509506E-002  -1.33737760579673       0.938089370199046     
  0.105105105105105       -1.19712081021133       0.880387406354129     
  0.115115115115115       -1.18092328216864       0.913955725704446     
  0.125125125125125       -1.06349583618532       0.896299588514622     
  0.135135135135135       -1.10688886713786       0.829991117485077     
  0.145145145145145       -1.15824066535651        1.00365924114213     
  0.155155155155155       -1.01173945065058        1.20142235625692     
  0.165165165165165      -0.734625176006139        1.28907690149800     
  0.175175175175175      -0.446864754446599        1.16196232708811     
  0.185185185185185      -0.383534414210984       0.937210197265784     
  0.195195195195195      -0.449652112033445       0.918199922295888     
  0.205205205205205      -0.309511264952378       0.956938624583479     
  0.215215215215215      -0.176279645059965       0.840146537011093     
  0.225225225225225      -0.125933713158810       0.715706911810172     
  0.235235235235235      -0.107947029129017       0.615611570183833     
  0.245245245245245      -9.404444792058796E-002  0.536221365031260     
  0.255255255255255      -8.123523665512093E-002  0.458738859935050     
  0.265265265265265      -7.480069840495102E-002  0.383620850096829     
  0.275275275275275      -7.249238084836386E-002  0.311298452748292     
  0.285285285285285      -7.302619039695375E-002  0.239595406151634     
  0.295295295295295      -7.631175757142926E-002  0.166094376789647     
  0.305305305305305      -8.297647783149346E-002  8.804524296428876E-002
  0.315315315315315      -9.457616144342587E-002  1.822547092611222E-003
  0.325325325325325      -0.114543241092680      -9.798337991781550E-002
  0.335335335335335      -0.151133934164761      -0.220200523594900     
  0.345345345345345      -0.228027847586242      -0.378711478739729     
  0.355355355355355      -0.423469010354249      -0.568962952858261     
  0.365365365365365      -0.784869286320555      -0.585930986685915     
  0.375375375375375       -1.07988325283403      -0.447337928599799     
  0.385385385385385       -1.27644252371032      -7.691838400699785E-002
  0.395395395395395       -1.12022525177223       0.286334702528950     
  0.405405405405405      -0.765463888438444       0.319548398765963     
  0.415415415415415      -0.708696901998993       4.208207510218308E-002
  0.425425425425425      -0.973631104548836      -1.892233532141781E-002
  0.435435435435435       -1.04471424947288       5.041736995585674E-002
  0.445445445445445       -1.18820318951184       0.270825898609584     
  0.455455455455455       -1.07209652712430       0.445189656708114     
  0.465465465465465      -0.947320267280757       0.373669169162275     
  0.475475475475475       -1.19895745851927       0.379190545106273     
  0.485485485485485       -1.25042263524247       0.737502508629691     
  0.495495495495495       -1.02763117719572        1.00057366926914     
  0.505505505505505      -0.756242573424115        1.10182153803813     
  0.515515515515515      -0.442327456886725        1.03478495536775     
  0.525525525525525      -0.318953263766929       0.813089067526989     
  0.535535535535535      -0.411133622989948       0.671459468202317     
  0.545545545545545      -0.432374413612062       0.816304404345721     
  0.555555555555555      -0.257603419011721       0.782950589066914     
  0.565565565565565      -0.214216151033722       0.703803527870748     
  0.575575575575575      -0.169276784539596       0.640448210615374     
  0.585585585585585      -0.191206907538043       0.593546457023810     
  0.595595595595595      -0.138129180107389       0.612239250980785     
  0.605605605605605      -8.159287789222490E-002  0.552374288783966     
  0.615615615615615      -6.185505914142111E-002  0.492023117193235     
  0.625625625625625      -5.801660795296761E-002  0.444522552362811     
  0.635635635635635      -5.175098644887605E-002  0.413018304639826     
  0.645645645645645      -4.133792780001100E-002  0.377961374495955     
  0.655655655655655      -3.506329298961929E-002  0.343169985885314     
  0.665665665665665      -3.156980792724243E-002  0.310752040604868     
  0.675675675675675      -2.943032825670702E-002  0.280678519153398     
  0.685685685685685      -2.827290511658843E-002  0.252431369390050     
  0.695695695695695      -2.777999983157276E-002  0.226526558095365     
  0.705705705705705      -2.608021257432440E-002  0.201502352997355     
  0.715715715715715      -2.499527166596306E-002  0.176386526782834     
  0.725725725725725      -2.441833580578716E-002  0.151814197127916     
  0.735735735735735      -2.413275735482976E-002  0.127621964443976     
  0.745745745745745      -2.409044381622930E-002  0.103591858114573     
  0.755755755755755      -2.430186048439622E-002  7.952989545348145E-002
  0.765765765765765      -2.473348985298105E-002  5.520453847937381E-002
  0.775775775775776      -2.552508555950017E-002  3.027292613422604E-002
  0.785785785785786      -2.689187394971256E-002  4.528140644053030E-003
  0.795795795795796      -2.878424118260460E-002 -2.239306276698343E-002
  0.805805805805806      -3.209622753873179E-002 -5.135854315628380E-002
  0.815815815815816      -3.706597026635044E-002 -8.175458509425662E-002
  0.825825825825826      -4.470930674669621E-002 -0.117218998610788     
  0.835835835835836      -6.135092521770877E-002 -0.154597481836430     
  0.845845845845846      -8.672606374298029E-002 -0.192955397061843     
  0.855855855855856      -0.113705642624494      -0.228031022290820     
  0.865865865865866      -0.187712448999682      -0.291805907769662     
  0.875875875875876      -0.347177008816676      -0.227617723956299     
  0.885885885885886      -0.302673892291373      -5.119901857865736E-002
  0.895895895895896      -0.164375475036893      -5.231474749749940E-002
  0.905905905905906      -0.117016515913048      -0.136927824266742     
  0.915915915915916      -0.140635084467090      -0.208688542212810     
  0.925925925925926      -0.173721469214199      -0.236706172560880     
  0.935935935935936      -0.238039094774131      -0.245974734049410     
  0.945945945945946      -0.263885764763728      -0.218097200509029     
  0.955955955955956      -0.256746490577553      -0.136494827499210     
  0.965965965965966      -0.155185625258348      -0.132800541504131     
  0.975975975975976      -0.112114781916822      -0.209882005321341     
  0.985985985985986      -0.141199260224561      -0.273542563896065     
  0.995995995995996      -0.164493099170869      -0.239776604481150     
   1.00600600600601      -9.709783324928388E-002 -0.257925208308288     
   1.01601601601602      -7.014738505401531E-002 -0.319884747753766     
   1.02602602602603      -6.596710786172442E-002 -0.380000361629751     
   1.03603603603604      -7.805935082390610E-002 -0.432885527423937     
   1.04604604604605      -8.212634019435491E-002 -0.462058493075999     
   1.05605605605606      -6.838423592365279E-002 -0.513081222802615     
   1.06606606606607      -6.694006139571015E-002 -0.575699682406127     
   1.07607607607608      -7.215871417171495E-002 -0.641915173567341     
   1.08608608608609      -8.022218743697843E-002 -0.712442646282952     
   1.09609609609610      -9.055326917309904E-002 -0.793115272005214     
   1.10610610610611      -0.107313815864165      -0.888274481412039     
   1.11611611611612      -0.135080350444345       -1.00311921525638     
   1.12612612612613      -0.185499080126307       -1.14776029518129     
   1.13613613613614      -0.295882525399823       -1.33176746283119     
   1.14614614614615      -0.538778676537548       -1.48853985045034     
   1.15615615615616      -0.820538663135982       -1.49613734387596     
   1.16616616616617       -1.04353871121733       -1.42344091650975     
   1.17617617617618       -1.21706425196348       -1.32163852809753     
   1.18618618618619       -1.35534104488463       -1.20523208027530     
   1.19619619619620       -1.46623609720814       -1.07655349078194     
   1.20620620620621       -1.55083251026683      -0.931086650807527     
   1.21621621621622       -1.59470707912478      -0.757909264471946     
   1.22622622622623       -1.53918677395944      -0.574074143119362     
   1.23623623623624       -1.38914694918088      -0.473793131411300     
   1.24624624624625       -1.18467128550610      -0.637306832582509     
   1.25625625625626       -1.38821063658178      -0.838524457942003     
   1.26626626626627       -1.58739908613994      -0.759897846298437     
   1.27627627627628       -1.65316228083734      -0.628037367601594     
   1.28628628628629       -1.65117563915343      -0.598062765573441     
   1.29629629629630       -1.75374925683535      -0.559138802816415     
   1.30630630630631       -1.82177773252382      -0.462414618488741     
   1.31631631631632       -1.86004152426211      -0.365161009963787     
   1.32632632632633       -1.88327479958860      -0.272182562791257     
   1.33633633633634       -1.89574784498178      -0.181859651202742     
   1.34634634634635       -1.89629072522040      -9.463804538036116E-002
   1.35635635635636       -1.88591921659936      -1.567683237116857E-002
   1.36636636636637       -1.88239561314098       4.783248448017444E-002
   1.37637637637638       -1.88067111831276       0.135786448034175     
   1.38638638638639       -1.84884065229769       0.236349776543178     
   1.39639639639640       -1.75596241676665       0.332778243994746     
   1.40640640640641       -1.58211819766070       0.285735296280235     
   1.41641641641642       -1.68535557961062       0.135085634834580     
   1.42642642642643       -1.79260393050879       0.235532197126905     
   1.43643643643644       -1.76499691857447       0.348555050152238     
   1.44644644644645       -1.68815474393242       0.331309462325142     
   1.45645645645646       -1.77873546236417       0.324461536850079     
   1.46646646646647       -1.80895814164446       0.425702886483749     
   1.47647647647648       -1.76738003813955       0.494153449730707     
   1.48648648648649       -1.76957647516874       0.493909237264051     
   1.49649649649650       -1.80834390639676       0.557469660896564     
   1.50650650650651       -1.80692006657940       0.638335610029941     
   1.51651651651652       -1.78841836716140       0.709554478884652     
   1.52652652652653       -1.76131200253942       0.770876048922539     
   1.53653653653654       -1.73677103861197       0.821109495824631     
   1.54654654654655       -1.71749192358741       0.871822452317503     
   1.55655655655656       -1.69534801831984       0.929242855081549     
   1.56656656656657       -1.66640911266891       0.984947117630994     
   1.57657657657658       -1.63433932754828        1.03767400366107     
   1.58658658658659       -1.60098303284410        1.08883457849347     
   1.59659659659660       -1.56498655706716        1.13933141392495     
   1.60660660660661       -1.52686203557672        1.18891364717749     
   1.61661661661662       -1.48587463970651        1.23809319249081     
   1.62662662662663       -1.44182086888224        1.28660993121530     
   1.63663663663664       -1.39441973220046        1.33459223439274     
   1.64664664664665       -1.34316273728750        1.38213161504027     
   1.65665665665666       -1.28734789078909        1.42926177004617     
   1.66666666666667       -1.22601043548549        1.47594506747863     
   1.67667667667668       -1.15778525144086        1.52202121911628     
   1.68668668668669       -1.08065910559306        1.56707928575723     
   1.69669669669670      -0.991504276081074        1.61013146379018     
   1.70670670670671      -0.885156140559235        1.64868079917259     
   1.71671671671672      -0.752669275247155        1.67556884276083     
   1.72672672672673      -0.581094546139052        1.66627743380040     
   1.73673673673674      -0.399211867761819        1.54881925836834     
   1.74674674674675      -0.371023618361803        1.35929423365514     
   1.75675675675676      -0.398469486851522        1.34112985818484     
   1.76676676676677      -0.307960069731390        1.24512824588011     
   1.77677677677678      -0.375187971958748        1.12950312405631     
   1.78678678678679      -0.411859299442314        1.18832221683954     
   1.79679679679680      -0.271637743921174        1.16714740992638     
   1.80680680680681      -0.218709919485416        1.00424560448145     
   1.81681681681682      -0.278752104519157       0.821859778637300     
   1.82682682682683      -0.519313626201924       0.697827379438643     
   1.83683683683684      -0.778861456242144       0.915230723225921     
   1.84684684684685      -0.647329463970581        1.21457704242578     
   1.85685685685686      -0.379104088015967        1.18516075276599     
   1.86686686686687      -0.316352920418692       0.983530984966169     
   1.87687687687688      -0.483497950590076       0.836748780619241     
   1.88688688688689      -0.703968403487597        1.00434274141380     
   1.89689689689690      -0.579120793623197        1.28565253738049     
   1.90690690690691      -0.309774005995874        1.28023956478596     
   1.91691691691692      -0.193967897179341        1.12966752200488     
   1.92692692692693      -0.186148791981732       0.980303301432108     
   1.93693693693694      -0.289552776732661       0.828468217683934     
   1.94694694694695      -0.814544774392352       0.819863688052428     
   1.95695695695696       0.288846327550634       0.967320409469505     
   1.96696696696697      -5.969074705116757E-002  0.830227145681591     
   1.97697697697698      -0.170911345041393       0.755053444744149     
   1.98698698698699      -0.325205682371216       0.776376716840779     
   1.99699699699700      -0.359893445490072       0.857326936621404     
   2.00700700700701      -0.299988949710543       0.983120985495295     
   2.01701701701702      -0.168045412788520       0.923207052303411     
   2.02702702702703      -0.140861702162792       0.808754367461253     
   2.03703703703704      -0.181428749875571       0.684947708560514     
   2.04704704704705      -0.345747961966087       0.566187391526740     
   2.05705705705706      -0.643697063642686       0.700603819024017     
   2.06706706706707      -0.604011289431283        1.06422362384374     
   2.07707707707708      -0.326619879383365        1.12405975027477     
   2.08708708708709      -0.241078582625143        1.00548958737181     
   2.09709709709710      -0.258205989688307        1.01080660475640     
   2.10710710710711      -0.165456613076378       0.986343441461212     
   2.11711711711712      -0.162440902756213       0.895357660775219     
   2.12712712712713      -0.242201901802961       0.892447326323007     
   2.13713713713714      -0.232362953041404       0.939886954955332     
   2.14714714714715      -0.187663146265056        1.00664808370093     
   2.15715715715716      -9.561724470688568E-002  0.974323277745157     
   2.16716716716717      -6.633813466126202E-002  0.917151614538835     
   2.17717717717718      -7.101276972724224E-002  0.875740318285956     
   2.18718718718719      -6.900781997417413E-002  0.872780788007260     
   2.19719719719720      -4.715649188282638E-002  0.845621706374692     
   2.20720720720721      -4.666828711737604E-002  0.810039832013029     
   2.21721721721722      -7.029825541355784E-002  0.786466968678752     
   2.22722722722723      -7.574577572774525E-002  0.801888673764001     
   2.23723723723724      -7.280305113336570E-002  0.793922962581719     
   2.24724724724725      -5.485768460994160E-002  0.804807180963204     
   2.25725725725726      -3.258344076122070E-002  0.783612160550410     
   2.26726726726727      -2.662903062420383E-002  0.759519594175262     
   2.27727727727728      -3.056886109116549E-002  0.738838279201299     
   2.28728728728729      -3.838460693262984E-002  0.734069417614960     
   2.29729729729730      -3.050353199137201E-002  0.724469444188637     
   2.30730730730731      -3.724031497268294E-002  0.711373126537023     
   2.31731731731732      -3.377761131756925E-002  0.716550511398248     
   2.32732732732733      -2.215718058389321E-002  0.703487103066604     
   2.33733733733734      -2.137520043303117E-002  0.686978139014061     
   2.34734734734735      -2.927011520268596E-002  0.677457952940800     
   2.35735735735736      -2.591159820960381E-002  0.676488973346593     
   2.36736736736737      -2.604022336918164E-002  0.665036305854839     
   2.37737737737738      -2.768176374122858E-002  0.666376769410148     
   2.38738738738739      -1.820110521542176E-002  0.658734989987101     
   2.39739739739740      -1.736628060494527E-002  0.646912796979032     
   2.40740740740741      -1.871999679092795E-002  0.642809504148855     
   2.41741741741742      -1.313774053015988E-002  0.635744691112839     
   2.42742742742743      -1.107199500585154E-002  0.625462323381497     
   2.43743743743744      -1.141653916327126E-002  0.615398321793241     
   2.44744744744745      -1.483110712782309E-002  0.606818460832270     
   2.45745745745746      -1.570238770119714E-002  0.603781995152265     
   2.46746746746747      -1.379893775433979E-002  0.594889404048128     
   2.47747747747748      -1.824086947499096E-002  0.584347165026738     
   2.48748748748749      -2.746462633038922E-002  0.583483498003043     
   2.49749749749750      -2.600655462852133E-002  0.581731710345793     
   2.50750750750751      -3.008391063843103E-002  0.584272735348051     
   2.51751751751752      -2.100079196826645E-002  0.581155892702401     
   2.52752752752753      -2.398166921921852E-002  0.571057699147938     
   2.53753753753754      -2.884571995111157E-002  0.575837038781007     
   2.54754754754755      -2.411616228307585E-002  0.576192759828668     
   2.55755755755756      -1.566752905563397E-002  0.575547986736933     
   2.56756756756757      -9.837757775779683E-003  0.567488603859816     
   2.57757757757758      -7.872796142182297E-003  0.559778123032619     
   2.58758758758759      -7.630506892264530E-003  0.553367135493338     
   2.59759759759760      -7.031225908693417E-003  0.548763514351874     
   2.60760760760761      -6.085040390465031E-003  0.543420471380006     
   2.61761761761762      -5.854749689465262E-003  0.538642806474271     
   2.62762762762763      -5.129748285561578E-003  0.534057703942927     
   2.63763763763764      -4.695618799636416E-003  0.529330096677641     
   2.64764764764765      -4.450430505634733E-003  0.524804688110407     
   2.65765765765766      -4.286966661493235E-003  0.520462111942109     
   2.66766766766767      -4.192821389834210E-003  0.516284002800924     
   2.67767767767768      -4.091567343413100E-003  0.512321973753369     
   2.68768768768769      -3.928302663978808E-003  0.508401020610730     
   2.69769769769770      -3.817552530936749E-003  0.504545325252642     
   2.70770770770771      -3.737176251459097E-003  0.500775498504478     
   2.71771771771772      -3.684988342325691E-003  0.497076020933393     
   2.72772772772773      -3.685574728446063E-003  0.493426798412823     
   2.73773773773774      -3.839679973769241E-003  0.489837158757836     
   2.74774774774775      -4.199147095912108E-003  0.486677432870937     
   2.75775775775776      -4.101739673911505E-003  0.483805017351903     
   2.76776776776777      -3.662254591446214E-003  0.480769976366875     
   2.77777777777778      -3.376804006760772E-003  0.477439401087062     
   2.78778778778779      -3.252593793730107E-003  0.474166033566669     
   2.79779779779780      -3.195510154091354E-003  0.470966991763972     
   2.80780780780781      -3.214889556845509E-003  0.467843670036025     
   2.81781781781782      -3.243386082236544E-003  0.464927065479679     
   2.82782782782783      -3.125160763871320E-003  0.461967623297631     
   2.83783783783784      -3.155921175723409E-003  0.459025910080973     
   2.84784784784785      -3.079323630097862E-003  0.456279667012780     
   2.85785785785786      -2.944450980222257E-003  0.453392535701651     
   2.86786786786787      -2.900830089133017E-003  0.450500445924335     
   2.87787787787788      -2.923353728678754E-003  0.447627832844315     
   2.88788788788789      -3.063162944722634E-003  0.444819181552572     
   2.89789789789790      -3.102612024076719E-003  0.442189348041028     
   2.90790790790791      -3.113338442498784E-003  0.439298391062850     
   2.91791791791792      -3.453498574339832E-003  0.436239481149753     
   2.92792792792793      -4.618164504286805E-003  0.433160803624632     
   2.93793793793794      -6.878416290400580E-003  0.432076445598016     
   2.94794794794795      -5.989920240711718E-003  0.432652799388668     
   2.95795795795796      -3.920859056682262E-003  0.430321052082774     
   2.96796796796797      -3.303349410597271E-003  0.427303304208479     
   2.97797797797798      -3.330166827359149E-003  0.424790583918215     
   2.98798798798799      -2.962778308762821E-003  0.422530259734313     
   2.99799799799800      -2.849110684784880E-003  0.420038467256772     
   3.00800800800801      -2.726336154136988E-003  0.417896427341634     
   3.01801801801802      -2.465390764421308E-003  0.415558195704035     
   3.02802802802803      -2.369951695505548E-003  0.413209930679120     
   3.03803803803804      -2.350732278074375E-003  0.410982419755896     
   3.04804804804805      -2.251829551696620E-003  0.408814196376270     
   3.05805805805806      -2.180696735754861E-003  0.406625905612477     
   3.06806806806807      -2.138509852334276E-003  0.404473688380475     
   3.07807807807808      -2.113632235774111E-003  0.402362371993423     
   3.08808808808809      -2.082568993684988E-003  0.400301022035364     
   3.09809809809810      -2.042658068550844E-003  0.398252023671715     
   3.10810810810811      -2.012560936797554E-003  0.396225743591607     
   3.11811811811812      -1.986879325076853E-003  0.394225382671895     
   3.12812812812813      -1.963753702727428E-003  0.392249033894904     
   3.13813813813814      -1.942775081833514E-003  0.390294725235614     
   3.14814814814815      -1.924146617461203E-003  0.388360455511436     
   3.15815815815816      -1.908800183678644E-003  0.386443883129799     
   3.16816816816817      -1.899554187764343E-003  0.384541966264340     
   3.17817817817818      -1.906050587858207E-003  0.382652653085006     
   3.18818818818819      -1.944207515712304E-003  0.380804059472125     
   3.19819819819820      -1.942840450526812E-003  0.378990760024996     
   3.20820820820821      -1.997762410302432E-003  0.377191543289733     
   3.21821821821822      -1.945844207176021E-003  0.375470368661785     
   3.22822822822823      -1.908117083686358E-003  0.373630389228901     
   3.23823823823824      -1.980420472077069E-003  0.371826852133059     
   3.24824824824825      -1.962820456429446E-003  0.370145407323407     
   3.25825825825826      -1.904952670044299E-003  0.368314757155571     
   3.26826826826827      -1.937570341760588E-003  0.366430754347489     
   3.27827827827828      -2.071776239082722E-003  0.364494764242349     
   3.28828828828829      -2.458755163470472E-003  0.362532869119385     
   3.29829829829830      -2.997555876763191E-003  0.361023179088468     
   3.30830830830831      -3.301525006921622E-003  0.359141967326460     
   3.31831831831832      -4.703681806138284E-003  0.357916132097900     
   3.32832832832833      -4.714776573820367E-003  0.357338128970393     
   3.33833833833834      -5.197299401423235E-003  0.357075339851529     
   3.34834834834835      -3.767742714982968E-003  0.355991402052448     
   3.35835835835836      -4.013806306196699E-003  0.353936243366909     
   3.36836836836837      -4.059157703500468E-003  0.353595636033667     
   3.37837837837838      -3.443460502552304E-003  0.352055862121719     
   3.38838838838839      -3.139892961839301E-003  0.351188789581424     
   3.39839839839840      -2.292223824086638E-003  0.349528236403461     
   3.40840840840841      -2.095794010558106E-003  0.347655320230474     
   3.41841841841842      -2.195007885394719E-003  0.346207228908642     
   3.42842842842843      -1.882346532940578E-003  0.344813133164544     
   3.43843843843844      -1.775499182771685E-003  0.343210311504969     
   3.44844844844845      -1.739590323710178E-003  0.341828943177465     
   3.45845845845846      -1.570058974518959E-003  0.340372461427854     
   3.46846846846847      -1.501159416915001E-003  0.338883350677071     
   3.47847847847848      -1.487856894653372E-003  0.337457634219476     
   3.48848848848849      -1.435023616567479E-003  0.336080131742968     
   3.49849849849850      -1.392670095532302E-003  0.334686881422985     
   3.50850850850851      -1.371435813742347E-003  0.333315391319939     
   3.51851851851852      -1.350887462499563E-003  0.331973101101163     
   3.52852852852853      -1.327945191003572E-003  0.330640328784857     
   3.53853853853854      -1.310617969122206E-003  0.329321598319252     
   3.54854854854855      -1.295888631174608E-003  0.328017843735753     
   3.55855855855856      -1.282647920705377E-003  0.326727810261921     
   3.56856856856857      -1.270519833068726E-003  0.325450376507700     
   3.57857857857858      -1.259368534387479E-003  0.324184564712537     
   3.58858858858859      -1.249176961460340E-003  0.322929447349789     
   3.59859859859860      -1.240020798997810E-003  0.321684065745032     
   3.60860860860861      -1.232081959803769E-003  0.320447345037563     
   3.61861861861862      -1.225699013997727E-003  0.319217982309672     
   3.62862862862863      -1.221483524962830E-003  0.317994274645416     
   3.63863863863864      -1.220600973470749E-003  0.316773835038255     
   3.64864864864865      -1.225578010885390E-003  0.315553220541826     
   3.65865865865866      -1.242098192683864E-003  0.314329335817542     
   3.66866866866867      -1.269614928781650E-003  0.313098003520775     
   3.67867867867868      -1.329945673041661E-003  0.311828354037751     
   3.68868868868869      -1.495602798244417E-003  0.310500463022266     
   3.69869869869870      -2.005161935287452E-003  0.309164071312459     
   3.70870870870871      -2.956803914604694E-003  0.308808747663796     
   3.71871871871872      -2.152859600091130E-003  0.308724677904090     
   3.72872872872873      -1.559046439056801E-003  0.307424600543967     
   3.73873873873874      -1.411886031105331E-003  0.306075076103292     
   3.74874874874875      -1.505886238698222E-003  0.304806862339620     
   3.75875875875876      -1.695277425266871E-003  0.303873701227129     
   3.76876876876877      -1.622812076409261E-003  0.303046300873949     
   3.77877877877878      -1.334058526000122E-003  0.302032628144087     
   3.78878878878879      -1.204248867922825E-003  0.300855450781172     
   3.79879879879880      -1.168560932688632E-003  0.299696353078554     
   3.80880880880881      -1.189949776636639E-003  0.298548342968921     
   3.81881881881882      -1.319904807345219E-003  0.297420222222803     
   3.82882882882883      -1.517859160207853E-003  0.296548903982047     
   3.83883883883884      -1.488076888338471E-003  0.295641845362722     
   3.84884884884885      -1.440108420337487E-003  0.294858946538609     
   3.85885885885886      -1.233555626796871E-003  0.293824149232399     
   3.86886886886887      -1.236898158682987E-003  0.292713187932293     
   3.87887887887888      -1.386393195647380E-003  0.291797575426908     
   3.88888888888889      -1.269046346383041E-003  0.290947646530846     
   3.89889889889890      -1.270861662955080E-003  0.289997435092048     
   3.90890890890891      -1.141488480739145E-003  0.289132484412660     
   3.91891891891892      -1.037827173554120E-003  0.288125494451146     
   3.92892892892893      -1.000780476134662E-003  0.287124504548999     
   3.93893893893894      -9.942711534798065E-004  0.286141900693483     
   3.94894894894895      -1.022247954099939E-003  0.285196413757660     
   3.95895895895896      -9.994046176477144E-004  0.284308316587386     
   3.96896896896897      -9.639721039866108E-004  0.283366530969775     
   3.97897897897898      -9.670073604930620E-004  0.282423496407689     
   3.98898898898899      -1.003749323364708E-003  0.281528387144051     
   3.99899899899900      -9.676786138089486E-004  0.280662833649373     
   4.00900900900901      -9.463801180685080E-004  0.279739849799415     
   4.01901901901902      -9.757773297599801E-004  0.278817764817687     
   4.02902902902903      -1.059562563962778E-003  0.277978854790400     
   4.03903903903904      -1.042251541502977E-003  0.277189819294859     
   4.04904904904905      -9.843207310342057E-004  0.276396241317081     
   4.05905905905906      -9.089996325748150E-004  0.275522371933989     
   4.06906906906907      -8.802730894578451E-004  0.274641769051697     
   4.07907907907908      -8.715605634231086E-004  0.273774828109524     
   4.08908908908909      -8.739768868665276E-004  0.272933636456103     
   4.09909909909910      -8.539198383265203E-004  0.272102624756125     
   4.10910910910911      -8.415706270796371E-004  0.271263420424489     
   4.11911911911912      -8.388308706190347E-004  0.270436879519931     
   4.12912912912913      -8.264520004781317E-004  0.269621514537380     
   4.13913913913914      -8.154633281218263E-004  0.268804085831184     
   4.14914914914915      -8.079779709544675E-004  0.267992536119900     
   4.15915915915916      -8.019094101499726E-004  0.267187310562571     
   4.16916916916917      -7.971868139009405E-004  0.266388084679827     
   4.17917917917918      -7.941137487585615E-004  0.265596910622785     
   4.18918918918919      -7.869104073131690E-004  0.264812284036943     
   4.19919919919920      -7.808906673876444E-004  0.264029933046436     
   4.20920920920921      -7.763020076666064E-004  0.263254699014023     
   4.21921921921922      -7.694563086154132E-004  0.262484213638276     
   4.22922922922923      -7.635860034890552E-004  0.261717558421551     
   4.23923923923924      -7.583379648163798E-004  0.260956005536021     
   4.24924924924925      -7.533510790438631E-004  0.260199488347481     
   4.25925925925926      -7.485315113544364E-004  0.259447859853232     
   4.26926926926927      -7.438656751553389E-004  0.258700983903503     
   4.27927927927928      -7.393947057650789E-004  0.257958718634116     
   4.28928928928929      -7.352845261185937E-004  0.257220909366135     
   4.29929929929930      -7.321147761465806E-004  0.256487687534377     
   4.30930930930931      -7.290535347164326E-004  0.255760896326938     
   4.31931931931932      -7.243417058447995E-004  0.255036890556055     
   4.32932932932933      -7.227878348921553E-004  0.254317107119231     
   4.33933933933934      -7.187490595172395E-004  0.253605862005698     
   4.34934934934935      -7.125016030170653E-004  0.252893638865621     
   4.35935935935936      -7.095959845227866E-004  0.252183501927894     
   4.36936936936937      -7.111738265778570E-004  0.251476539308057     
   4.37937937937938      -7.204659888274231E-004  0.250780836002499     
   4.38938938938939      -7.178720434335030E-004  0.250094386851827     
   4.39939939939940      -7.232952799051139E-004  0.249411859932855     
   4.40940940940941      -7.085164099642104E-004  0.248733501259268     
   4.41941941941942      -7.043498416626278E-004  0.248038278315863     
   4.42942942942943      -7.231797059740478E-004  0.247342869660675     
   4.43943943943944      -7.853848809509506E-004  0.246686072347471     
   4.44944944944945      -7.784115048424614E-004  0.246115693384016     
   4.45945945945946      -7.082797594572736E-004  0.245465365477237     
   4.46946946946947      -6.794294997718614E-004  0.244787881291317     
   4.47947947947948      -6.677301303633227E-004  0.244118346339854     
   4.48948948948949      -6.640646231893900E-004  0.243456740180376     
   4.49949949949950      -6.649436923598318E-004  0.242808788647799     
   4.50950950950951      -6.584230611419983E-004  0.242167358912391     
   4.51951951951952      -6.480803560519060E-004  0.241528208318343     
   4.52952952952953      -6.396974449722890E-004  0.240887332066467     
   4.53953953953954      -6.342453853332802E-004  0.240250523782090     
   4.54954954954955      -6.298475771448419E-004  0.239618169726942     
   4.55955955955956      -6.261000904065766E-004  0.238990004902998     
   4.56956956956957      -6.226845493534470E-004  0.238366466250992     
   4.57957957957958      -6.185339453435829E-004  0.237746504209314     
   4.58958958958959      -6.148291087973174E-004  0.237130027210338     
   4.59959959959960      -6.109309880464225E-004  0.236517132716352     
   4.60960960960961      -6.072528976532827E-004  0.235907569638086     
   4.61961961961962      -6.037308594358548E-004  0.235301518495697     
   4.62962962962963      -6.002894220395351E-004  0.234698933287992     
   4.63963963963964      -5.969045703919587E-004  0.234099758307048     
   4.64964964964965      -5.935666527769960E-004  0.233503945298771     
   4.65965965965966      -5.902710807436138E-004  0.232911451050633     
   4.66966966966967      -5.870159790043090E-004  0.232322235177255     
   4.67967967967968      -5.838023305303259E-004  0.231736258373748     
   4.68968968968969      -5.806374819406720E-004  0.231153480774521     
   4.69969969969970      -5.775511161596514E-004  0.230573865583956     
   4.70970970970971      -5.746195704568897E-004  0.229997469445854     
   4.71971971971972      -5.715718842772700E-004  0.229424384860455     
   4.72972972972973      -5.685051767156859E-004  0.228854346911092     
   4.73973973973974      -5.652672278516652E-004  0.228287272969653     
   4.74974974974975      -5.621719311242792E-004  0.227723074759582     
   4.75975975975976      -5.591791554776210E-004  0.227161872172943     
   4.76976976976977      -5.562580007726476E-004  0.226603627523108     
   4.77977977977978      -5.534303329051940E-004  0.226048283884320     
   4.78978978978979      -5.508049747860248E-004  0.225495780053894     
   4.79979979979980      -5.487641647681599E-004  0.224946277857950     
   4.80980980980981      -5.468156919311301E-004  0.224401040597958     
   4.81981981981982      -5.430385663037652E-004  0.223858579736359     
   4.82982982982983      -5.394504341022423E-004  0.223317569228295     
   4.83983983983984      -5.364425350503984E-004  0.222779253632344     
   4.84984984984985      -5.336771007692082E-004  0.222243748619716     
   4.85985985985986      -5.311525961298310E-004  0.221710970507351     
   4.86986986986987      -5.291829290210646E-004  0.221181058271344     
   4.87987987987988      -5.272171253067041E-004  0.220654990598557     
   4.88988988988989      -5.242223168003854E-004  0.220131834136099     
   4.89989989989990      -5.205806815482698E-004  0.219610299921042     
   4.90990990990991      -5.176108088639338E-004  0.219090965368426     
   4.91991991991992      -5.150006766856917E-004  0.218574305439130     
   4.92992992992993      -5.127376983561405E-004  0.218060477623089     
   4.93993993993994      -5.101817713332447E-004  0.217549685249628     
   4.94994994994995      -5.074600332608363E-004  0.217041294024159     
   4.95995995995996      -5.046010189439384E-004  0.216535201255132     
   4.96996996996997      -5.019591082172350E-004  0.216031507858349     
   4.97997997997998      -4.994200130788583E-004  0.215530346280564     
   4.98998998998999      -4.969292483370188E-004  0.215031689028182     
   5.00000000000000      -4.944708874008359E-004  0.214535504904421     
