  -5.00000000000000      -8.963297535783487E-003 -0.223070542839910     
  -4.98998998998999      -6.140451822056200E-003 -0.217406921161336     
  -4.97997997997998      -2.718435327569938E-003 -0.218462898598357     
  -4.96996996996997      -1.598952476654781E-003 -0.220004408830579     
  -4.95995995995996      -1.164321601921298E-003 -0.221219210381247     
  -4.94994994994995      -9.603348393765164E-004 -0.222221001943589     
  -4.93993993993994      -8.519882019223470E-004 -0.223100475999568     
  -4.92992992992993      -7.902799984261592E-004 -0.223908070675550     
  -4.91991991991992      -7.545950887782998E-004 -0.224672736900681     
  -4.90990990990991      -7.355696505121068E-004 -0.225412638570705     
  -4.89989989989990      -7.292752353472700E-004 -0.226140706046623     
  -4.88988988988989      -7.354620129786160E-004 -0.226867866762600     
  -4.87987987987988      -7.575493514431073E-004 -0.227605343926900     
  -4.86986986986987      -8.067460506524229E-004 -0.228369996311034     
  -4.85985985985986      -9.199081209221357E-004 -0.229184643208524     
  -4.84984984984985      -1.213481084610386E-003 -0.230057601557824     
  -4.83983983983984      -1.894981761702884E-003 -0.230637832212235     
  -4.82982982982983      -2.221300703783944E-003 -0.230914730146101     
  -4.81981981981982      -2.949527757805458E-003 -0.230565438625228     
  -4.80980980980981      -1.815535206046821E-003 -0.230214664968522     
  -4.79979979979980      -1.126274809631916E-003 -0.231121487269029     
  -4.78978978978979      -8.922586239981680E-004 -0.232016908935111     
  -4.77977977977978      -7.951123166060522E-004 -0.232826897086706     
  -4.76976976976977      -7.476020290585224E-004 -0.233585370154718     
  -4.75975975975976      -7.220206017081512E-004 -0.234314431419410     
  -4.74974974974975      -7.076730990671050E-004 -0.235026473850996     
  -4.73973973973974      -6.997899266837495E-004 -0.235728780446577     
  -4.72972972972973      -6.960248285084849E-004 -0.236425961832479     
  -4.71971971971972      -6.951637825703106E-004 -0.237121192053152     
  -4.70970970970971      -6.965965193649632E-004 -0.237816876686297     
  -4.69969969969970      -7.000954256640202E-004 -0.238515058403692     
  -4.68968968968969      -7.057471414256166E-004 -0.239217714206453     
  -4.67967967967968      -7.139968746224555E-004 -0.239927041662335     
  -4.66966966966967      -7.258404959815350E-004 -0.240645828421060     
  -4.65965965965966      -7.433182835382349E-004 -0.241378048725814     
  -4.64964964964965      -7.707938593937781E-004 -0.242129966227346     
  -4.63963963963964      -8.186774396029131E-004 -0.242912277208385     
  -4.62962962962963      -9.163317567655369E-004 -0.243743405438520     
  -4.61961961961962      -1.165519710646032E-003 -0.244637507929845     
  -4.60960960960961      -1.848835805429994E-003 -0.245310683649378     
  -4.59959959959960      -1.975801234577215E-003 -0.245138000674553     
  -4.58958958958959      -1.622397272046266E-003 -0.245637336814980     
  -4.57957957957958      -1.517665948936231E-003 -0.246293331116902     
  -4.56956956956957      -1.268711340565270E-003 -0.247009419672744     
  -4.55955955955956      -1.337813911833659E-003 -0.247997247576304     
  -4.54954954954955      -1.937036448930486E-003 -0.248572286640884     
  -4.53953953953954      -1.615958186757589E-003 -0.248444347620707     
  -4.52952952952953      -1.089279582233817E-003 -0.249257007900669     
  -4.51951951951952      -9.134912992262021E-004 -0.250160960501189     
  -4.50950950950951      -8.456509899148212E-004 -0.251014724056666     
  -4.49949949949950      -8.146134391615479E-004 -0.251835764464795     
  -4.48948948948949      -7.991711962863314E-004 -0.252638906376656     
  -4.47947947947948      -7.915477034798292E-004 -0.253432620605737     
  -4.46946946946947      -7.884110617865720E-004 -0.254221900463178     
  -4.45945945945946      -7.882073625043739E-004 -0.255009950592605     
  -4.44944944944945      -7.902559810032362E-004 -0.255799076910650     
  -4.43943943943944      -7.944923369276602E-004 -0.256591222264805     
  -4.42942942942943      -8.016967061623793E-004 -0.257388357061640     
  -4.41941941941942      -8.146447168345754E-004 -0.258192108169471     
  -4.40940940940941      -8.354648728853807E-004 -0.259001583979877     
  -4.39939939939940      -8.722884799796428E-004 -0.259825087676989     
  -4.38938938938939      -9.769246593739919E-004 -0.260652733432338     
  -4.37937937937938      -1.124818589801614E-003 -0.261275367750893     
  -4.36936936936937      -9.606563503252589E-004 -0.261948187871444     
  -4.35935935935936      -8.772464192904393E-004 -0.262796705629037     
  -4.34934934934935      -8.545833608322913E-004 -0.263647147135712     
  -4.33933933933934      -8.533253206058911E-004 -0.264487931462720     
  -4.32932932932933      -8.503672592953250E-004 -0.265320261493232     
  -4.31931931931932      -8.468141547216607E-004 -0.266162697957524     
  -4.30930930930931      -8.482723940801134E-004 -0.267009532471630     
  -4.29929929929930      -8.517390976207510E-004 -0.267859821339014     
  -4.28928928928929      -8.561435433586938E-004 -0.268714322214117     
  -4.27927927927928      -8.611006553656982E-004 -0.269573614996415     
  -4.26926926926927      -8.664394215966888E-004 -0.270438111199637     
  -4.25925925925926      -8.720744770414919E-004 -0.271308125226447     
  -4.24924924924925      -8.779637606541878E-004 -0.272183918377027     
  -4.23923923923924      -8.840941465680555E-004 -0.273065727132318     
  -4.22922922922923      -8.904813873227283E-004 -0.273953786311184     
  -4.21921921921922      -8.971864070647489E-004 -0.274848356083277     
  -4.20920920920921      -9.043700318524263E-004 -0.275749764720584     
  -4.19919919919920      -9.124775963990270E-004 -0.276658480218671     
  -4.18918918918919      -9.229723155327443E-004 -0.277575091479077     
  -4.17917917917918      -9.410373038929881E-004 -0.278497612006568     
  -4.16916916916917      -9.600298735969349E-004 -0.279406968909234     
  -4.15915915915916      -9.578544840632424E-004 -0.280332506906833     
  -4.14914914914915      -9.635789350571476E-004 -0.281266339255431     
  -4.13913913913914      -9.609841361514188E-004 -0.282210793675304     
  -4.12912912912913      -9.634627616765871E-004 -0.283169004242484     
  -4.11911911911912      -9.687251240752724E-004 -0.284133638833593     
  -4.10910910910911      -9.751043559966193E-004 -0.285105779087618     
  -4.09909909909910      -9.823185073272703E-004 -0.286085215848583     
  -4.08908908908909      -9.899620481096957E-004 -0.287072197986003     
  -4.07907907907908      -9.979062211421354E-004 -0.288067007986106     
  -4.06906906906907      -1.006142924516131E-003 -0.289069882718546     
  -4.05905905905906      -1.014802218816991E-003 -0.290080912666976     
  -4.04904904904905      -1.023428769915714E-003 -0.291099795548161     
  -4.03903903903904      -1.031745502843333E-003 -0.292127777412007     
  -4.02902902902903      -1.040505634705155E-003 -0.293164762855240     
  -4.01901901901902      -1.049559707823052E-003 -0.294210732944871     
  -4.00900900900901      -1.058856679606479E-003 -0.295265895968840     
  -3.99899899899900      -1.068399952779253E-003 -0.296330480348415     
  -3.98898898898899      -1.078227851664707E-003 -0.297404728473930     
  -3.97897897897898      -1.088468186925032E-003 -0.298488875468637     
  -3.96896896896897      -1.099350047546307E-003 -0.299582746864760     
  -3.95895895895896      -1.109599649435148E-003 -0.300686424930681     
  -3.94894894894895      -1.119972387028465E-003 -0.301801680605590     
  -3.93893893893894      -1.131018121706713E-003 -0.302928053565339     
  -3.92892892892893      -1.142571571344452E-003 -0.304065758812179     
  -3.91891891891892      -1.154617125692575E-003 -0.305215146305435     
  -3.90890890890891      -1.167098813731521E-003 -0.306376664768280     
  -3.89889889889890      -1.180022115072003E-003 -0.307550974943817     
  -3.88888888888889      -1.193644871472592E-003 -0.308738672824655     
  -3.87887887887888      -1.208055032089256E-003 -0.309940373215587     
  -3.86886886886887      -1.223379474560428E-003 -0.311156890276781     
  -3.85885885885886      -1.239807352610557E-003 -0.312389206789523     
  -3.84884884884885      -1.257598955152821E-003 -0.313638522922270     
  -3.83883883883884      -1.277113633873666E-003 -0.314906333572849     
  -3.82882882882883      -1.298857499634971E-003 -0.316194541215927     
  -3.81881881881882      -1.323562511554502E-003 -0.317505624970659     
  -3.80880880880881      -1.352321817027693E-003 -0.318842902058387     
  -3.79879879879880      -1.386832930481759E-003 -0.320210946684561     
  -3.78878878878879      -1.429863549688834E-003 -0.321616288535415     
  -3.77877877877878      -1.486224063740356E-003 -0.323068629117311     
  -3.76876876876877      -1.565063036823608E-003 -0.324583029708430     
  -3.75875875875876      -1.686343879041979E-003 -0.326183507039531     
  -3.74874874874875      -1.901778234961433E-003 -0.327900515178107     
  -3.73873873873874      -2.271531299608095E-003 -0.329704557077119     
  -3.72872872872873      -2.810561571245939E-003 -0.331824623313652     
  -3.71871871871872      -4.361371081215804E-003 -0.334457177903847     
  -3.70870870870871      -9.046539705206968E-003 -0.336004982999116     
  -3.69869869869870      -1.137950000436142E-002 -0.329414795456858     
  -3.68868868868869      -5.752723613129155E-003 -0.328665994556127     
  -3.67867867867868      -3.616964778307460E-003 -0.331055360610249     
  -3.66866866866867      -2.564127670909989E-003 -0.333331795695039     
  -3.65865865865866      -2.114892666419828E-003 -0.335474746911709     
  -3.64864864864865      -1.911796761446145E-003 -0.337423604063940     
  -3.63863863863864      -1.809016327648093E-003 -0.339255646336888     
  -3.62862862862863      -1.755600893205474E-003 -0.341023232625470     
  -3.61861861861862      -1.729074138553065E-003 -0.342755712799452     
  -3.60860860860861      -1.719118700448984E-003 -0.344474591256794     
  -3.59859859859860      -1.721839007053416E-003 -0.346192177202307     
  -3.58858858858859      -1.734384875382855E-003 -0.347918203984108     
  -3.57857857857858      -1.755770601873620E-003 -0.349661328981838     
  -3.56856856856857      -1.786383590213159E-003 -0.351430039039230     
  -3.55855855855856      -1.828014708416513E-003 -0.353233795625430     
  -3.54854854854855      -1.884409793671481E-003 -0.355084456059451     
  -3.53853853853854      -1.962640374989721E-003 -0.356998420980920     
  -3.52852852852853      -2.076249630981694E-003 -0.359000358494552     
  -3.51851851851852      -2.252924526966170E-003 -0.361130266474692     
  -3.50850850850851      -2.555482438322929E-003 -0.363457565828517     
  -3.49849849849850      -3.149057687914123E-003 -0.366107514793276     
  -3.48848848848849      -4.560951942981892E-003 -0.369268230418472     
  -3.47847847847848      -8.723304125626621E-003 -0.372407698853649     
  -3.46846846846847      -1.507163892709214E-002 -0.367779828758590     
  -3.45845845845846      -1.041961577340639E-002 -0.363024571907157     
  -3.44844844844845      -5.641528404937546E-003 -0.364511000234263     
  -3.43843843843844      -3.613519069259958E-003 -0.367809110453551     
  -3.42842842842843      -2.860401070650869E-003 -0.370729502712156     
  -3.41841841841842      -2.524055048963200E-003 -0.373314932585263     
  -3.40840840840841      -2.353786907745591E-003 -0.375709063344501     
  -3.39839839839840      -2.261976717380640E-003 -0.377995523774736     
  -3.38838838838839      -2.212103778287457E-003 -0.380221504405805     
  -3.37837837837838      -2.186842308235600E-003 -0.382415071757182     
  -3.36836836836837      -2.177155161157026E-003 -0.384593953381890     
  -3.35835835835836      -2.177991835276694E-003 -0.386770012365953     
  -3.34834834834835      -2.186401870260597E-003 -0.388951646007741     
  -3.33833833833834      -2.200656092080545E-003 -0.391145155461998     
  -3.32832832832833      -2.219883641831699E-003 -0.393355576494930     
  -3.31831831831832      -2.244082413509639E-003 -0.395586957352025     
  -3.30830830830831      -2.272797397590690E-003 -0.397842659242231     
  -3.29829829829830      -2.309306554060308E-003 -0.400127869293770     
  -3.28828828828829      -2.354629683176219E-003 -0.402438430170785     
  -3.27827827827828      -2.411618786613803E-003 -0.404791528690591     
  -3.26826826826827      -2.516213806872042E-003 -0.407157678830987     
  -3.25825825825826      -2.614540693849250E-003 -0.409471540777608     
  -3.24824824824825      -2.584659294792638E-003 -0.411844610449432     
  -3.23823823823824      -2.583829078657641E-003 -0.414367122478782     
  -3.22822822822823      -2.642104557796026E-003 -0.416960220256350     
  -3.21821821821822      -2.751585119857875E-003 -0.419631979949267     
  -3.20820820820821      -2.957151784401577E-003 -0.422421299877731     
  -3.19819819819820      -3.434799673043824E-003 -0.425373406297179     
  -3.18818818818819      -4.785011048172705E-003 -0.428159274868891     
  -3.17817817817818      -6.011227669293586E-003 -0.428521213548854     
  -3.16816816816817      -4.172456964234838E-003 -0.430113993078983     
  -3.15815815815816      -3.364221193319620E-003 -0.433247481320137     
  -3.14814814814815      -3.117160827657544E-003 -0.436353936351703     
  -3.13813813813814      -3.039538636255321E-003 -0.439392106853555     
  -3.12812812812813      -3.025412771119024E-003 -0.442409841386695     
  -3.11811811811812      -3.040528857654214E-003 -0.445436956021182     
  -3.10810810810811      -3.071644343940695E-003 -0.448490842537605     
  -3.09809809809810      -3.113059376131564E-003 -0.451582604989727     
  -3.08808808808809      -3.162416015631047E-003 -0.454720320113681     
  -3.07807807807808      -3.219491891127593E-003 -0.457910896785521     
  -3.06806806806807      -3.286843265841358E-003 -0.461161486755818     
  -3.05805805805806      -3.374478586705627E-003 -0.464480465943658     
  -3.04804804804805      -3.520591704410954E-003 -0.467866722606232     
  -3.03803803803804      -3.762034543252843E-003 -0.471170800886949     
  -3.02802802802803      -3.738101595052436E-003 -0.474466815293234     
  -3.01801801801802      -3.739371673687336E-003 -0.477972977743868     
  -3.00800800800801      -3.727950302587068E-003 -0.481595409815043     
  -2.99799799799800      -3.770334052586669E-003 -0.485324435187270     
  -2.98798798798799      -3.839097617653640E-003 -0.489125561008623     
  -2.97797797797798      -3.919914722644505E-003 -0.493004947044504     
  -2.96796796796797      -4.008921668562627E-003 -0.496970179221379     
  -2.95795795795796      -4.105258391284759E-003 -0.501028243732132     
  -2.94794794794795      -4.209306723843004E-003 -0.505186243360798     
  -2.93793793793794      -4.322436520832649E-003 -0.509452086558742     
  -2.92792792792793      -4.447642939870797E-003 -0.513835238632189     
  -2.91791791791792      -4.592403949822642E-003 -0.518347290804707     
  -2.90790790790791      -4.779422264744338E-003 -0.522993623043337     
  -2.89789789789790      -4.995061674484776E-003 -0.527713591831652     
  -2.88788788788789      -5.137484042171746E-003 -0.532642927283010     
  -2.87787787787788      -5.380601453262598E-003 -0.537836341695454     
  -2.86786786786787      -5.771305783366732E-003 -0.543240811615545     
  -2.85785785785786      -6.302433806567786E-003 -0.548894367775445     
  -2.84784784784785      -7.029226548030060E-003 -0.554926467193773     
  -2.83783783783784      -8.625573556115231E-003 -0.561790081760020     
  -2.82782782782783      -1.321439828086968E-002 -0.568779750139107     
  -2.81781781781782      -2.097318990926922E-002 -0.567085435000060     
  -2.80780780780781      -1.363433615912481E-002 -0.565229131448632     
  -2.79779779779780      -9.215103149550296E-003 -0.572793338670673     
  -2.78778778778779      -7.890084468899059E-003 -0.580575313502835     
  -2.77777777777778      -7.500118589102200E-003 -0.588030649204522     
  -2.76776776776777      -7.504900902999520E-003 -0.595361116812928     
  -2.75775775775776      -7.666951458366141E-003 -0.602552505931053     
  -2.74774774774775      -7.719509822374852E-003 -0.609939835362566     
  -2.73773773773774      -7.879404712821317E-003 -0.617541322216001     
  -2.72772772772773      -8.048389493147319E-003 -0.625410490989855     
  -2.71771771771772      -8.292993010480657E-003 -0.633559232521503     
  -2.70770770770771      -8.585992185927602E-003 -0.641990009471786     
  -2.69769769769770      -8.915693722085607E-003 -0.650735045676395     
  -2.68768768768769      -9.279628490549200E-003 -0.659827479216215     
  -2.67767767767768      -9.678454595397181E-003 -0.669301047904308     
  -2.66766766766767      -1.011441637075802E-002 -0.679191286560119     
  -2.65765765765766      -1.059080321697770E-002 -0.689536588048325     
  -2.64764764764765      -1.111185876982425E-002 -0.700379142256406     
  -2.63763763763764      -1.168280763518006E-002 -0.711765849188036     
  -2.62762762762763      -1.230996828898109E-002 -0.723749323650610     
  -2.61761761761762      -1.300093963380423E-002 -0.736389052923940     
  -2.60760760760761      -1.376486439549250E-002 -0.749752775533713     
  -2.59759759759760      -1.461278528717778E-002 -0.763918161061694     
  -2.58758758758759      -1.555812185846819E-002 -0.778974892335704     
  -2.57757757757758      -1.661731107815363E-002 -0.795027284848114     
  -2.56756756756757      -1.781067651921686E-002 -0.812197628546972     
  -2.55755755755756      -1.916362452194262E-002 -0.830630512462709     
  -2.54754754754755      -2.070831926005411E-002 -0.850498506865864     
  -2.53753753753754      -2.248607728448351E-002 -0.872009754401155     
  -2.52752752752753      -2.455087464175737E-002 -0.895418301939505     
  -2.51751751751752      -2.697463528140633E-002 -0.921038461685156     
  -2.50750750750751      -2.985550594290867E-002 -0.949265249382911     
  -2.49749749749750      -3.333148459077365E-002 -0.980604112855867     
  -2.48748748748749      -3.760353232634556E-002  -1.01571346135844     
  -2.47747747747748      -4.296151289706939E-002  -1.05547477095281     
  -2.46746746746747      -4.988354930303267E-002  -1.10113538267186     
  -2.45745745745746      -5.919556275027120E-002  -1.15445996216287     
  -2.44744744744745      -7.243451984345478E-002  -1.21809090598932     
  -2.43743743743744      -9.268907488693802E-002  -1.29614227294901     
  -2.42742742742743      -0.128098703971155       -1.39543448304355     
  -2.41741741741742      -0.201810102721430       -1.51872525290796     
  -2.40740740740741      -0.345531767310836       -1.63980905004127     
  -2.39739739739740      -0.545928657416512       -1.68393956671685     
  -2.38738738738739      -0.722672525634763       -1.66465491297869     
  -2.37737737737738      -0.875133383536219       -1.61720867247154     
  -2.36736736736737       -1.00709011028264       -1.55439287127889     
  -2.35735735735736       -1.12389531844499       -1.48204235187317     
  -2.34734734734735       -1.22904256424240       -1.40217335295187     
  -2.33733733733734       -1.32462580929400       -1.31549018927486     
  -2.32732732732733       -1.41191360600756       -1.22210834602598     
  -2.31731731731732       -1.49160670293148       -1.12179702859032     
  -2.30730730730731       -1.56394473354544       -1.01407033505957     
  -2.29729729729730       -1.62877915800991      -0.898294847240184     
  -2.28728728728729       -1.68558775506633      -0.773654979740638     
  -2.27727727727728       -1.73340691860234      -0.639162267255010     
  -2.26726726726727       -1.77071934435802      -0.493653953083886     
  -2.25725725725726       -1.79526575817739      -0.335802890234678     
  -2.24724724724725       -1.80373564234365      -0.164158196631423     
  -2.23723723723724       -1.79125827837505       2.273052077831902E-002
  -2.22722722722723       -1.75053977339146       0.225978145862310     
  -2.21721721721722       -1.67033912812743       0.445467080017699     
  -2.20720720720721       -1.53267832079448       0.677289906696858     
  -2.19719719719720       -1.30802090803718       0.905461791197029     
  -2.18718718718719      -0.955094022507791        1.07086035836804     
  -2.17717717717718      -0.525935417419910        1.01322566451351     
  -2.16716716716717      -0.281887633810549       0.783004516217601     
  -2.15715715715716      -0.180961112625741       0.591070478018926     
  -2.14714714714715      -0.130549280513583       0.448666018978096     
  -2.13713713713714      -0.100947069144313       0.338861877835313     
  -2.12712712712713      -8.169314159550807E-002  0.250668602235338     
  -2.11711711711712      -6.829863425805746E-002  0.177508132578117     
  -2.10710710710711      -5.854221475659870E-002  0.115255092412901     
  -2.09709709709710      -5.121776633733484E-002  6.117389953496909E-002
  -2.08708708708709      -4.565621419166369E-002  1.335078975838354E-002
  -2.07707707707708      -4.160336271023886E-002 -2.959710774887789E-002
  -2.06706706706707      -3.933592625476542E-002 -6.813800487128482E-002
  -2.05705705705706      -3.660657985477864E-002 -0.101769508864760     
  -2.04704704704705      -3.371627634772151E-002 -0.134934448874236     
  -2.03703703703704      -3.348575725011927E-002 -0.166758328319941     
  -2.02702702702703      -3.835555273453831E-002 -0.194467848640354     
  -2.01701701701702      -3.780767853907875E-002 -0.209460519009682     
  -2.00700700700701      -2.913485198446899E-002 -0.233088253317714     
  -1.99699699699700      -2.542161699754656E-002 -0.258632196985016     
  -1.98698698698699      -2.354447106053034E-002 -0.282669474498912     
  -1.97697697697698      -2.233353312442786E-002 -0.305436948817947     
  -1.96696696696697      -2.145090295183107E-002 -0.327244369903855     
  -1.95695695695696      -2.077244272423738E-002 -0.348305894904585     
  -1.94694694694695      -2.024082729692540E-002 -0.368779100819888     
  -1.93693693693694      -1.982533442902467E-002 -0.388788146904928     
  -1.92692692692693      -1.950741740125894E-002 -0.408436366709179     
  -1.91691691691692      -1.927497804016168E-002 -0.427813279339251     
  -1.90690690690691      -1.911962926998827E-002 -0.446998983037354     
  -1.89689689689690      -1.903559932763651E-002 -0.466066901751114     
  -1.88688688688689      -1.901889792989311E-002 -0.485085758261069     
  -1.87687687687688      -1.906694769306300E-002 -0.504121124019510     
  -1.86686686686687      -1.917834975028355E-002 -0.523236655982521     
  -1.85685685685686      -1.935274948326077E-002 -0.542495173947881     
  -1.84684684684685      -1.959077115530830E-002 -0.561959648521154     
  -1.83683683683684      -1.989400461144890E-002 -0.581694154475258     
  -1.82682682682683      -2.026503697302311E-002 -0.601764834771584     
  -1.81681681681682      -2.070752916432417E-002 -0.622240917240647     
  -1.80680680680681      -2.122634555396371E-002 -0.643195827044673     
  -1.79679679679680      -2.182776797045371E-002 -0.664708434586636     
  -1.78678678678679      -2.251987396815319E-002 -0.686864333285882     
  -1.77677677677678      -2.331184409978578E-002 -0.709756932430293     
  -1.76676676676677      -2.421500469540456E-002 -0.733492894845269     
  -1.75675675675676      -2.524538395646057E-002 -0.758190180021461     
  -1.74674674674675      -2.642181062363583E-002 -0.783983897319160     
  -1.73673673673674      -2.776813765550015E-002 -0.811029342949455     
  -1.72672672672673      -2.931444609076862E-002 -0.839508312277313     
  -1.71671671671672      -3.109970962866606E-002 -0.869636157547102     
  -1.70670670670671      -3.317513091725145E-002 -0.901671641502954     
  -1.69669669669670      -3.560930895088264E-002 -0.935930782292405     
  -1.68668668668669      -3.849643798386347E-002 -0.972806695662411     
  -1.67667667667668      -4.196988414010139E-002  -1.01279892850938     
  -1.66666666666667      -4.622602616301242E-002  -1.05655842314341     
  -1.65665665665666      -5.156971750647302E-002  -1.10495924903335     
  -1.64664664664665      -5.851261707637714E-002  -1.15921607242915     
  -1.63663663663664      -6.802684110190091E-002  -1.22104551352882     
  -1.62662662662663      -8.191568750140031E-002  -1.29245265835320     
  -1.61661661661662      -0.101951768676632       -1.37756418182764     
  -1.60660660660661      -0.138122856871281       -1.48381126154941     
  -1.59659659659660      -0.215030522288785       -1.61274850452581     
  -1.58658658658659      -0.367160321221849       -1.71887249876340     
  -1.57657657657658      -0.536130354488017       -1.74693163806136     
  -1.56656656656657      -0.677602618439835       -1.73418803831019     
  -1.55655655655656      -0.795784222893053       -1.70549133746817     
  -1.54654654654655      -0.896948003660407       -1.66952887344810     
  -1.53653653653654      -0.985594411156285       -1.62984898562995     
  -1.52652652652653       -1.06462084527856       -1.58801944526686     
  -1.51651651651652       -1.13595396898636       -1.54484510329201     
  -1.50650650650651       -1.20094241365705       -1.50078259117832     
  -1.49649649649650       -1.26057137965121       -1.45610858308461     
  -1.48648648648649       -1.31558545331481       -1.41099825174901     
  -1.47647647647648       -1.36656288494395       -1.36556564579998     
  -1.46646646646647       -1.41396274094727       -1.31988605817047     
  -1.45645645645646       -1.45815608675151       -1.27400913957880     
  -1.44644644644645       -1.49944733218082       -1.22796692658979     
  -1.43643643643644       -1.53808927407181       -1.18177890892471     
  -1.42642642642643       -1.57429395870349       -1.13545527305491     
  -1.41641641641642       -1.60824068128739       -1.08899894440335     
  -1.40640640640641       -1.64008195666127       -1.04240675459668     
  -1.39639639639640       -1.66994798235316      -0.995669857160855     
  -1.38638638638639       -1.69794987544962      -0.948773321039972     
  -1.37637637637638       -1.72418167360809      -0.901694537764885     
  -1.36636636636637       -1.74872045270289      -0.854399543206240     
  -1.35635635635636       -1.77162150290118      -0.806835259422764     
  -1.34634634634635       -1.79289343319422      -0.758919717796138     
  -1.33633633633634       -1.81247127246306      -0.710622261669092     
  -1.32632632632633       -1.83047139768366      -0.661683949060131     
  -1.31631631631632       -1.84602571275365      -0.611376996237572     
  -1.30630630630631       -1.85584538857727      -0.559939689515252     
  -1.29629629629630       -1.85819172898822      -0.520401849105764     
  -1.28628628628629       -1.87908497436120      -0.483220560040728     
  -1.27627627627628       -1.89669606397405      -0.434066431774805     
  -1.26626626626627       -1.90938285752600      -0.383842739560384     
  -1.25625625625626       -1.91952082205408      -0.333721234911115     
  -1.24624624624625       -1.92786061866309      -0.283616855407086     
  -1.23623623623624       -1.93465997333350      -0.233409388118171     
  -1.22622622622623       -1.94001857370678      -0.183015610628561     
  -1.21621621621622       -1.94397434889142      -0.132378120415975     
  -1.20620620620621       -1.94653587198090      -8.145446382956635E-002
  -1.19619619619620       -1.94769452919304      -3.021075726577143E-002
  -1.18618618618619       -1.94742841759953       2.138050844810662E-002
  -1.17617617617618       -1.94571195575856       7.333464674934455E-002
  -1.16616616616617       -1.94252091806977       0.125687437951897     
  -1.15615615615616       -1.93780479022214       0.178458440413475     
  -1.14614614614615       -1.93151078772919       0.231678364559372     
  -1.13613613613614       -1.92357588556982       0.285361680052570     
  -1.12612612612613       -1.91393238741476       0.339528767438667     
  -1.11611611611612       -1.90250354299215       0.394199155962502     
  -1.10610610610611       -1.88920147935823       0.449393436810204     
  -1.09609609609610       -1.87392571219323       0.505131855773765     
  -1.08608608608609       -1.85656178033233       0.561434069714537     
  -1.07607607607608       -1.83697923836152       0.618318924785671     
  -1.06606606606607       -1.81502909677378       0.675804103919443     
  -1.05605605605606       -1.79054061707177       0.733905608465600     
  -1.04604604604605       -1.76331728423850       0.792637020054749     
  -1.03603603603604       -1.73313169741720       0.852008456568932     
  -1.02602602602603       -1.69971900861594       0.912025088682181     
  -1.01601601601602       -1.66276837434326       0.972685008737759     
  -1.00600600600601       -1.62191163047792        1.03397612019383     
 -0.995995995995996       -1.57670799571125        1.09587150361725     
 -0.985985985985986       -1.52662294272857        1.15832233512920     
 -0.975975975975976       -1.47099823907087        1.22124671923902     
 -0.965965965965966       -1.40900813188772        1.28451137710042     
 -0.955955955955956       -1.33959284544573        1.34790008655006     
 -0.945945945945946       -1.26135299485277        1.41105555646513     
 -0.935935935935936       -1.17237262065295        1.47336164351709     
 -0.925925925925926       -1.06990938411246        1.53366325741648     
 -0.915915915915916      -0.949996969541512        1.58945477211085     
 -0.905905905905906      -0.807704396080304        1.63613839572450     
 -0.895895895895896      -0.632835967452641        1.66319666508176     
 -0.885885885885886      -0.418974271255394        1.63383236258567     
 -0.875875875875876      -0.236525455350334        1.49854478884565     
 -0.865865865865866      -0.152682105881472        1.34644041584415     
 -0.855855855855856      -0.113505181527946        1.22651601969371     
 -0.845845845845846      -9.046198600457836E-002   1.13034076903638     
 -0.835835835835836      -7.541490770396526E-002   1.05031724708651     
 -0.825825825825826      -6.477941173359957E-002  0.981709385204437     
 -0.815815815815816      -5.691172181513435E-002  0.921726599038500     
 -0.805805805805806      -5.083062813305077E-002  0.868416989591909     
 -0.795795795795796      -4.598430539543514E-002  0.820397537069614     
 -0.785785785785786      -4.203439449732369E-002  0.776667137394655     
 -0.775775775775776      -3.875970495749523E-002  0.736476698296834     
 -0.765765765765765      -3.600890669830057E-002  0.699249111486996     
 -0.755755755755755      -3.367482827042578E-002  0.664528511166733     
 -0.745745745745745      -3.167950390307336E-002  0.631946833890896     
 -0.735735735735735      -2.996502293205693E-002  0.601200988315737     
 -0.725725725725725      -2.848770581583032E-002  0.572036766972720     
 -0.715715715715715      -2.721428188239905E-002  0.544237172623555     
 -0.705705705705705      -2.611932286122227E-002  0.517613704666816     
 -0.695695695695695      -2.518349529291992E-002  0.491999663472260     
 -0.685685685685685      -2.439236838831297E-002  0.467244840066131     
 -0.675675675675675      -2.373561597780065E-002  0.443211149228939     
 -0.665665665665665      -2.320651438049300E-002  0.419768881895976     
 -0.655655655655655      -2.280167980143512E-002  0.396793323531010     
 -0.645645645645645      -2.252101929962746E-002  0.374161523093995     
 -0.635635635635635      -2.236789492703208E-002  0.351749009457299     
 -0.625625625625625      -2.234952631617424E-002  0.329426240732038     
 -0.615615615615615      -2.247768779229176E-002  0.307054534615170     
 -0.605605605605605      -2.276979846059569E-002  0.284481157184020     
 -0.595595595595595      -2.325056759906825E-002  0.261533129062225     
 -0.585585585585585      -2.395445995635564E-002  0.238009115653322     
 -0.575575575575575      -2.492941672624521E-002  0.213668456526166     
 -0.565565565565565      -2.624256580158515E-002  0.188215876515855     
 -0.555555555555555      -2.798919360292582E-002  0.161279558403064     
 -0.545545545545545      -3.030726692111156E-002  0.132378761934754     
 -0.535535535535535      -3.340180358323504E-002  0.100874492948206     
 -0.525525525525525      -3.758759693255963E-002  6.589173050835256E-002
 -0.515515515515515      -4.336821908257659E-002  2.619203316822799E-002
 -0.505505505505505      -5.159210280302863E-002 -2.004379857884530E-002
 -0.495495495495495      -6.378064115232862E-002 -7.559953500200255E-002
 -0.485485485485485      -8.288642003399305E-002 -0.144983743139040     
 -0.475475475475475      -0.115429126377447      -0.235859428521414     
 -0.465465465465465      -0.178165788758207      -0.361560478237144     
 -0.455455455455455      -0.323801761862570      -0.538583688857942     
 -0.445445445445445      -0.696057593742554      -0.685327539291626     
 -0.435435435435435       -1.17404022360607      -0.472104500049789     
 -0.425425425425425       -1.40173646365112      -3.162700902559389E-002
 -0.415415415415415       -1.39323836699765       0.421495591828594     
 -0.405405405405405       -1.20054185966787       0.812167216607484     
 -0.395395395395395      -0.843498521790616        1.06943989284183     
 -0.385385385385385      -0.431839159251315        1.05621052183502     
 -0.375375375375375      -0.217035357185590       0.881607763543270     
 -0.365365365365365      -0.131312218120921       0.741977272487961     
 -0.355355355355355      -9.003764557858228E-002  0.642989393768217     
 -0.345345345345345      -6.679305231293135E-002  0.569685006106101     
 -0.335335335335335      -5.228355793049750E-002  0.512762217415824     
 -0.325325325325325      -4.255984388908189E-002  0.466825642469168     
 -0.315315315315315      -3.569613061010964E-002  0.428605291771062     
 -0.305305305305305      -3.065515365156863E-002  0.396015509224837     
 -0.295295295295295      -2.683498939871188E-002  0.367664837689888     
 -0.285285285285285      -2.386553238319706E-002  0.342589040918287     
 -0.275275275275275      -2.150843929652898E-002  0.320098206964629     
 -0.265265265265265      -1.960429622302321E-002  0.299685081504243     
 -0.255255255255255      -1.804306015882799E-002  0.280967862715272     
 -0.245245245245245      -1.674671236354807E-002  0.263653237735095     
 -0.235235235235235      -1.565866128903718E-002  0.247511763120608     
 -0.225225225225225      -1.473704383203796E-002  0.232361024474489     
 -0.215215215215215      -1.395036490525902E-002  0.218053841371319     
 -0.205205205205205      -1.327458678673018E-002  0.204469827588042     
 -0.195195195195195      -1.269114441373136E-002  0.191509231612286     
 -0.185185185185185      -1.218556868658684E-002  0.179088355202518     
 -0.175175175175175      -1.174652035586046E-002  0.167136079227269     
 -0.165165165165165      -1.136511029323346E-002  0.155591172186597     
 -0.155155155155155      -1.103442864842691E-002  0.144400149527771     
 -0.145145145145145      -1.074923770189008E-002  0.133515509091500     
 -0.135135135135135      -1.050580932844593E-002  0.122894199132485     
 -0.125125125125125      -1.030191538375259E-002  0.112496183217806     
 -0.115115115115115      -1.013701853601330E-002  0.102282946857994     
 -0.105105105105105      -1.001278291857779E-002  9.221572906446159E-002
 -9.509509509509506E-002 -9.934178452657557E-003  8.225312150017008E-002
 -8.508508508508505E-002 -9.911825333982563E-003  7.234737291023785E-002
 -7.507507507507505E-002 -9.967227254390882E-003  6.243806869990564E-002
 -6.506506506506504E-002 -1.014557888112186E-002  5.244041260533464E-002
 -5.505505505505504E-002 -1.055110954898076E-002  4.222259977355504E-002
 -4.504504504504503E-002 -1.146461954825771E-002  3.156603930018748E-002
 -3.503503503503502E-002 -1.381529947251840E-002  2.021693744326266E-002
 -2.502502502502502E-002 -2.059298647361744E-002  1.002886055132182E-002
 -1.501501501501501E-002 -2.469038389824129E-002  9.548375022569788E-003
 -5.005005005005003E-003 -2.350641818431079E-002  2.706718811646026E-003
  5.005005005005003E-003 -2.353111706436449E-002 -2.379912241232844E-003
  1.501501501501501E-002 -2.505518045146979E-002 -8.934083977649873E-003
  2.502502502502502E-002 -2.039486130675051E-002 -9.390533872782634E-003
  3.503503503503502E-002 -1.374006008308727E-002 -1.977561783296636E-002
  4.504504504504503E-002 -1.144706454701332E-002 -3.112835479319748E-002
  5.505505505505504E-002 -1.055206670978960E-002 -4.178569866275558E-002
  6.506506506506504E-002 -1.015518407938997E-002 -5.201106636747605E-002
  7.507507507507505E-002 -9.982737779889119E-003 -6.202191733626975E-002
  8.508508508508505E-002 -9.932574380724033E-003 -7.194944864247380E-002
  9.509509509509506E-002 -9.960316446582660E-003 -8.187850214684496E-002
  0.105105105105105      -1.004489411914483E-002 -9.186995152399399E-002
  0.115115115115115      -1.017600576709567E-002 -0.101972315920958     
  0.125125125125125      -1.034898340772243E-002 -0.112228054377531     
  0.135135135135135      -1.056249557168649E-002 -0.122677280550558     
  0.145145145145145      -1.081747523020025E-002 -0.133360213436197     
  0.155155155155155      -1.111663974379270E-002 -0.144319023285240     
  0.165165165165165      -1.146433582973758E-002 -0.155599433271834     
  0.175175175175175      -1.186659555001978E-002 -0.167252301710811     
  0.185185185185185      -1.233136189665811E-002 -0.179335352981917     
  0.195195195195195      -1.286888402772054E-002 -0.191915212444982     
  0.205205205205205      -1.349231367161360E-002 -0.205069917991061     
  0.215215215215215      -1.421856711182074E-002 -0.218892126368829     
  0.225225225225225      -1.506956079322498E-002 -0.233493312067746     
  0.235235235235235      -1.607399451686988E-002 -0.249009385025150     
  0.245245245245245      -1.726996289221050E-002 -0.265608358065549     
  0.255255255255255      -1.870885627519177E-002 -0.283501024419599     
  0.265265265265265      -2.046132975503037E-002 -0.302956147294252     
  0.275275275275275      -2.262669837017738E-002 -0.324322578333655     
  0.285285285285285      -2.534822135895333E-002 -0.348062316803953     
  0.295295295295295      -2.883894820144834E-002 -0.374801403923478     
  0.305305305305305      -3.342747840163272E-002 -0.405410970810048     
  0.315315315315315      -3.964358399546661E-002 -0.441141427755880     
  0.325325325325325      -4.838967495826003E-002 -0.483854765933156     
  0.335335335335335      -6.131475673254249E-002 -0.536447110205546     
  0.345345345345345      -8.172496609658142E-002 -0.603655070220081     
  0.355355355355355      -0.117147589607360      -0.693611740513409     
  0.365365365365365      -0.188029666849410      -0.820053804369971     
  0.375375375375375      -0.360612317027936      -0.990658672649582     
  0.385385385385385      -0.745230228085337       -1.06284864428001     
  0.395395395395395       -1.13704348025392      -0.837492980003453     
  0.405405405405405       -1.35575725287513      -0.442558685891186     
  0.415415415415415       -1.37025519928714       2.587729404313819E-002
  0.425425425425425       -1.12490848907600       0.473491107682177     
  0.435435435435435      -0.634050787667754       0.652936741084637     
  0.445445445445445      -0.294879136196836       0.491936872842067     
  0.455455455455455      -0.164968362023252       0.324640025561514     
  0.465465465465465      -0.107933739893205       0.206808957382555     
  0.475475475475475      -7.797792816524948E-002  0.121337343425720     
  0.485485485485485      -6.026820940776883E-002  5.583215808234340E-002
  0.495495495495495      -4.892590793161753E-002  3.197981966755284E-003
  0.505505505505505      -4.125686161442437E-002 -4.074009574525205E-002
  0.515515515515515      -3.585996356063002E-002 -7.857447576052626E-002
  0.525525525525525      -3.195084681018896E-002 -0.112002496490285     
  0.535535535535535      -2.906204082526251E-002 -0.142181847779336     
  0.545545545545545      -2.690048207631208E-002 -0.169931850327567     
  0.555555555555555      -2.527491560612518E-002 -0.195851659032573     
  0.565565565565565      -2.405644739475610E-002 -0.220392597899009     
  0.575575575575575      -2.315596387999589E-002 -0.243904133900235     
  0.585585585585585      -2.251064060471664E-002 -0.266664103338785     
  0.595595595595595      -2.207558931663601E-002 -0.288899206703956     
  0.605605605605605      -2.181853242343259E-002 -0.310799313418762     
  0.615615615615615      -2.171632752623545E-002 -0.332527734175135     
  0.625625625625625      -2.175266149188814E-002 -0.354228818280254     
  0.635635635635635      -2.191650890097681E-002 -0.376033757013802     
  0.645645645645645      -2.220110829532714E-002 -0.398065183743836     
  0.655655655655655      -2.260330450922734E-002 -0.420440982073261     
  0.665665665665665      -2.312316460517385E-002 -0.443277602245933     
  0.675675675675675      -2.376381411165575E-002 -0.466693119314675     
  0.685685685685685      -2.453146850904240E-002 -0.490810230577976     
  0.695695695695695      -2.543565811037006E-002 -0.515759377464075     
  0.705705705705705      -2.648966709170753E-002 -0.541682185873117     
  0.715715715715715      -2.771123374296347E-002 -0.568735450356332     
  0.725725725725725      -2.912359441006933E-002 -0.597095947056584     
  0.735735735735735      -3.075700621861528E-002 -0.626966459550392     
  0.745745745745745      -3.265096731440265E-002 -0.658583561409043     
  0.755755755755755      -3.485749318405616E-002 -0.692227956305775     
  0.765765765765765      -3.744605203668160E-002 -0.728238597114078     
  0.775775775775776      -4.051120944954632E-002 -0.767032512208721     
  0.785785785785786      -4.418489387015867E-002 -0.809133494974493     
  0.795795795795796      -4.865695849576913E-002 -0.855215029794926     
  0.805805805805806      -5.421161783851444E-002 -0.906167001052557     
  0.815815815815816      -6.129692345175273E-002 -0.963203814779510     
  0.825825825825826      -7.067160226287111E-002  -1.02804571500141     
  0.835835835835836      -8.374880905141731E-002  -1.10319593221780     
  0.845845845845846      -0.103132416536305       -1.19237883684083     
  0.855855855855856      -0.135084964315800       -1.30192085098946     
  0.865865865865866      -0.196332873268705       -1.44070390567064     
  0.875875875875876      -0.337499096814373       -1.59516766958480     
  0.885885885885886      -0.553153645311283       -1.66392689890975     
  0.895895895895896      -0.742430630872442       -1.65289576797717     
  0.905905905905906      -0.895953610371650       -1.61211371706292     
  0.915915915915916       -1.02332639203430       -1.55900201261734     
  0.925925925925926       -1.13137021576609       -1.50034093112866     
  0.935935935935936       -1.22478570261812       -1.43908859166833     
  0.945945945945946       -1.30667481823758       -1.37664204007219     
  0.955955955955956       -1.37917599769746       -1.31374896186814     
  0.965965965965966       -1.44383345115732       -1.25084013744260     
  0.975975975975976       -1.50180494841734       -1.18817544746643     
  0.985985985985986       -1.55398497975608       -1.12591558970990     
  0.995995995995996       -1.60108153861979       -1.06416052114778     
   1.00600600600601       -1.64366617962394       -1.00297145814297     
   1.01601601601602       -1.68220790614740      -0.942384125312062     
   1.02602602602603       -1.71709685297683      -0.882417066853032     
   1.03603603603604       -1.74866129225148      -0.823077036701673     
   1.04604604604605       -1.77718013301217      -0.764362590663827     
   1.05605605605606       -1.80289229556361      -0.706266533934320     
   1.06606606606607       -1.82600386610560      -0.648777618317449     
   1.07607607607608       -1.84669364072262      -0.591881734508957     
   1.08608608608609       -1.86511747760150      -0.535562755854062     
   1.09609609609610       -1.88141175045772      -0.479803134731365     
   1.10610610610611       -1.89569610892449      -0.424584316478259     
   1.11611611611612       -1.90807568223552      -0.369887009577423     
   1.12612612612613       -1.91864276701318      -0.315691344369279     
   1.13613613613614       -1.92747783435758      -0.261977235821489     
   1.14614614614615       -1.93465180211043      -0.208725912830037     
   1.15615615615616       -1.94022564273675      -0.155917604651422     
   1.16616616616617       -1.94426151231153      -0.103535192427512     
   1.17617617617618       -1.94680221346193      -5.155074414868787E-002
   1.18618618618619       -1.94789419982379       6.506930886509035E-005
   1.19619619619620       -1.94755247752539       5.133999752848675E-002
   1.20620620620621       -1.94579964979142       0.102296394835500     
   1.21621621621622       -1.94264604754898       0.152969478019290     
   1.22622622622623       -1.93808177451582       0.203405187981619     
   1.23623623623624       -1.93206174289183       0.253667389194858     
   1.24624624624625       -1.92446255210637       0.303850728590557     
   1.25625625625626       -1.91494618175963       0.354087539182250     
   1.26626626626627       -1.90246088206714       0.404369592521777     
   1.27627627627628       -1.88400198496411       0.451935504519416     
   1.28628628628629       -1.86980791208361       0.485436107472270     
   1.29629629629630       -1.86785653871767       0.531530025169541     
   1.30630630630631       -1.85673048868228       0.582701991422115     
   1.31631631631632       -1.84159932670392       0.632462872751647     
   1.32632632632633       -1.82442980980499       0.681106329334905     
   1.33633633633634       -1.80577500035899       0.729233352249782     
   1.34634634634635       -1.78550060147006       0.777017224079582     
   1.35635635635636       -1.76365516438845       0.824482692311378     
   1.36636636636637       -1.74022474184868       0.871697224472223     
   1.37637637637638       -1.71515787085039       0.918705880992897     
   1.38638638638639       -1.68838452816780       0.965538602972506     
   1.39639639639640       -1.65981975342517        1.01221616377912     
   1.40640640640641       -1.62936341632810        1.05875304007328     
   1.41641641641642       -1.59689848791966        1.10515866773091     
   1.42642642642643       -1.56228830982125        1.15143777609093     
   1.43643643643644       -1.52537286743165        1.19759007633967     
   1.44644644644645       -1.48596385375729        1.24360936615110     
   1.45645645645646       -1.44383812852780        1.28948197003933     
   1.46646646646647       -1.39872894882913        1.33518428773447     
   1.47647647647648       -1.35031400434246        1.38067902712648     
   1.48648648648649       -1.29819872525745        1.42590935717982     
   1.49649649649650       -1.24189237486133        1.47078959587710     
   1.50650650650651       -1.18077271569163        1.51518980711990     
   1.51651651651652       -1.11403179723644        1.55890900902849     
   1.52652652652653       -1.04058896242206        1.60162538391394     
   1.53653653653654      -0.958943679605357        1.64279494103673     
   1.54654654654655      -0.866913918946928        1.68141544044653     
   1.55655655655656      -0.761216896373330        1.71536131872356     
   1.56656656656657      -0.637479767860327        1.74001437526600     
   1.57657657657658      -0.488389912830433        1.74450006343795     
   1.58658658658659      -0.316414372063200        1.69780999377059     
   1.59659659659660      -0.183097328678854        1.57421544794774     
   1.60660660660661      -0.123657181345610        1.44944629733218     
   1.61661661661662      -9.458847807574117E-002   1.35033445258641     
   1.62662662662663      -7.741834536754759E-002   1.27039502548864     
   1.63663663663664      -6.489937060407620E-002   1.20248668075654     
   1.64664664664665      -5.620794556367704E-002   1.14320634503227     
   1.65665665665666      -4.979399375806405E-002   1.09089976253228     
   1.66666666666667      -4.481176142342060E-002   1.04404120726748     
   1.67667667667668      -4.081453535000949E-002   1.00153354888451     
   1.68668668668669      -3.753349328058413E-002  0.962578771068484     
   1.69669669669670      -3.479359484676356E-002  0.926577325183668     
   1.70670670670671      -3.247479919603710E-002  0.893065683344936     
   1.71671671671672      -3.049160384603537E-002  0.861676760028714     
   1.72672672672673      -2.878128873899972E-002  0.832113844895083     
   1.73673673673674      -2.729675157352290E-002  0.804132819920550     
   1.74674674674675      -2.600195592814103E-002  0.777529658479679     
   1.75675675675676      -2.486896673026578E-002  0.752131487254658     
   1.76676676676677      -2.387551175270355E-002  0.727790053569589     
   1.77677677677678      -2.300410329806990E-002  0.704376157900310     
   1.78678678678679      -2.223936853157436E-002  0.681776392684835     
   1.79679679679680      -2.157099682140902E-002  0.659888003584021     
   1.80680680680681      -2.099028893762334E-002  0.638620898132708     
   1.81681681681682      -2.048963182221071E-002  0.617892210989531     
   1.82682682682683      -2.006312173311432E-002  0.597625405470553     
   1.83683683683684      -1.970620286197813E-002  0.577749056108619     
   1.84684684684685      -1.941547025072774E-002  0.558195658377504     
   1.85685685685686      -1.918855317099975E-002  0.538900561178620     
   1.86686686686687      -1.902404982324055E-002  0.519800983726574     
   1.87687687687688      -1.892150661189145E-002  0.500835074660144     
   1.88688688688689      -1.888144400216090E-002  0.481940970998394     
   1.89689689689690      -1.890543902971410E-002  0.463055809468964     
   1.90690690690691      -1.899628733783142E-002  0.444114631665411     
   1.91691691691692      -1.915827039126402E-002  0.425049119856946     
   1.92692692692693      -1.939756080966746E-002  0.405785792763461     
   1.93693693693694      -1.972355867421780E-002  0.386244145079451     
   1.94694694694695      -2.014977854907396E-002  0.366333295786508     
   1.95695695695696      -2.069793583491466E-002  0.345946895723109     
   1.96696696696697      -2.140558741881973E-002  0.324954058578954     
   1.97697697697698      -2.234878378391932E-002  0.303183225089526     
   1.98698698698699      -2.370920894727266E-002  0.280392729342372     
   1.99699699699700      -2.603440034483633E-002  0.256255650017296     
   2.00700700700701      -3.129383108672054E-002  0.231050699105106     
   2.01701701701702      -4.004117761001311E-002  0.212855008421852     
   2.02702702702703      -3.471542462779636E-002  0.194224934691793     
   2.03703703703704      -3.236601522636490E-002  0.164888143653529     
   2.04704704704705      -3.378773631117900E-002  0.134258101408541     
   2.05705705705706      -3.509060977938182E-002  0.102305437142529     
   2.06706706706707      -3.728825025692337E-002  6.689239274009023E-002
   2.07707707707708      -4.063271238832634E-002  2.833765618150052E-002
   2.08708708708709      -4.501254958394635E-002 -1.406493816164062E-002
   2.09709709709710      -5.062785063452847E-002 -6.134294035068150E-002
   2.10710710710711      -5.789275361859259E-002 -0.114842934598157     
   2.11711711711712      -6.750123174956804E-002 -0.176412148371490     
   2.12712712712713      -8.063259168186462E-002 -0.248704532487721     
   2.13713713713714      -9.942481696415217E-002 -0.335722639978247     
   2.14714714714715      -0.128156138744276      -0.443834183653143     
   2.15715715715716      -0.176686019131838      -0.583662624796408     
   2.16716716716717      -0.272633431849774      -0.771873601488143     
   2.17717717717718      -0.503141732197596       -1.00292578870021     
   2.18718718718719      -0.927202167946378       -1.07845106889030     
   2.19719719719720       -1.28862665710338      -0.922029967624739     
   2.20720720720721       -1.52019025314087      -0.696010760073307     
   2.21721721721722       -1.66265165693834      -0.464300432120411     
   2.22722722722723       -1.74631337497507      -0.244245551033238     
   2.23723723723724       -1.78963945664462      -4.019436707588073E-002
   2.24724724724725       -1.80415688716795       0.147568199393168     
   2.25725725725726       -1.79733603967917       0.320087484649280     
   2.26726726726727       -1.77416297585761       0.478784424105787     
   2.27727727727728       -1.73802787087454       0.625098540143073     
   2.28728728728729       -1.69124825940712       0.760354545292719     
   2.29729729729730       -1.63538595421320       0.885717669744150     
   2.30730730730731       -1.57144182767315        1.00218095316620     
   2.31731731731732       -1.49997244307221        1.11056755706503     
   2.32732732732733       -1.42115939502413        1.21151962663768     
   2.33733733733734       -1.33480132501648        1.30554274060597     
   2.34734734734735       -1.24024596434224        1.39287922921911     
   2.35735735735736       -1.13629765295889        1.47346348147504     
   2.36736736736737       -1.02096669271521        1.54666796661274     
   2.37737737737738      -0.890939778653473        1.61067346633920     
   2.38738738738739      -0.741029870087407        1.66022926869139     
   2.39739739739740      -0.567251473243541        1.68320602013160     
   2.40740740740741      -0.368853591029754        1.64845532950712     
   2.41741741741742      -0.214606223558339        1.53534926048045     
   2.42742742742743      -0.133515357563974        1.40864950110138     
   2.43743743743744      -9.551752031865095E-002   1.30624802254621     
   2.44744744744745      -7.422690649501354E-002   1.22601464317230     
   2.45745745745746      -6.047682036916048E-002   1.16101831408850     
   2.46746746746747      -5.081318890456844E-002   1.10667772997172     
   2.47747747747748      -4.366389634041579E-002   1.06023436404794     
   2.48748748748749      -3.815608981549070E-002   1.01985030068062     
   2.49749749749750      -3.378376231328417E-002  0.984249306203829     
   2.50750750750751      -3.022850846916188E-002  0.952509204442937     
   2.51751751751752      -2.728686704411839E-002  0.923946414627291     
   2.52752752752753      -2.481584340896140E-002  0.898042126928763     
   2.53753753753754      -2.271349112847344E-002  0.874390618789194     
   2.54754754754755      -2.090539103391844E-002  0.852669531120462     
   2.55755755755756      -1.933584052262925E-002  0.832618716458754     
   2.56756756756757      -1.796228898495160E-002  0.814025325774976     
   2.57757757757758      -1.675166927962135E-002  0.796713098836464     
   2.58758758758759      -1.567790163462935E-002  0.780534511476645     
   2.59759759759760      -1.472015207032981E-002  0.765364908425659     
   2.60760760760761      -1.386159145650705E-002  0.751098045153817     
   2.61761761761762      -1.308849552852401E-002  0.737642647863925     
   2.62762762762763      -1.238958277307412E-002  0.724919720496118     
   2.63763763763764      -1.175552236841448E-002  0.712860406372181     
   2.64764764764765      -1.117856725988197E-002  0.701404264594064     
   2.65765765765766      -1.065228325457332E-002  0.690497856214549     
   2.66766766766767      -1.017135738052195E-002  0.680093557442306     
   2.67767767767768      -9.731481342511046E-003  0.670148528841841     
   2.68768768768769      -9.329325352465709E-003  0.660623769823535     
   2.69769769769770      -8.962663246945297E-003  0.651483171996246     
   2.70770770770771      -8.630856722202080E-003  0.642692451401484     
   2.71771771771772      -8.336491312719983E-003  0.634217953412174     
   2.72772772772773      -8.090224684064964E-003  0.626027737652367     
   2.73773773773774      -7.915760276558027E-003  0.618106547349504     
   2.74774774774775      -7.788013140524838E-003  0.610470618663658     
   2.75775775775776      -7.704366623963060E-003  0.603049536291886     
   2.76776776776777      -7.568166905153108E-003  0.595779289905742     
   2.77777777777778      -7.596770432708593E-003  0.588382309485195     
   2.78778778778779      -8.063488115657765E-003  0.580829029727058     
   2.79779779779780      -9.623156735119438E-003  0.572919715619748     
   2.80780780780781      -1.481137511017583E-002  0.565609043827187     
   2.81781781781782      -2.101660933753657E-002  0.569348357108890     
   2.82782782782783      -1.253741246935344E-002  0.569226465572964     
   2.83783783783784      -8.595499135711707E-003  0.562077343055375     
   2.84784784784785      -7.038310743801887E-003  0.555453293352644     
   2.85785785785786      -6.181874893466343E-003  0.549354994123800     
   2.86786786786787      -5.663265732303115E-003  0.543593587257187     
   2.87787787787788      -5.344625470512713E-003  0.538146346995443     
   2.88788788788789      -5.138398214963377E-003  0.532957165901200     
   2.89789789789790      -4.997131871381143E-003  0.528047404799048     
   2.90790790790791      -4.773193407546488E-003  0.523300722612776     
   2.91791791791792      -4.596035489178583E-003  0.518644071110828     
   2.92792792792793      -4.454478117952747E-003  0.514124777955308     
   2.93793793793794      -4.330336442554251E-003  0.509733718579942     
   2.94794794794795      -4.217538525916287E-003  0.505459604205322     
   2.95795795795796      -4.113516785501754E-003  0.501293266902298     
   2.96796796796797      -4.017078332156030E-003  0.497226973007431     
   2.97797797797798      -3.927894909881781E-003  0.493253792024821     
   2.98798798798799      -3.846699040853335E-003  0.489366694286220     
   2.99799799799800      -3.777388433551976E-003  0.485558050396634     
   3.00800800800801      -3.733730968782573E-003  0.481821133448824     
   3.01801801801802      -3.748020291042115E-003  0.478185912404963     
   3.02802802802803      -3.752285770089959E-003  0.474687535941463     
   3.03803803803804      -3.761396173734161E-003  0.471381090707475     
   3.04804804804805      -3.523820403717738E-003  0.468065301807248     
   3.05805805805806      -3.379232095931954E-003  0.464673526341031     
   3.06806806806807      -3.291839272213790E-003  0.461349373408215     
   3.07807807807808      -3.224389080468352E-003  0.458093747479895     
   3.08808808808809      -3.167093105208545E-003  0.454898344212713     
   3.09809809809810      -3.117456434879666E-003  0.451756068365195     
   3.10810810810811      -3.075727958122346E-003  0.448660054961258     
   3.11811811811812      -3.044313701118708E-003  0.445602264709383     
   3.12812812812813      -3.029104995957402E-003  0.442571621101948     
   3.13813813813814      -3.044202194532220E-003  0.439550811774427     
   3.14814814814815      -3.128051542244364E-003  0.436511591017939     
   3.15815815815816      -3.400487678118817E-003  0.433432700934386     
   3.16816816816817      -4.086265604767964E-003  0.430437281858878     
   3.17817817817818      -5.736212995359643E-003  0.428436265878017     
   3.18818818818819      -4.872779595581108E-003  0.428210456512010     
   3.19819819819820      -3.457264926721129E-003  0.425475478248581     
   3.20820820820821      -2.966567926478269E-003  0.422519365416613     
   3.21821821821822      -2.759067990013134E-003  0.419724221022088     
   3.22822822822823      -2.651780346525275E-003  0.417045843884435     
   3.23823823823824      -2.602441860025894E-003  0.414445488608163     
   3.24824824824825      -2.628864004751525E-003  0.411933550498146     
   3.25825825825826      -2.617280756295785E-003  0.409610378374727     
   3.26826826826827      -2.490453873335590E-003  0.407235264621434     
   3.27827827827828      -2.409796502253077E-003  0.404853421976113     
   3.28828828828829      -2.358937807118286E-003  0.402498567866281     
   3.29829829829830      -2.314555071699669E-003  0.400180374888912     
   3.30830830830831      -2.280304806674981E-003  0.397886691636469     
   3.31831831831832      -2.254193186752865E-003  0.395620174758160     
   3.32832832832833      -2.233380858321427E-003  0.393377072320964     
   3.33833833833834      -2.217674623079654E-003  0.391151939073181     
   3.34834834834835      -2.208264120444886E-003  0.388939678756716     
   3.35835835835836      -2.206809716230098E-003  0.386733798398068     
   3.36836836836837      -2.216358587864742E-003  0.384525551203290     
   3.37837837837838      -2.242257379488138E-003  0.382302557197038     
   3.38838838838839      -2.294219768725837E-003  0.380046218098731     
   3.39839839839840      -2.391160610782270E-003  0.377726852763750     
   3.40840840840841      -2.573712529333316E-003  0.375294088063080     
   3.41841841841842      -2.941771544921936E-003  0.372658084306444     
   3.42842842842843      -3.790034123452990E-003  0.369668454444350     
   3.43843843843844      -6.140669848426770E-003  0.366371346545941     
   3.44844844844845      -1.131593207335082E-002  0.365601045097271     
   3.45845845845846      -1.420253758054223E-002  0.371945946226273     
   3.46846846846847      -7.260234002623751E-003  0.373879411496188     
   3.47847847847848      -4.080508170721434E-003  0.370541224330397     
   3.48848848848849      -2.963815278726735E-003  0.367522216639635     
   3.49849849849850      -2.471473790471999E-003  0.364961224621563     
   3.50850850850851      -2.211455399057773E-003  0.362681772020007     
   3.51851851851852      -2.055383353305776E-003  0.360577014305620     
   3.52852852852853      -1.952656398648990E-003  0.358587654250106     
   3.53853853853854      -1.880368931162196E-003  0.356679164006322     
   3.54854854854855      -1.827070940006708E-003  0.354830049020382     
   3.55855855855856      -1.786653766862088E-003  0.353025949416441     
   3.56856856856857      -1.755777252446877E-003  0.351256512420608     
   3.57857857857858      -1.732710184555806E-003  0.349513595687858     
   3.58858858858859      -1.716814702380876E-003  0.347790109675470     
   3.59859859859860      -1.708388491175223E-003  0.346079129467895     
   3.60860860860861      -1.708799136897007E-003  0.344373030270441     
   3.61861861861862      -1.721044000955583E-003  0.342662435482125     
   3.62862862862863      -1.751171628463389E-003  0.340935129772579     
   3.63863863863864      -1.807665370571666E-003  0.339174575156169     
   3.64864864864865      -1.911225247458696E-003  0.337345780745668     
   3.65865865865866      -2.118731026935451E-003  0.335402156065926     
   3.66866866866867      -2.562257677472597E-003  0.333282864398957     
   3.67867867867868      -3.495915377592321E-003  0.331030076628779     
   3.68868868868869      -5.599253857732838E-003  0.328390252060612     
   3.69869869869870      -1.147530098437314E-002  0.328804741437581     
   3.70870870870871      -9.726211616158153E-003  0.335954923077725     
   3.71871871871872      -4.635508148781585E-003  0.334686289111417     
   3.72872872872873      -2.934765872830048E-003  0.331994091546718     
   3.73873873873874      -2.343681368766735E-003  0.329853727098194     
   3.74874874874875      -1.932345558784125E-003  0.328012465620750     
   3.75875875875876      -1.705484774343389E-003  0.326271514294325     
   3.76876876876877      -1.577942222660178E-003  0.324656315047728     
   3.77877877877878      -1.495326021852530E-003  0.323131678209711     
   3.78878878878879      -1.436567659800670E-003  0.321671863214506     
   3.79879879879880      -1.391941268975016E-003  0.320260869644105     
   3.80880880880881      -1.356325061319502E-003  0.318888427706918     
   3.81881881881882      -1.326774849012137E-003  0.317547645698450     
   3.82882882882883      -1.301488070253636E-003  0.316233709641367     
   3.83883883883884      -1.279306299375535E-003  0.314943138260490     
   3.84884884884885      -1.259455504138238E-003  0.313673337015990     
   3.85885885885886      -1.241401655838194E-003  0.312422320217113     
   3.86886886886887      -1.224766591515715E-003  0.311188531604948     
   3.87887887887888      -1.209277847601734E-003  0.309970724774847     
   3.88888888888889      -1.194741663448631E-003  0.308767882315732     
   3.89889889889890      -1.181040061938706E-003  0.307579182535593     
   3.90890890890891      -1.167984653240082E-003  0.306404040100374     
   3.91891891891892      -1.155345074497030E-003  0.305241640342959     
   3.92892892892893      -1.143260530770548E-003  0.304091430707597     
   3.93893893893894      -1.131678631634404E-003  0.302953026360403     
   3.94894894894895      -1.120593931571215E-003  0.301826009928556     
   3.95895895895896      -1.110188227620710E-003  0.300710151159931     
   3.96896896896897      -1.099901577041256E-003  0.299605932671418     
   3.97897897897898      -1.088979135712417E-003  0.298511517647837     
   3.98898898898899      -1.078714089867956E-003  0.297426868467460     
   3.99899899899900      -1.068862151798466E-003  0.296352146114308     
   4.00900900900901      -1.059296583911927E-003  0.295287110894147     
   4.01901901901902      -1.049978506090301E-003  0.294231518179476     
   4.02902902902903      -1.040901947438350E-003  0.293185137703995     
   4.03903903903904      -1.032107600257574E-003  0.292147754571237     
   4.04904904904905      -1.023752971165066E-003  0.291119315247609     
   4.05905905905906      -1.015269867163382E-003  0.290100103863890     
   4.06906906906907      -1.006537357899388E-003  0.289088789000476     
   4.07907907907908      -9.982638074765794E-004  0.288085562471955     
   4.08908908908909      -9.903058378374701E-004  0.287090408364472     
   4.09909909909910      -9.826626907947608E-004  0.286103090448367     
   4.10910910910911      -9.754805565343162E-004  0.285123329240966     
   4.11911911911912      -9.691818466825025E-004  0.284150992221153     
   4.12912912912913      -9.636537264573796E-004  0.283186038630326     
   4.13913913913914      -9.615244090588733E-004  0.282227464841240     
   4.14914914914915      -9.636424084654391E-004  0.281283645786953     
   4.15915915915916      -9.575215709591235E-004  0.280347431468913     
   4.16916916916917      -9.615097455369910E-004  0.279423505877030     
   4.17917917917918      -9.405894781667311E-004  0.278513372877137     
   4.18918918918919      -9.229958835150399E-004  0.277590144834719     
   4.19919919919920      -9.126702192651861E-004  0.276673292219662     
   4.20920920920921      -9.046200029514958E-004  0.275764330114976     
   4.21921921921922      -8.974671564164408E-004  0.274862650506729     
   4.22922922922923      -8.907888477702126E-004  0.273967786768937     
   4.23923923923924      -8.844333813151861E-004  0.273079407473615     
   4.24924924924925      -8.783468949321669E-004  0.272197243952540     
   4.25925925925926      -8.725228473610233E-004  0.271321046319921     
   4.26926926926927      -8.669899229110702E-004  0.270450553023622     
   4.27927927927928      -8.618205591373028E-004  0.269585460504691     
   4.28928928928929      -8.571683528141939E-004  0.268725380837598     
   4.29929929929930      -8.533885382731442E-004  0.267869776961458     
   4.30930930930931      -8.514877029994255E-004  0.267017978020628     
   4.31931931931932      -8.540624137871367E-004  0.266171124287828     
   4.32932932932933      -8.558810954613021E-004  0.265333241379664     
   4.33933933933934      -8.564642720783047E-004  0.264489449653973     
   4.34934934934935      -8.756740531454352E-004  0.263637215542572     
   4.35935935935936      -9.487859077021515E-004  0.262787002000232     
   4.36936936936937      -1.095150342776460E-003  0.262091786976187     
   4.37937937937938      -9.649716808521233E-004  0.261446552893898     
   4.38938938938939      -8.705963527364105E-004  0.260615375549290     
   4.39939939939940      -8.460345713833363E-004  0.259790663440667     
   4.40940940940941      -8.259943044823319E-004  0.258990855235227     
   4.41941941941942      -8.070344266547343E-004  0.258186436033401     
   4.42942942942943      -7.973851469883979E-004  0.257386379717082     
   4.43943943943944      -7.916789510538239E-004  0.256592233765369     
   4.44944944944945      -7.881332116419940E-004  0.255802319880800     
   4.45945945945946      -7.863522151274898E-004  0.255015039397705     
   4.46946946946947      -7.865132327491376E-004  0.254228739340542     
   4.47947947947948      -7.892737621411095E-004  0.253441381834867     
   4.48948948948949      -7.960165418865253E-004  0.252650096761733     
   4.49949949949950      -8.095988979748960E-004  0.251850421423188     
   4.50950950950951      -8.364645873752027E-004  0.251034842375593     
   4.51951951951952      -8.934545399009720E-004  0.250190118645900     
   4.52952952952953      -1.034384164420065E-003  0.249296930104338     
   4.53953953953954      -1.455533215396896E-003  0.248414881490155     
   4.54954954954955      -2.038988654904705E-003  0.248347211170774     
   4.55955955955956      -1.442413942624549E-003  0.248046096180184     
   4.56956956956957      -1.279921891080835E-003  0.247088285400057     
   4.57957957957958      -1.416617250900293E-003  0.246348866763647     
   4.58958958958959      -1.467452359082261E-003  0.245631124488410     
   4.59959959959960      -1.848358688082280E-003  0.244837263952234     
   4.60960960960961      -2.186696476385528E-003  0.245130404259629     
   4.61961961961962      -1.326357142670579E-003  0.244731313744082     
   4.62962962962963      -9.738118265448270E-004  0.243819877841952     
   4.63963963963964      -8.447885809093168E-004  0.242964286544760     
   4.64964964964965      -7.852245869028052E-004  0.242166462964202     
   4.65965965965966      -7.525898538866649E-004  0.241404406449381     
   4.66966966966967      -7.326033256758222E-004  0.240664921152632     
   4.67967967967968      -7.195357585050178E-004  0.239940377707172     
   4.68968968968969      -7.108073665381035E-004  0.239226002041135     
   4.69969969969970      -7.052139291757881E-004  0.238518461046728     
   4.70970970970971      -7.022726497272437E-004  0.237815097639380     
   4.71971971971972      -7.019905423258909E-004  0.237113445936539     
   4.72972972972973      -7.048507832453249E-004  0.236410828278694     
   4.73973973973974      -7.119987238743906E-004  0.235703888306225     
   4.74974974974975      -7.257650266754302E-004  0.234987880290080     
   4.75975975975976      -7.509927959125904E-004  0.234255390844113     
   4.76976976976977      -7.986955402201849E-004  0.233493839702239     
   4.77977977977978      -8.977915175439919E-004  0.232680836045310     
   4.78978978978979      -1.140672849047885E-003  0.231783219617596     
   4.79979979979980      -1.863514482673873E-003  0.230899069726052     
   4.80980980980981      -2.897467211552427E-003  0.231365091921074     
   4.81981981981982      -2.163833688036149E-003  0.231558649160142     
   4.82982982982983      -1.762416335004449E-003  0.231334296880368     
   4.83983983983984      -1.131664936869258E-003  0.230638959600087     
   4.84984984984985      -8.856621571687529E-004  0.229777600139994     
   4.85985985985986      -7.872820984031410E-004  0.228979723865462     
   4.86986986986987      -7.420286383542764E-004  0.228228932762390     
   4.87987987987988      -7.203487281599301E-004  0.227504230693020     
   4.88988988988989      -7.119693646264651E-004  0.226791942768125     
   4.89989989989990      -7.132397131717709E-004  0.226082411101571     
   4.90990990990991      -7.235846689610380E-004  0.225367298444319     
   4.91991991991992      -7.446777926741282E-004  0.224637674867128     
   4.92992992992993      -7.809644969283673E-004  0.223882132696381     
   4.93993993993994      -8.413891285250884E-004  0.223084141811445     
   4.94994994994995      -9.450746497054265E-004  0.222216007717236     
   4.95995995995996      -1.137451234588982E-003  0.221230301863163     
   4.96996996996997      -1.539905216951600E-003  0.220041119739922     
   4.97997997997998      -2.551981296592638E-003  0.218528276923323     
   4.98998998998999      -5.638074215238918E-003  0.217242547809829     
   5.00000000000000      -9.351379017129876E-003  0.222224401114047     
