  -5.00000000000000      -5.298126124921636E-004 -0.217080333591555     
  -4.98998998998999      -5.288784920027443E-004 -0.217607942489187     
  -4.97997997997998      -5.309391554918246E-004 -0.218137359363574     
  -4.96996996996997      -5.355144212359600E-004 -0.218669520524350     
  -4.95995995995996      -5.459911298947892E-004 -0.219204219956250     
  -4.94994994994995      -5.651837533858686E-004 -0.219725823633556     
  -4.93993993993994      -5.547405881599031E-004 -0.220242881171762     
  -4.92992992992993      -5.466796465319829E-004 -0.220784217931492     
  -4.91991991991992      -5.459806079180553E-004 -0.221329168970819     
  -4.90990990990991      -5.475329294452096E-004 -0.221875895977630     
  -4.89989989989990      -5.499410379134126E-004 -0.222424931451745     
  -4.88988988988989      -5.527957722824517E-004 -0.222976698784859     
  -4.87987987987988      -5.559755749591957E-004 -0.223531507046659     
  -4.86986986986987      -5.594921535283262E-004 -0.224089633897931     
  -4.85985985985986      -5.635128012003490E-004 -0.224651393520598     
  -4.84984984984985      -5.686374815388049E-004 -0.225217158521017     
  -4.83983983983984      -5.769682611787213E-004 -0.225786380124791     
  -4.82982982982983      -5.873007211815745E-004 -0.226352367029999     
  -4.81981981981982      -5.891896124644872E-004 -0.226918862587146     
  -4.80980980980981      -5.868264952441262E-004 -0.227498160348876     
  -4.79979979979980      -5.893701093941998E-004 -0.228084954769425     
  -4.78978978978979      -5.943014460642371E-004 -0.228676590153102     
  -4.77977977977978      -6.009544007468010E-004 -0.229274024655120     
  -4.76976976976977      -6.099138741162820E-004 -0.229878776911645     
  -4.75975975975976      -6.232016071414766E-004 -0.230493172863949     
  -4.74974974974975      -6.469233555695523E-004 -0.231120846235864     
  -4.73973973973974      -7.028435645098569E-004 -0.231761864943611     
  -4.72972972972973      -8.261366139231343E-004 -0.232339466388617     
  -4.71971971971972      -7.955637043807893E-004 -0.232827148383332     
  -4.70970970970971      -7.319198146386562E-004 -0.233487711023967     
  -4.69969969969970      -7.474218948567695E-004 -0.234197230482837     
  -4.68968968968969      -8.330002359888072E-004 -0.234943763386455     
  -4.67967967967968      -1.089398091609936E-003 -0.235735409696075     
  -4.66966966966967      -1.798539876692978E-003 -0.236201215241449     
  -4.65965965965966      -1.660706239898211E-003 -0.235769992516643     
  -4.64964964964965      -1.036798076617453E-003 -0.236382588808985     
  -4.63963963963964      -8.322562313142394E-004 -0.237187997320704     
  -4.62962962962963      -7.658446483348375E-004 -0.237952350469452     
  -4.61961961961962      -7.541195523484169E-004 -0.238692330678966     
  -4.60960960960961      -7.960551812032153E-004 -0.239418018996441     
  -4.59959959959960      -8.732319316619731E-004 -0.240045649048320     
  -4.58958958958959      -8.405133017560043E-004 -0.240704139397233     
  -4.57957957957958      -9.160919351894937E-004 -0.241378586321986     
  -4.56956956956957      -8.706443405561904E-004 -0.241969884486386     
  -4.55955955955956      -8.317000878469087E-004 -0.242726691057248     
  -4.54954954954955      -9.075491619083256E-004 -0.243530927229970     
  -4.53953953953954      -1.200597019984591E-003 -0.244323856851121     
  -4.52952952952953      -1.670154600807915E-003 -0.244562654101187     
  -4.51951951951952      -1.263485101335048E-003 -0.244708675187040     
  -4.50950950950951      -9.230102443436224E-004 -0.245478774674163     
  -4.49949949949950      -8.124286731201576E-004 -0.246285276325033     
  -4.48948948948949      -7.732097661439114E-004 -0.247060463974715     
  -4.47947947947948      -7.623829260360279E-004 -0.247819280963481     
  -4.46946946946947      -7.749030798191542E-004 -0.248572539438088     
  -4.45945945945946      -8.260926626228192E-004 -0.249299071960258     
  -4.44944944944945      -8.358492211028576E-004 -0.249974638385354     
  -4.43943943943944      -8.357882155039026E-004 -0.250659359366931     
  -4.42942942942943      -7.826175204026414E-004 -0.251374159603187     
  -4.41941941941942      -7.607946565934248E-004 -0.252128352791905     
  -4.40940940940941      -7.560580361037533E-004 -0.252883181943566     
  -4.39939939939940      -7.571927506576197E-004 -0.253638912072649     
  -4.38938938938939      -7.611515630053242E-004 -0.254397888364051     
  -4.37937937937938      -7.671539520493984E-004 -0.255161942631195     
  -4.36936936936937      -7.754840022730557E-004 -0.255932780887310     
  -4.35935935935936      -7.880010697145861E-004 -0.256712364843205     
  -4.34934934934935      -8.117386420481226E-004 -0.257501384209158     
  -4.33933933933934      -8.555204250215796E-004 -0.258276196597708     
  -4.32932932932933      -8.648106869374777E-004 -0.259047108922111     
  -4.31931931931932      -8.942111183041203E-004 -0.259824965342484     
  -4.30930930930931      -8.697141949415293E-004 -0.260615561382880     
  -4.29929929929930      -8.666440423713957E-004 -0.261463393650977     
  -4.28928928928929      -8.872898883273713E-004 -0.262332526275864     
  -4.27927927927928      -9.290037311529728E-004 -0.263230153456793     
  -4.26926926926927      -1.009766007071076E-003 -0.264173617314169     
  -4.25925925925926      -1.196126977139095E-003 -0.265184215850650     
  -4.24924924924925      -1.702332772101936E-003 -0.266148205749514     
  -4.23923923923924      -2.235303645709973E-003 -0.266487899983525     
  -4.22922922922923      -2.080640965245240E-003 -0.266580106582116     
  -4.21921921921922      -1.548378432839556E-003 -0.267533170418344     
  -4.20920920920921      -1.601629648369542E-003 -0.268810599852994     
  -4.19919919919920      -2.348546553832596E-003 -0.269935731274042     
  -4.18918918918919      -3.142798437964760E-003 -0.269718158412793     
  -4.17917917917918      -2.390757330346657E-003 -0.269473391822063     
  -4.16916916916917      -1.524675488761933E-003 -0.270498690237560     
  -4.15915915915916      -1.237770474114194E-003 -0.271704840152996     
  -4.14914914914915      -1.150640426988884E-003 -0.272846347790013     
  -4.13913913913914      -1.153301348859742E-003 -0.273965398175026     
  -4.12912912912913      -1.246685672130310E-003 -0.275111049149304     
  -4.11911911911912      -1.547742203697326E-003 -0.276317999829651     
  -4.10910910910911      -2.423185457148047E-003 -0.277263185386899     
  -4.09909909909910      -2.898750941396556E-003 -0.276934836995123     
  -4.08908908908909      -1.936170642094204E-003 -0.277221552528024     
  -4.07907907907908      -1.429347638339806E-003 -0.278445708944128     
  -4.06906906906907      -1.346505131153587E-003 -0.279688833159693     
  -4.05905905905906      -1.571980969873773E-003 -0.280833277038716     
  -4.04904904904905      -1.821047508003522E-003 -0.281456043292874     
  -4.03903903903904      -1.699460277991704E-003 -0.282150204462562     
  -4.02902902902903      -1.351435510486391E-003 -0.282980433063677     
  -4.01901901901902      -1.157228727169046E-003 -0.284085632746179     
  -4.00900900900901      -1.091069808088396E-003 -0.285177965967769     
  -3.99899899899900      -1.066517991617606E-003 -0.286246788710131     
  -3.98898898898899      -1.059181118067451E-003 -0.287305480128333     
  -3.97897897897898      -1.061565643126421E-003 -0.288363362492099     
  -3.96896896896897      -1.072316439941066E-003 -0.289427239881552     
  -3.95895895895896      -1.096218414828721E-003 -0.290502648478325     
  -3.94894894894895      -1.153107169713307E-003 -0.291580740000362     
  -3.93893893893894      -1.193603805656644E-003 -0.292598527542610     
  -3.92892892892893      -1.171540142974067E-003 -0.293697422541742     
  -3.91891891891892      -1.203653687223534E-003 -0.294857792239116     
  -3.90890890890891      -1.306576521413912E-003 -0.296056332533308     
  -3.89889889889890      -1.563179303196609E-003 -0.297194511867486     
  -3.88888888888889      -1.607931488623794E-003 -0.298134273915473     
  -3.87887887887888      -1.646448967335240E-003 -0.299457550513877     
  -3.86886886886887      -2.162325693368864E-003 -0.300762334484572     
  -3.85885885885886      -2.470404446737418E-003 -0.301289991863979     
  -3.84884884884885      -2.277933347737117E-003 -0.302633358769469     
  -3.83883883883884      -3.167367645836265E-003 -0.304069953353548     
  -3.82882882882883      -3.695115888562778E-003 -0.303919439387342     
  -3.81881881881882      -3.519181873635612E-003 -0.304969190922104     
  -3.80880880880881      -3.636600896518645E-003 -0.304941119988493     
  -3.79879879879880      -2.769594405989847E-003 -0.306086100648827     
  -3.78878878878879      -2.832807129073084E-003 -0.306975551681567     
  -3.77877877877878      -2.035316996990621E-003 -0.307979988622970     
  -3.76876876876877      -1.654834429144695E-003 -0.309542620736781     
  -3.75875875875876      -1.539166839992621E-003 -0.311071153644696     
  -3.74874874874875      -1.525268555579639E-003 -0.312571693766698     
  -3.73873873873874      -1.584446636028460E-003 -0.314092244550525     
  -3.72872872872873      -1.759903743143422E-003 -0.315681660825301     
  -3.71871871871872      -2.253269877515243E-003 -0.317325246938409     
  -3.70870870870871      -3.099774841657171E-003 -0.318318951220240     
  -3.69869869869870      -3.282961616502132E-003 -0.319387535885893     
  -3.68868868868869      -3.676895210408174E-003 -0.319894842557760     
  -3.67867867867868      -3.072492491271971E-003 -0.321413363748842     
  -3.66866866866867      -3.951302425160464E-003 -0.323708279936888     
  -3.65865865865866      -6.899117065256960E-003 -0.324059715144735     
  -3.64864864864865      -6.313995422641207E-003 -0.321133507721797     
  -3.63863863863864      -3.376990037176107E-003 -0.322070315689332     
  -3.62862862862863      -2.284388071594822E-003 -0.324201399040025     
  -3.61861861861862      -1.888383950306751E-003 -0.326118482144105     
  -3.60860860860861      -1.719446926611251E-003 -0.327862923327810     
  -3.59859859859860      -1.650202594203306E-003 -0.329515536184694     
  -3.58858858858859      -1.658238084862698E-003 -0.331120876532984     
  -3.57857857857858      -1.764812327184394E-003 -0.332619558926348     
  -3.56856856856857      -1.741342589210173E-003 -0.334020380356613     
  -3.55855855855856      -1.756370465243690E-003 -0.335451533840717     
  -3.54854854854855      -1.637144467095847E-003 -0.336895409797288     
  -3.53853853853854      -1.577452783389313E-003 -0.338451402569168     
  -3.52852852852853      -1.564904234330634E-003 -0.340011748743648     
  -3.51851851851852      -1.569265543399402E-003 -0.341575494382842     
  -3.50850850850851      -1.582340498411909E-003 -0.343149823131213     
  -3.49849849849850      -1.602089258967643E-003 -0.344740839747601     
  -3.48848848848849      -1.629065261974090E-003 -0.346354517722853     
  -3.47847847847848      -1.666460674910891E-003 -0.347998135638901     
  -3.46846846846847      -1.723203339141847E-003 -0.349682212547466     
  -3.45845845845846      -1.826691787188056E-003 -0.351421693812147     
  -3.44844844844845      -2.071220457582398E-003 -0.353200068882589     
  -3.43843843843844      -2.439002279191397E-003 -0.354725611287266     
  -3.42842842842843      -2.657068745812578E-003 -0.356173351315429     
  -3.41841841841842      -2.421690934405106E-003 -0.357539364586637     
  -3.40840840840841      -2.243539948167817E-003 -0.359535625430570     
  -3.39839839839840      -2.425781186814343E-003 -0.361692432745523     
  -3.38838838838839      -3.151119437875655E-003 -0.363873244149708     
  -3.37837837837838      -4.308079621066783E-003 -0.364918809075750     
  -3.36836836836837      -4.377171094647184E-003 -0.365942982783840     
  -3.35835835835836      -3.812704059681010E-003 -0.366611226045699     
  -3.34834834834835      -2.872381165532399E-003 -0.368808806064403     
  -3.33833833833834      -2.703393416369028E-003 -0.371333932328447     
  -3.32832832832833      -2.993658599228365E-003 -0.373913749891706     
  -3.31831831831832      -4.062795907395901E-003 -0.376241803738762     
  -3.30830830830831      -4.476335099357243E-003 -0.377092200443652     
  -3.29829829829830      -4.018477379987467E-003 -0.379577420971280     
  -3.28828828828829      -5.228869770932443E-003 -0.382101261976798     
  -3.27827827827828      -5.275556972286402E-003 -0.382879230685490     
  -3.26826826826827      -4.603123914219889E-003 -0.386052722185461     
  -3.25825825825826      -5.675574000354150E-003 -0.390192506897325     
  -3.24824824824825      -9.788830489720426E-003 -0.394223871260272     
  -3.23823823823824      -1.536342866506308E-002 -0.392061700172557     
  -3.22822822822823      -1.685484063736913E-002 -0.388934984273120     
  -3.21821821821822      -1.138320535753995E-002 -0.385596016343914     
  -3.20820820820821      -7.959967376877281E-003 -0.390477997244298     
  -3.19819819819820      -1.006292439956758E-002 -0.395135558474374     
  -3.18818818818819      -1.290483197953931E-002 -0.393340281461756     
  -3.17817817817818      -1.116819692594832E-002 -0.392132142670222     
  -3.16816816816817      -6.765788091408315E-003 -0.393194746900698     
  -3.15815815815816      -4.573291586657883E-003 -0.397224093903750     
  -3.14814814814815      -3.882992256531438E-003 -0.401053618007697     
  -3.13813813813814      -3.791252472400398E-003 -0.404682601493984     
  -3.12812812812813      -4.233210309036092E-003 -0.408374959108766     
  -3.11811811811812      -5.884934179371987E-003 -0.412270284759725     
  -3.10810810810811      -1.073383938383437E-002 -0.413933105464568     
  -3.09809809809810      -9.901433130710289E-003 -0.409061246002187     
  -3.08808808808809      -5.422143844998453E-003 -0.411436753162631     
  -3.07807807807808      -3.912549292778094E-003 -0.415181971691600     
  -3.06806806806807      -3.369637861044993E-003 -0.418587466436517     
  -3.05805805805806      -3.159754497535631E-003 -0.421753509391975     
  -3.04804804804805      -3.142015539858934E-003 -0.424762112795604     
  -3.03803803803804      -3.120932681457678E-003 -0.427535631187945     
  -3.02802802802803      -2.989594147730493E-003 -0.430420955571358     
  -3.01801801801802      -2.954271952116718E-003 -0.433359603407994     
  -3.00800800800801      -2.965145061580704E-003 -0.436307335109666     
  -2.99799799799800      -3.007817165711806E-003 -0.439280762958388     
  -2.98798798798799      -3.102548897945919E-003 -0.442292051036717     
  -2.97797797797798      -3.294066694594590E-003 -0.445252490288392     
  -2.96796796796797      -3.289102070950822E-003 -0.448156679216725     
  -2.95795795795796      -3.303430486000538E-003 -0.451330441107299     
  -2.94794794794795      -3.492256130412559E-003 -0.454613524275651     
  -2.93793793793794      -4.005329548612959E-003 -0.457813653563745     
  -2.92792792792793      -4.210346841686431E-003 -0.460508976058742     
  -2.91791791791792      -4.328760696158236E-003 -0.463647024458789     
  -2.90790790790791      -4.125329941925173E-003 -0.466533929804250     
  -2.89789789789790      -3.857551914947688E-003 -0.470123429283539     
  -2.88788788788789      -3.904132735216434E-003 -0.473898661769994     
  -2.87787787787788      -4.170362432612480E-003 -0.477813108739789     
  -2.86786786786787      -4.889135653258369E-003 -0.481883069143637     
  -2.85785785785786      -6.420357128975979E-003 -0.485214159718832     
  -2.84784784784785      -7.217264801146269E-003 -0.487646080132770     
  -2.83783783783784      -6.388188662556707E-003 -0.489470064231302     
  -2.82782782782783      -5.036642817177921E-003 -0.493630615412264     
  -2.81781781781782      -4.669291376442431E-003 -0.498196983015724     
  -2.80780780780781      -4.634410199037863E-003 -0.502764003028159     
  -2.79779779779780      -4.746907759609141E-003 -0.507405192695913     
  -2.78778778778779      -4.996640013883428E-003 -0.512198033499104     
  -2.77777777777778      -5.529035476665886E-003 -0.517140686575265     
  -2.76776776776777      -6.203381839997586E-003 -0.521672983212192     
  -2.75775775775776      -6.166673723610711E-003 -0.526778009724217     
  -2.74774774774775      -6.802076089369839E-003 -0.532724259114470     
  -2.73773773773774      -8.634034952996318E-003 -0.538476374908969     
  -2.72772772772773      -9.166969979864499E-003 -0.542921002675021     
  -2.71771771771772      -9.252572866527005E-003 -0.550274608606175     
  -2.70770770770771      -1.166899425140808E-002 -0.559210868547593     
  -2.69769769769770      -1.869216387741804E-002 -0.567898364763849     
  -2.68768768768769      -2.484931294447327E-002 -0.569701547106544     
  -2.67767767767768      -3.243909041052842E-002 -0.577440273637968     
  -2.66766766766767      -3.998101217686303E-002 -0.569636380012995     
  -2.65765765765766      -3.964939734472210E-002 -0.576690584056799     
  -2.64764764764765      -5.024414197724623E-002 -0.566793143400927     
  -2.63763763763764      -3.847891552542854E-002 -0.569024679519503     
  -2.62762762762763      -4.897876046931385E-002 -0.571070457887169     
  -2.61761761761762      -4.072165594003921E-002 -0.561253020131901     
  -2.60760760760761      -2.856668403592128E-002 -0.560511540831506     
  -2.59759759759760      -1.679119656464447E-002 -0.571568181941376     
  -2.58758758758759      -1.255182257929333E-002 -0.583966033878220     
  -2.57757757757758      -1.093326647325093E-002 -0.595041386359962     
  -2.56756756756757      -1.032084797009970E-002 -0.605382779449324     
  -2.55755755755756      -1.024396869723812E-002 -0.615482800794143     
  -2.54754754754755      -1.061853315630830E-002 -0.625698273520499     
  -2.53753753753754      -1.172354275635347E-002 -0.636304512834661     
  -2.52752752752753      -1.459652881829592E-002 -0.646641762961631     
  -2.51751751751752      -1.609433378344266E-002 -0.654342636958264     
  -2.50750750750751      -1.702381134737730E-002 -0.666112328076193     
  -2.49749749749750      -2.292160460059346E-002 -0.675315979886494     
  -2.48748748748749      -2.087806308259940E-002 -0.681950689622250     
  -2.47747747747748      -2.089371310402287E-002 -0.697671369664272     
  -2.46746746746747      -2.971369278147916E-002 -0.714626555628881     
  -2.45745745745746      -4.475984055762959E-002 -0.716097423196647     
  -2.44744744744745      -4.150445869144146E-002 -0.719815224488158     
  -2.43743743743744      -4.032942444150472E-002 -0.721822066243316     
  -2.42742742742743      -3.017216695157825E-002 -0.737903440495820     
  -2.41741741741742      -3.379209450475396E-002 -0.760079316521601     
  -2.40740740740741      -4.497724875832995E-002 -0.767114860718892     
  -2.39739739739740      -3.392759103179842E-002 -0.776966647893614     
  -2.38738738738739      -3.071511296432229E-002 -0.802047668199552     
  -2.37737737737738      -3.739484414992757E-002 -0.826750291810427     
  -2.36736736736737      -4.108306640685643E-002 -0.841180832424029     
  -2.35735735735736      -3.680011065435618E-002 -0.868438690331368     
  -2.34734734734735      -4.007329680776321E-002 -0.903548424137148     
  -2.33733733733734      -5.057594215126228E-002 -0.944320598916626     
  -2.32732732732733      -7.730353767070941E-002 -0.989529741559132     
  -2.31731731731732      -0.118308743575841       -1.00578033586722     
  -2.30730730730731      -0.130732067057132       -1.02417705871962     
  -2.29729729729730      -0.120612294786802       -1.04891836747330     
  -2.28728728728729      -0.121450241096172       -1.13429987169537     
  -2.27727727727728      -0.173835283271601       -1.24911231598262     
  -2.26726726726727      -0.328658263005115       -1.36483158981412     
  -2.25725725725726      -0.549793771564602       -1.30214633838205     
  -2.24724724724725      -0.582899583634152       -1.21907845516371     
  -2.23723723723724      -0.639454288149039       -1.13975938461462     
  -2.22722722722723      -0.607349292068608       -1.22175902577499     
  -2.21721721721722      -0.848890677499210       -1.26822406279124     
  -2.20720720720721       -1.03443066448766       -1.05677640056847     
  -2.19719719719720      -0.975624284168534      -0.822308264702424     
  -2.18718718718719      -0.757895916833391      -0.841864560649488     
  -2.17717717717718      -0.886103665407436       -1.08093316499318     
  -2.16716716716717       -1.19832843820542       -1.02245050497232     
  -2.15715715715716       -1.39889339844833      -0.790219149707983     
  -2.14714714714715       -1.50365295913527      -0.493938473891721     
  -2.13713713713714       -1.49021185636927      -0.125073412726161     
  -2.12712712712713       -1.26385109881333       0.251144663450247     
  -2.11711711711712      -0.869280252221558       0.382534348575272     
  -2.10710710710711      -0.551154252095191       0.394580392054307     
  -2.09709709709710      -0.283290867777857       0.226747209107376     
  -2.08708708708709      -0.179723438817116       4.952872414265185E-002
  -2.07707707707708      -0.147494095904769      -8.224431945329574E-002
  -2.06706706706707      -0.138053054087167      -0.152774118431250     
  -2.05705705705706      -0.103315340282886      -0.224622802359455     
  -2.04704704704705      -9.910255743107876E-002 -0.306237334176272     
  -2.03703703703704      -0.138175145071825      -0.365712423019904     
  -2.02702702702703      -0.161346198080567      -0.345158139165565     
  -2.01701701701702      -0.115971743492231      -0.335709112893771     
  -2.00700700700701      -6.903916551690414E-002 -0.381385868112805     
  -1.99699699699700      -5.201900392654720E-002 -0.432525639180875     
  -1.98698698698699      -4.674914320435348E-002 -0.477097775788011     
  -1.97697697697698      -4.598839551409484E-002 -0.515503372642767     
  -1.96696696696697      -5.250757104145230E-002 -0.553507814856748     
  -1.95695695695696      -8.369517528042573E-002 -0.563924469244737     
  -1.94694694694695       2.034805031674987E-002 -0.494316969942896     
  -1.93693693693694      -8.601256804706404E-002 -0.777066832735632     
  -1.92692692692693      -6.885618783218612E-002 -0.660510706646926     
  -1.91691691691692      -4.501513684207756E-002 -0.691840346636237     
  -1.90690690690691      -4.024506288688637E-002 -0.729861177144490     
  -1.89689689689690      -4.123180657931157E-002 -0.768844042607790     
  -1.88688688688689      -4.616477828309420E-002 -0.810442294636231     
  -1.87687687687688      -5.839102977841217E-002 -0.855977537135046     
  -1.86686686686687      -8.334107538173664E-002 -0.894086095811597     
  -1.85685685685686      -9.160763131657165E-002 -0.932964044463815     
  -1.84684684684685      -0.132267904250389      -0.997631399445592     
  -1.83683683683684      -0.205175470179221      -0.999355549839552     
  -1.82682682682683      -0.221092583261820       -1.01419598913154     
  -1.81681681681682      -0.231265430905693       -1.00815145715894     
  -1.80680680680681      -0.246475143618405       -1.10857453370711     
  -1.79679679679680      -0.445511733997245       -1.16160327291451     
  -1.78678678678679      -0.568321365746790      -0.925700966123665     
  -1.77677677677678      -0.411834072642011      -0.766221309123693     
  -1.76676676676677      -0.244393004518813      -0.833217635588592     
  -1.75675675675676      -0.219013770997374      -0.916301158991595     
  -1.74674674674675      -0.179113659750803      -0.992328561702129     
  -1.73673673673674      -0.219530772654000       -1.08443392882597     
  -1.72672672672673      -0.241931569003956       -1.06400202546509     
  -1.71671671671672      -0.167673382750275       -1.11591331557131     
  -1.70670670670671      -0.144909931827705       -1.23438139581053     
  -1.69669669669670      -0.159549640557183       -1.36329751129222     
  -1.68668668668669      -0.214319971393982       -1.51596016306373     
  -1.67667667667668      -0.356852607852507       -1.66407098646565     
  -1.66666666666667      -0.547379988320549       -1.71742044774532     
  -1.65665665665666      -0.705549500246173       -1.70887072486273     
  -1.64664664664665      -0.832839530129962       -1.67898361045800     
  -1.63663663663664      -0.939048221811890       -1.64053421582685     
  -1.62662662662663       -1.03038398057194       -1.59802202330883     
  -1.61661661661662       -1.11067178083734       -1.55334000470625     
  -1.60660660660661       -1.18239186794476       -1.50738316580356     
  -1.59659659659660       -1.24723653668624       -1.46060348803809     
  -1.58658658658659       -1.30641039365624       -1.41323280662472     
  -1.57657657657658       -1.36080048014945       -1.36538180529838     
  -1.56656656656657       -1.41107670364054       -1.31708506738358     
  -1.55655655655656       -1.45774878655316       -1.26831612187238     
  -1.54654654654655       -1.50116949197090       -1.21897777296093     
  -1.53653653653654       -1.54135764191146       -1.16899931840051     
  -1.52652652652653       -1.57859721653472       -1.11905088804463     
  -1.51651651651652       -1.61389803765529       -1.06890115218095     
  -1.50650650650651       -1.64768960552739       -1.01714687223756     
  -1.49649649649650       -1.67856855750380      -0.963173537179802     
  -1.48648648648649       -1.70451437399302      -0.906714785775694     
  -1.47647647647648       -1.72235804895287      -0.854071050821758     
  -1.46646646646647       -1.74394251364571      -0.809388583797685     
  -1.45645645645646       -1.77372275791325      -0.756501564540562     
  -1.44644644644645       -1.79588250179188      -0.693604299256400     
  -1.43643643643644       -1.80390689707881      -0.628607263434535     
  -1.42642642642643       -1.80713390414028      -0.576107242006350     
  -1.41641641641642       -1.81224617207754      -0.532070041308287     
  -1.40640640640641       -1.83387221798048      -0.469962879481837     
  -1.39639639639640       -1.81966855282879      -0.398449071829021     
  -1.38638638638639       -1.80321875117172      -0.354429930946105     
  -1.37637637637638       -1.80212910480585      -0.324147970313597     
  -1.36636636636637       -1.78853888652836      -0.252348678120121     
  -1.35635635635636       -1.73671839192525      -0.247241879341584     
  -1.34634634634635       -1.78483029552176      -0.274559261477761     
  -1.33633633633634       -1.84340988284197      -0.190371992566416     
  -1.32632632632633       -1.82342525243139      -7.994062207810698E-002
  -1.31631631631632       -1.70112548837331      -3.661738014358431E-002
  -1.30630630630631       -1.71759553527479      -0.172233657306200     
  -1.29629629629630       -1.84334336320404      -0.125004508960922     
  -1.28628628628629       -1.88474749562549      -2.898011102953681E-002
  -1.27627627627628       -1.88877752408610       4.927911377360514E-002
  -1.26626626626627       -1.90114696069196       0.114301502668779     
  -1.25625625625626       -1.90659165247193       0.193015086116192     
  -1.24624624624625       -1.90106406114443       0.270798297237062     
  -1.23623623623624       -1.88964734447903       0.346854911202590     
  -1.22622622622623       -1.87375804311178       0.422245632093675     
  -1.21621621621622       -1.85369810976276       0.497713415267702     
  -1.20620620620621       -1.82936951834000       0.573753633871325     
  -1.19619619619620       -1.80045975706085       0.650719472219352     
  -1.18618618618619       -1.76648779411236       0.728879024422773     
  -1.17617617617618       -1.72679723457749       0.808442990387057     
  -1.16616616616617       -1.68051435138927       0.889573357109055     
  -1.15615615615616       -1.62646249614020       0.972371394638184     
  -1.14614614614615       -1.56299458342150        1.05681352798219     
  -1.13613613613614       -1.48768048496224        1.14241825126668     
  -1.12612612612613       -1.39815659970206        1.22695406259194     
  -1.11611611611612       -1.29295814790347        1.31222990104438     
  -1.10610610610611       -1.15824729504354        1.39409650182907     
  -1.09609609609610      -0.988756467665087        1.44879864879247     
  -1.08608608608609      -0.816353395049437        1.47831040528200     
  -1.07607607607608      -0.567232819458295        1.46898715890783     
  -1.06606606606607      -0.355764174122367        1.28797001654380     
  -1.05605605605606      -0.334166084521731        1.09338116963989     
  -1.04604604604605      -0.327057148500772        1.07476070458589     
  -1.03603603603604      -0.218360902837734       0.968914261526222     
  -1.02602602602603      -0.213091440149371       0.815446134628671     
  -1.01601601601602      -0.326706427664404       0.738111248435414     
  -1.00600600600601      -0.306797109694579       0.853662296968720     
 -0.995995995995996      -0.183377229596075       0.779571626979670     
 -0.985985985985986      -0.172656716159783       0.657665446736780     
 -0.975975975975976      -0.253944490730253       0.595186217971491     
 -0.965965965965966      -0.259217386427917       0.638743458096569     
 -0.955955955955956      -0.274885793915808       0.611650987989728     
 -0.945945945945946      -0.248390332134643       0.698838873196100     
 -0.935935935935936      -0.132811339952367       0.665603889894598     
 -0.925925925925926      -9.686064426484629E-002  0.594229131565525     
 -0.915915915915916      -8.183981822361251E-002  0.553596608201212     
 -0.905905905905906      -5.751784647448508E-002  0.510254473262964     
 -0.895895895895896      -4.548652700125649E-002  0.464301723118160     
 -0.885885885885886      -3.980530300821319E-002  0.423710916017673     
 -0.875875875875876      -3.702120166984759E-002  0.388540113317903     
 -0.865865865865866      -3.326414126976993E-002  0.356844689081504     
 -0.855855855855856      -3.040193237393986E-002  0.325919206984953     
 -0.845845845845846      -2.852457737679321E-002  0.296724260377821     
 -0.835835835835836      -2.713568288193049E-002  0.269025629136471     
 -0.825825825825826      -2.605608427771906E-002  0.242512650014343     
 -0.815815815815816      -2.520498947420232E-002  0.216941263490294     
 -0.805805805805806      -2.453804670418187E-002  0.192115384486559     
 -0.795795795795796      -2.402845716745228E-002  0.167869753037950     
 -0.785785785785786      -2.365974266264683E-002  0.144058404986133     
 -0.775775775775776      -2.342282821429428E-002  0.120547441695832     
 -0.765765765765765      -2.331411084659319E-002  9.720905319400244E-002
 -0.755755755755755      -2.333526935108455E-002  7.391636603999716E-002
 -0.745745745745745      -2.349394823976737E-002  5.053844944449118E-002
 -0.735735735735735      -2.380640052330114E-002  2.693445454585498E-002
 -0.725725725725725      -2.430607006813348E-002  2.946326197273838E-003
 -0.715715715715715      -2.507596826976873E-002 -2.160101215222596E-002
 -0.705705705705705      -2.630515462864467E-002 -4.675651654240666E-002
 -0.695695695695695      -2.762243873546227E-002 -7.232424036120691E-002
 -0.685685685685685      -2.874439476453340E-002 -9.955162958827692E-002
 -0.675675675675675      -3.075590417956566E-002 -0.128777099433919     
 -0.665665665665665      -3.398709728340450E-002 -0.160026526903247     
 -0.655655655655655      -3.931670969893444E-002 -0.193906358547343     
 -0.645645645645645      -4.764318468311512E-002 -0.227197522683131     
 -0.635635635635635      -5.184029224121259E-002 -0.265461226131680     
 -0.625625625625625      -6.506737737861212E-002 -0.315095750929613     
 -0.615615615615615      -0.100613797323402      -0.361722666934839     
 -0.605605605605605      -0.116990495493711      -0.379949516263483     
 -0.595595595595595      -0.130509878219654      -0.448886344651065     
 -0.585585585585585      -0.194402173191404      -0.501627726053243     
 -0.575575575575575      -0.254442292397066      -0.552271908433581     
 -0.565565565565565      -0.330428754414993      -0.510367664715109     
 -0.555555555555555      -0.264283696535821      -0.574523870986199     
 -0.545545545545545      -0.340882478459690      -0.764166965919622     
 -0.535535535535535      -0.636529734621098      -0.876932578164668     
 -0.525525525525525      -0.896528013330069      -0.699183693101579     
 -0.515515515515515      -0.924639718495662      -0.498143467421830     
 -0.505505505505505      -0.950595795071022      -0.490698813872749     
 -0.495495495495495       -1.08035884664698      -0.395038056772887     
 -0.485485485485485       -1.26751251777583      -0.213527654491947     
 -0.475475475475475      -0.995191042778048       0.139869491604636     
 -0.465465465465465      -0.811350590862238       4.737276615459898E-002
 -0.455455455455455      -0.893436331348429      -0.189902119386304     
 -0.445445445445445       -1.24938158659828      -4.204183168883143E-002
 -0.435435435435435       -1.27947285929098       0.364979014960409     
 -0.425425425425425       -1.08128744758941       0.641421842997795     
 -0.415415415415415      -0.813111938128694       0.854277684686839     
 -0.405405405405405      -0.417023468061939       0.830235869813127     
 -0.395395395395395      -0.219706589588007       0.643040269771708     
 -0.385385385385385      -0.140795702644430       0.493570594109976     
 -0.375375375375375      -0.102199922240166       0.382713178165242     
 -0.365365365365365      -8.022678045981661E-002  0.296235075070332     
 -0.355355355355355      -6.646603947505181E-002  0.225357839021315     
 -0.345345345345345      -5.731309266578244E-002  0.164902475086586     
 -0.335335335335335      -5.099800572241857E-002  0.111649259869668     
 -0.325325325325325      -4.656396250790137E-002  6.347384466165075E-002
 -0.315315315315315      -4.345764168188054E-002  1.889348966370253E-002
 -0.305305305305305      -4.134495032322184E-002 -2.318399903257179E-002
 -0.295295295295295      -4.002087881321281E-002 -6.360798564121113E-002
 -0.285285285285285      -3.936302502344401E-002 -0.103077997756484     
 -0.275275275275275      -3.930763018662725E-002 -0.142207303424031     
 -0.265265265265265      -3.983911019947819E-002 -0.181571557485761     
 -0.255255255255255      -4.099041412419644E-002 -0.221752327075262     
 -0.245245245245245      -4.285767673854019E-002 -0.263384277075426     
 -0.235235235235235      -4.564746640731702E-002 -0.307215228982442     
 -0.225225225225225      -4.983296175535094E-002 -0.354160029068625     
 -0.215215215215215      -5.648001338359824E-002 -0.404934417332567     
 -0.205205205205205      -6.573866437762557E-002 -0.459084223520300     
 -0.195195195195195      -7.587014808075664E-002 -0.521740778858328     
 -0.185185185185185      -9.688225476612371E-002 -0.598670080408622     
 -0.175175175175175      -0.148187737685292      -0.684481892799879     
 -0.165165165165165      -0.227422874372198      -0.722444647660065     
 -0.155155155155155      -0.221534538734659      -0.757454481036635     
 -0.145145145145145      -0.253460773331933      -0.908880332964732     
 -0.135135135135135      -0.427110793770575       -1.06926733774154     
 -0.125125125125125      -0.712760159220689       -1.05042726442522     
 -0.115115115115115      -0.796712048273008      -0.875325171126935     
 -0.105105105105105      -0.764088062849335      -0.891680492577962     
 -9.509509509509506E-002 -0.864675951741729      -0.935407927294767     
 -8.508508508508505E-002 -0.964007516750324      -0.994903865442358     
 -7.507507507507505E-002  -1.21200970047575      -0.977476872876758     
 -6.506506506506504E-002  -1.38781408543660      -0.835198787473361     
 -5.505505505505504E-002  -1.46665373887832      -0.630184576700949     
 -4.504504504504503E-002  -1.41530994873664      -0.557104964141769     
 -3.503503503503502E-002  -1.50904245202704      -0.530982480306729     
 -2.502502502502502E-002  -1.63189497779400      -0.441543654262542     
 -1.501501501501501E-002  -1.72978785889430      -0.281696556852844     
 -5.005005005005003E-003  -1.77760533178482      -9.558527727214661E-002
  5.005005005005003E-003  -1.77739114940426       9.686641303619950E-002
  1.501501501501501E-002  -1.72917135655603       0.282733231471774     
  2.502502502502502E-002  -1.63047933737105       0.441692500982376     
  3.503503503503502E-002  -1.51018034495748       0.529525968454134     
  4.504504504504503E-002  -1.41932493044063       0.555091904887259     
  5.505505505505504E-002  -1.47035016174900       0.637579371254238     
  6.506506506506504E-002  -1.38520613689694       0.841803017451159     
  7.507507507507505E-002  -1.20624216892286       0.981769106470189     
  8.508508508508505E-002 -0.958121145055805       0.994135385517926     
  9.509509509509506E-002 -0.859465127269072       0.932855897455676     
  0.105105105105105      -0.766963399303569       0.886168586916326     
  0.115115115115115      -0.803134662600136       0.885042173679433     
  0.125125125125125      -0.699929421709961        1.06141786326562     
  0.135135135135135      -0.413039482485205        1.06342552644801     
  0.145145145145145      -0.248282194020431       0.899673639390657     
  0.155155155155155      -0.221638172221888       0.751713021515342     
  0.165165165165165      -0.223148600204172       0.720521825672045     
  0.175175175175175      -0.143728448277325       0.677617032564746     
  0.185185185185185      -9.522467829854904E-002  0.591464343993954     
  0.195195195195195      -7.520246204946797E-002  0.515069259049042     
  0.205205205205205      -6.542099932082078E-002  0.452610042121347     
  0.215215215215215      -5.644808439717063E-002  0.398327135258934     
  0.225225225225225      -5.005930390481476E-002  0.347340634943063     
  0.235235235235235      -4.606664144181068E-002  0.300050306578253     
  0.245245245245245      -4.345288659694651E-002  0.255711130439410     
  0.255255255255255      -4.177278124067803E-002  0.213398194450611     
  0.265265265265265      -4.083764366057281E-002  0.172341726264581     
  0.275275275275275      -4.056903803105043E-002  0.131870121620492     
  0.285285285285285      -4.095618705348501E-002  9.134670523934185E-002
  0.295295295295295      -4.204580764864363E-002  5.011624320703117E-002
  0.305305305305305      -4.394835142427163E-002  7.450521126067610E-003
  0.315315315315315      -4.685989066638897E-002 -3.751867633912109E-002
  0.325325325325325      -5.110757342389669E-002 -8.589470333986894E-002
  0.335335335335335      -5.723956200896992E-002 -0.139165264496201     
  0.345345345345345      -6.621037877926106E-002 -0.199454947395073     
  0.355355355355355      -7.979503523292605E-002 -0.269981440874118     
  0.365365365365365      -0.101626741808361      -0.355924705042511     
  0.375375375375375      -0.140231142673329      -0.466074050297267     
  0.385385385385385      -0.219787919974621      -0.614606641849497     
  0.395395395395395      -0.420160554651846      -0.798902192121888     
  0.405405405405405      -0.814273530808074      -0.809266802987506     
  0.415415415415415       -1.07155336460909      -0.604281695250562     
  0.425425425425425       -1.26917900904372      -0.297613933270121     
  0.435435435435435       -1.19290039193823       9.611555408324703E-002
  0.445445445445445      -0.831363278688614       0.186649673725201     
  0.455455455455455      -0.814660981162277      -8.238890027273861E-002
  0.465465465465465       -1.04622676576216      -1.342100606942994E-002
  0.475475475475475       -1.17339836608545       0.210421969305615     
  0.485485485485485       -1.04448239916705       0.454868217788541     
  0.495495495495495      -0.858345456458466       0.488663273423808     
  0.505505505505505      -0.927920011459508       0.524255142086373     
  0.515515515515515      -0.777096802216783       0.755011752300192     
  0.525525525525525      -0.534344224868216       0.817049837074352     
  0.535535535535535      -0.300971112635381       0.697000850075031     
  0.545545545545545      -0.254842208866114       0.524245719254859     
  0.555555555555555      -0.335229208201128       0.495491384058714     
  0.565565565565565      -0.227414058098626       0.551006030169255     
  0.575575575575575      -0.152191089645251       0.466701693226213     
  0.585585585585585      -0.132300813613100       0.412411603934167     
  0.595595595595595      -0.104467867707760       0.373238075001310     
  0.605605605605605      -8.384204948388954E-002  0.333024766933163     
  0.615615615615615      -6.024773571643414E-002  0.291490384073237     
  0.625625625625625      -4.861108511481833E-002  0.246505698780025     
  0.635635635635635      -4.340275960640345E-002  0.210894911042124     
  0.645645645645645      -3.607715625073618E-002  0.177517711929460     
  0.655655655655655      -3.181630459616070E-002  0.145023633470030     
  0.665665665665665      -2.935551352574025E-002  0.115031477167962     
  0.675675675675675      -2.780036879944806E-002  8.715564746008403E-002
  0.685685685685685      -2.671724349480378E-002  6.118802479284228E-002
  0.695695695695695      -2.527092158421959E-002  3.615617431055770E-002
  0.705705705705705      -2.430457293953547E-002  1.159928511304613E-002
  0.715715715715715      -2.368038850043928E-002 -1.230596250875833E-002
  0.725725725725725      -2.326807401560816E-002 -3.572720912473613E-002
  0.735735735735735      -2.301956399570700E-002 -5.883137219604349E-002
  0.745745745745745      -2.291231091393278E-002 -8.176426218147735E-002
  0.755755755755755      -2.293473587625826E-002 -0.104657969649318     
  0.765765765765765      -2.308176035816288E-002 -0.127637354879504     
  0.775775775775776      -2.335368161146466E-002 -0.150825401153449     
  0.785785785785786      -2.375581950237967E-002 -0.174347538946198     
  0.795795795795796      -2.429906498370505E-002 -0.198336900222075     
  0.805805805805806      -2.500157634063473E-002 -0.222940237014389     
  0.815815815815816      -2.589192853481119E-002 -0.248325843431470     
  0.825825825825826      -2.701536907701306E-002 -0.274695125886859     
  0.835835835835836      -2.844748113243515E-002 -0.302300753489926     
  0.845845845845846      -3.032944534119888E-002 -0.331475298446739     
  0.855855855855856      -3.297490592152374E-002 -0.362661004622595     
  0.865865865865866      -3.726366117568988E-002 -0.396181525561596     
  0.875875875875876      -4.306816780170199E-002 -0.430274592615930     
  0.885885885885886      -4.733080406495430E-002 -0.469768148802217     
  0.895895895895896      -5.732772324983888E-002 -0.518066049679292     
  0.905905905905906      -8.056744729917878E-002 -0.575998050289749     
  0.915915915915916      -0.139350302360592      -0.631465158308856     
  0.925925925925926      -0.202591225204280      -0.638935987099806     
  0.935935935935936      -0.285213329082755      -0.635119252499617     
  0.945945945945946      -0.257397335090245      -0.514914660840429     
  0.955955955955956      -0.159723387039869      -0.576991210791008     
  0.965965965965966      -0.171260620384806      -0.679323705038608     
  0.975975975975976      -0.243380844089320      -0.697486504005975     
  0.985985985985986      -0.204021720738012      -0.709741918780434     
  0.995995995995996      -0.240290301617721      -0.796135738525693     
   1.00600600600601      -0.263087096109064      -0.759495934477801     
   1.01601601601602      -0.186164989857405      -0.836969508809609     
   1.02602602602603      -0.198041964928189      -0.976439495932279     
   1.03603603603604      -0.287017605159760       -1.07106635788561     
   1.04604604604605      -0.286452393885324       -1.13380592455641     
   1.05605605605606      -0.341165195213777       -1.33281611778061     
   1.06606606606607      -0.564110864760461       -1.50055489072278     
   1.07607607607608      -0.816741208697209       -1.50830268693432     
   1.08608608608609      -0.995071344619005       -1.46249853428544     
   1.09609609609610       -1.15478911081678       -1.40492998614080     
   1.10610610610611       -1.28693423003441       -1.32533936899230     
   1.11611611611612       -1.39318316656533       -1.24015483377516     
   1.12612612612613       -1.48111495622578       -1.15485811835413     
   1.13613613613614       -1.55542447017585       -1.07017320909604     
   1.14614614614615       -1.61862947531832      -0.986861726982065     
   1.15615615615616       -1.67291353755942      -0.905048286809163     
   1.16616616616617       -1.71960793722922      -0.824733199360587     
   1.17617617617618       -1.75981323779575      -0.745884200297559     
   1.18618618618619       -1.79437087497065      -0.668368804426314     
   1.19619619619620       -1.82391951164096      -0.592000379256628     
   1.20620620620621       -1.84893470527561      -0.516536129717101     
   1.21621621621622       -1.86973777663699      -0.441654263777521     
   1.22622622622623       -1.88646189541564      -0.366904939383027     
   1.23623623623624       -1.89891342390914      -0.291616352910345     
   1.24624624624625       -1.90605994345421      -0.214776010880192     
   1.25625625625626       -1.90401666775039      -0.135957911768266     
   1.26626626626627       -1.88955424297220      -6.672688718740621E-002
   1.27627627627628       -1.88607559608443       3.529223710181615E-003
   1.28628628628629       -1.85688976769858       9.645359694728473E-002
   1.29629629629630       -1.75338242793752       0.161780588864599     
   1.30630630630631       -1.70323215944039       6.776694062958445E-002
   1.31631631631632       -1.78684827473726       7.805594262284755E-002
   1.32632632632633       -1.82164437250361       0.149873861375993     
   1.33633633633634       -1.80432546409463       0.245290387981072     
   1.34634634634635       -1.70721601967318       0.255296225611858     
   1.35635635635636       -1.77330130863914       0.190480581099727     
   1.36636636636637       -1.84313447502588       0.273861422306752     
   1.37637637637638       -1.83668584353111       0.368064740112565     
   1.38638638638639       -1.78861748876909       0.407055473707048     
   1.39639639639640       -1.82026174026313       0.413963327371105     
   1.40640640640641       -1.84453783572226       0.489418022388886     
   1.41641641641642       -1.83673170670954       0.564445773110749     
   1.42642642642643       -1.81475987292075       0.630745601265380     
   1.43643643643644       -1.78478537648363       0.677609401417596     
   1.44644644644645       -1.78017099585114       0.721163533451793     
   1.45645645645646       -1.76574187788666       0.782519483850042     
   1.46646646646647       -1.74092320173125       0.840179690597837     
   1.47647647647648       -1.71342926040473       0.890376460543796     
   1.48648648648649       -1.69024165411334       0.941392909155551     
   1.49649649649650       -1.66208055563608       0.995112317196202     
   1.50650650650651       -1.63021269099966        1.04723684251176     
   1.51651651651652       -1.59578569717307        1.09805602792907     
   1.52652652652653       -1.55908786811729        1.14771731930110     
   1.53653653653654       -1.52035583755815        1.19687371063062     
   1.54654654654655       -1.47879750674862        1.24589881047461     
   1.55655655655656       -1.43406222199284        1.29444788365940     
   1.56656656656657       -1.38594555091884        1.34254619307919     
   1.57657657657658       -1.33402149102318        1.39023488150165     
   1.58658658658659       -1.27771193396205        1.43750167539278     
   1.59659659659660       -1.21625578749557        1.48427376194604     
   1.60660660660661       -1.14863215952056        1.53038814001287     
   1.61661661661662       -1.07342955330248        1.57552438467920     
   1.62662662662663      -0.988619613321456        1.61905774477721     
   1.63663663663664      -0.891145908208756        1.65971263225105     
   1.64664664664665      -0.776146195825200        1.69463388941872     
   1.65665665665666      -0.635608763997656        1.71641653908581     
   1.66666666666667      -0.459336980151677        1.70182784772742     
   1.67667667667668      -0.277564626238549        1.59456278866445     
   1.68668668668669      -0.186816222891348        1.42962682187991     
   1.69669669669670      -0.166754817460222        1.28065676366586     
   1.70670670670671      -0.211904961230510        1.16352095049491     
   1.71671671671672      -0.253822968827871        1.17728759421529     
   1.72672672672673      -0.172518963572477        1.12672812472806     
   1.73673673673674      -0.167445322133741        1.01351376869733     
   1.74674674674675      -0.214623290497059       0.944156926315694     
   1.75675675675676      -0.271433612999948       0.887242193801287     
   1.76676676676677      -0.317841220391607       0.872695892351712     
   1.77677677677678      -0.433808777062720       0.889158030653288     
   1.78678678678679      -0.465968687082709       0.997732655123428     
   1.79679679679680      -0.347951342180845        1.14004539261687     
   1.80680680680681      -0.202921255055406        1.06066977462058     
   1.81681681681682      -0.210146636539414       0.961832022518089     
   1.82682682682683      -0.235393656893813       0.978132575327293     
   1.83683683683684      -0.213458047160969        1.00292711398451     
   1.84684684684685      -0.122028348290114       0.991869177250940     
   1.85685685685686      -7.924294590830498E-002  0.924980596768127     
   1.86686686686687      -7.276241988124993E-002  0.869931292018704     
   1.87687687687688      -6.622833743238529E-002  0.842933478319591     
   1.88688688688689      -4.905213676290516E-002  0.803955600582740     
   1.89689689689690      -4.353257895791181E-002  0.762338232597668     
   1.90690690690691      -4.692155067340691E-002  0.723554682845042     
   1.91691691691692      -6.400703879885059E-002  0.701318746097918     
   1.92692692692693      -4.152436037713760E-002  0.706332582039236     
   1.93693693693694       1.176790353914969E-002  0.651951020993212     
   1.94694694694695      -4.349574530263380E-002  0.557015866184619     
   1.95695695695696      -5.893368173578835E-002  0.582160212780037     
   1.96696696696697      -4.264446658066629E-002  0.553876481047393     
   1.97697697697698      -4.033208949755711E-002  0.517126192815679     
   1.98698698698699      -4.271750235298522E-002  0.479967244637606     
   1.99699699699700      -4.780440121738759E-002  0.438386866790590     
   2.00700700700701      -6.149398542973598E-002  0.390226088084833     
   2.01701701701702      -9.963040648446056E-002  0.338922233455066     
   2.02702702702703      -0.166064770032585       0.343563662885421     
   2.03703703703704      -0.136501108434074       0.379011172136544     
   2.04704704704705      -9.329063168752920E-002  0.323459991719887     
   2.05705705705706      -9.122220325644578E-002  0.246613204221944     
   2.06706706706707      -0.117388129437894       0.167489988367310     
   2.07707707707708      -0.146328609436364       0.108379120656947     
   2.08708708708709      -0.166356094487082       1.740564450561496E-003
   2.09709709709710      -0.253002546115413      -0.135141762536191     
   2.10710710710711      -0.368661061364457      -0.257974038698136     
   2.11711711711712      -0.623910410939674      -0.472269103291828     
   2.12712712712713       -1.13299804387994      -0.422984817520363     
   2.13713713713714       -1.44776489244948      -5.485247153489212E-002
   2.14714714714715       -1.52189548617991       0.336026923597472     
   2.15715715715716       -1.45041341295282       0.660444780634412     
   2.16716716716717       -1.30008366066442       0.916324056174054     
   2.17717717717718       -1.02821085420662        1.07631208904649     
   2.18718718718719      -0.754499383371427       0.940174225463985     
   2.19719719719720      -0.902438201673668       0.735611122163423     
   2.20720720720721       -1.07803230286632       0.960169375727198     
   2.21721721721722      -0.940310956614901        1.22531252991602     
   2.22722722722723      -0.658289016523015        1.27467898014817     
   2.23723723723724      -0.558409435968774        1.09289879648350     
   2.24724724724725      -0.656728517936603        1.10860585878034     
   2.25725725725726      -0.662879035272763        1.24715234662976     
   2.26726726726727      -0.453974278105707        1.39470752351149     
   2.27727727727728      -0.232540418268821        1.31061781778295     
   2.28728728728729      -0.151290262296276        1.17840753293654     
   2.29729729729730      -0.148589914189127        1.08513693301810     
   2.30730730730731      -0.146015643806007        1.06405093042341     
   2.31731731731732      -0.119114069808289        1.04706641539937     
   2.32732732732733      -7.192129492499978E-002   1.00962706247303     
   2.33733733733734      -4.989251446366914E-002  0.960160134776003     
   2.34734734734735      -3.984466698296218E-002  0.918472536741337     
   2.35735735735736      -3.481871734434459E-002  0.882906621173225     
   2.36736736736737      -3.412522661831913E-002  0.851819294099821     
   2.37737737737738      -3.692364782656796E-002  0.830198816759074     
   2.38738738738739      -3.078653105410032E-002  0.810202393282615     
   2.39739739739740      -3.002580849465689E-002  0.785125825514704     
   2.40740740740741      -3.912069997434896E-002  0.766064449096676     
   2.41741741741742      -3.709314832557128E-002  0.762759500914933     
   2.42742742742743      -2.941817032714082E-002  0.743156535735870     
   2.43743743743744      -3.546832235744380E-002  0.722065915029151     
   2.44744744744745      -4.629007702856419E-002  0.718224942254687     
   2.45745745745746      -4.810411340441588E-002  0.717209129212400     
   2.46746746746747      -3.327192131917615E-002  0.719076854001962     
   2.47747747747748      -2.183524746329243E-002  0.702232211590485     
   2.48748748748749      -1.980236044074553E-002  0.685229252598388     
   2.49749749749750      -2.387230229475295E-002  0.673997720634280     
   2.50750750750751      -2.051403632901948E-002  0.668767872305369     
   2.51751751751752      -1.856025570898155E-002  0.658226933730168     
   2.52752752752753      -1.521274941052042E-002  0.650668031576275     
   2.53753753753754      -1.199761609104766E-002  0.639679688538164     
   2.54754754754755      -1.074232647477651E-002  0.628860692732426     
   2.55755755755756      -1.022327326603841E-002  0.618587589853708     
   2.56756756756757      -1.012088779425978E-002  0.608569972826402     
   2.57757757757758      -1.044144273188711E-002  0.598494955377114     
   2.58758758758759      -1.145209954570170E-002  0.587970134974144     
   2.59759759759760      -1.406550604475502E-002  0.576465095431383     
   2.60760760760761      -2.137831890188616E-002  0.564527249144758     
   2.61761761761762      -3.224948009226784E-002  0.560585728851116     
   2.62762762762763      -4.339495829269505E-002  0.557860355801987     
   2.63763763763764      -4.292066158194296E-002  0.567552720741877     
   2.64764764764765      -4.811820954129340E-002  0.560767909739066     
   2.65765765765766      -4.618922173190370E-002  0.576379898678947     
   2.66766766766767      -3.801516625012501E-002  0.567902154526448     
   2.67767767767768      -4.005977813246782E-002  0.574740003561734     
   2.68768768768769      -2.736650374537372E-002  0.570941913168847     
   2.69769769769770      -2.385441527480805E-002  0.568752211466061     
   2.70770770770771      -1.418023439490505E-002  0.562385235238214     
   2.71771771771772      -1.029653197746476E-002  0.552756839173663     
   2.72772772772773      -9.679248634886020E-003  0.544568688871564     
   2.73773773773774      -9.804412074624009E-003  0.539829848002404     
   2.74774774774775      -7.460399801948336E-003  0.534460781197278     
   2.75775775775776      -6.468238272504347E-003  0.528240795157535     
   2.76776776776777      -6.462898569445137E-003  0.522719619223550     
   2.77777777777778      -5.986917558590275E-003  0.518340356138649     
   2.78778778778779      -5.220767095733226E-003  0.513369006805004     
   2.79779779779780      -4.877504870554012E-003  0.508450384470304     
   2.80780780780781      -4.720674933205799E-003  0.503711403495378     
   2.81781781781782      -4.719700678560720E-003  0.499073434364715     
   2.82782782782783      -5.027934542233216E-003  0.494456145617539     
   2.83783783783784      -6.238460316604770E-003  0.490184851285374     
   2.84784784784785      -7.036302056099122E-003  0.488151523158492     
   2.85785785785786      -6.436673115999715E-003  0.485002640872374     
   2.86786786786787      -5.597689621729957E-003  0.482390157899907     
   2.87787787787788      -4.528052010135827E-003  0.478448747253310     
   2.88788788788789      -4.315604744550723E-003  0.474409544166943     
   2.89789789789790      -4.621732007508544E-003  0.470986214870028     
   2.90790790790791      -4.159558090029517E-003  0.467969903707176     
   2.91791791791792      -3.882825530855778E-003  0.464389982066149     
   2.92792792792793      -4.016836203925593E-003  0.461179562508849     
   2.93793793793794      -3.641242212875579E-003  0.458202925691824     
   2.94794794794795      -3.366464458075076E-003  0.454894946913522     
   2.95795795795796      -3.274517676726496E-003  0.451642753721165     
   2.96796796796797      -3.302251423430176E-003  0.448543203873167     
   2.97797797797798      -3.186979848583804E-003  0.445617511706985     
   2.98798798798799      -3.054711463286328E-003  0.442585401549972     
   2.99799799799800      -2.990323866574451E-003  0.439580297688392     
   3.00800800800801      -2.955368263135669E-003  0.436614780637595     
   3.01801801801802      -2.944760135210782E-003  0.433675047967966     
   3.02802802802803      -2.977684374957373E-003  0.430752623023145     
   3.03803803803804      -3.062167278066051E-003  0.427917606660692     
   3.04804804804805      -3.027310570339985E-003  0.425073363627465     
   3.05805805805806      -3.064271319783473E-003  0.422089268658943     
   3.06806806806807      -3.219024806694857E-003  0.419006000279025     
   3.07807807807808      -3.577206585372795E-003  0.415740994198719     
   3.08808808808809      -4.468692902556443E-003  0.412154519642407     
   3.09809809809810      -7.134732701733783E-003  0.408472972418363     
   3.10810810810811      -1.219117937704043E-002  0.409884277380416     
   3.11811811811812      -7.917342754899630E-003  0.412589750137506     
   3.12812812812813      -4.918336304346378E-003  0.408932556014583     
   3.13813813813814      -4.097796779241737E-003  0.405006196002144     
   3.14814814814815      -4.082618643904643E-003  0.401190472191093     
   3.15815815815816      -4.760813468733497E-003  0.397193522137788     
   3.16816816816817      -7.009601039084709E-003  0.392928599320056     
   3.17817817817818      -1.204325003230742E-002  0.391536549935836     
   3.18818818818819      -1.420716190826366E-002  0.393376835216717     
   3.19819819819820      -1.128190256187502E-002  0.396027801180698     
   3.20820820820821      -8.699125083290045E-003  0.391356944955579     
   3.21821821821822      -1.247342973897331E-002  0.386760722277114     
   3.22822822822823      -1.633997380539063E-002  0.390954880964002     
   3.23823823823824      -1.472442725660864E-002  0.393005685626751     
   3.24824824824825      -9.189492542562513E-003  0.394533224536075     
   3.25825825825826      -5.470188558270994E-003  0.390442219687726     
   3.26826826826827      -4.558863625536701E-003  0.386403335278701     
   3.27827827827828      -5.261242725386254E-003  0.383588514808319     
   3.28828828828829      -4.579291637223487E-003  0.382565864914382     
   3.29829829829830      -3.573934377809866E-003  0.379818736812000     
   3.30830830830831      -3.854585051865067E-003  0.377133420025482     
   3.31831831831832      -4.034270177014306E-003  0.376020416271161     
   3.32832832832833      -2.995992202325737E-003  0.374000670191499     
   3.33833833833834      -2.671413072053846E-003  0.371482469873181     
   3.34834834834835      -2.828298715183037E-003  0.369005185317567     
   3.35835835835836      -3.718428035319894E-003  0.366923262536680     
   3.36836836836837      -3.971236756698760E-003  0.366159196842204     
   3.37837837837838      -3.965766451544151E-003  0.364718963261233     
   3.38838838838839      -3.176869270224457E-003  0.363809740364163     
   3.39839839839840      -2.426133212987112E-003  0.361730229713085     
   3.40840840840841      -2.260292748187918E-003  0.359607220403384     
   3.41841841841842      -2.470041799851699E-003  0.357773135297590     
   3.42842842842843      -2.319939137038303E-003  0.356392926955787     
   3.43843843843844      -2.127445826020070E-003  0.354633192204959     
   3.44844844844845      -2.003856870456880E-003  0.353064200289956     
   3.45845845845846      -1.798359150740003E-003  0.351354166671532     
   3.46846846846847      -1.707048280086650E-003  0.349636932921785     
   3.47847847847848      -1.657956206385282E-003  0.347963881434991     
   3.48848848848849      -1.625689907952863E-003  0.346325460803949     
   3.49849849849850      -1.602585776270958E-003  0.344712871389139     
   3.50850850850851      -1.586184090670498E-003  0.343119567007234     
   3.51851851851852      -1.576380650517185E-003  0.341539783697793     
   3.52852852852853      -1.575463633788579E-003  0.339967239466131     
   3.53853853853854      -1.591349372585230E-003  0.338394030174207     
   3.54854854854855      -1.652069027418794E-003  0.336816682091489     
   3.55855855855856      -1.793495541884631E-003  0.335327574694374     
   3.56856856856857      -1.784783821559456E-003  0.333882306991986     
   3.57857857857858      -1.893742985021877E-003  0.332362083743457     
   3.58858858858859      -1.853557869725000E-003  0.330938065644657     
   3.59859859859860      -1.843783664837777E-003  0.329238667275029     
   3.60860860860861      -2.031554306350155E-003  0.327400706383842     
   3.61861861861862      -2.554305068050185E-003  0.325359849106650     
   3.62862862862863      -4.097078198112762E-003  0.323153018759024     
   3.63863863863864      -7.705331759520534E-003  0.323326758584748     
   3.64864864864865      -6.524371165874776E-003  0.326897281688641     
   3.65865865865866      -3.463606585918911E-003  0.325633173359504     
   3.66866866866867      -2.489365948421909E-003  0.323370165657612     
   3.67867867867868      -2.418055003251532E-003  0.321321528237313     
   3.68868868868869      -3.021426573615600E-003  0.319958166013213     
   3.69869869869870      -2.940721748018484E-003  0.319292995560365     
   3.70870870870871      -2.356091252467741E-003  0.318469956748302     
   3.71871871871872      -1.769907126863627E-003  0.316954687066198     
   3.72872872872873      -1.555464688849023E-003  0.315398649571562     
   3.73873873873874      -1.468643794516585E-003  0.313919290171275     
   3.74874874874875      -1.436459875879295E-003  0.312483329853846     
   3.75875875875876      -1.442905118217369E-003  0.311059214382742     
   3.76876876876877      -1.498026768486293E-003  0.309615442545589     
   3.77877877877878      -1.652961797118328E-003  0.308112134820780     
   3.78878878878879      -2.096747236702955E-003  0.306540821386158     
   3.79879879879880      -3.073415171945800E-003  0.305512929672345     
   3.80880880880881      -3.363006846746264E-003  0.304815089386783     
   3.81881881881882      -3.951916793244917E-003  0.304676090081983     
   3.82882882882883      -3.323728670780586E-003  0.303859325230992     
   3.83883883883884      -3.737876464964399E-003  0.303458163150981     
   3.84884884884885      -2.601007744150302E-003  0.302843354624930     
   3.85885885885886      -2.389650837712561E-003  0.301284220593202     
   3.86886886886887      -2.496897506536470E-003  0.300669512149862     
   3.87887887887888      -1.798779961325650E-003  0.299615585444797     
   3.88888888888889      -1.617033678072159E-003  0.298225334356886     
   3.89889889889890      -1.670655962309677E-003  0.297194512495606     
   3.90890890890891      -1.382224785577355E-003  0.296153129103730     
   3.91891891891892      -1.236549211386573E-003  0.294941761728904     
   3.92892892892893      -1.194894401861009E-003  0.293765845380406     
   3.93893893893894      -1.216872315591594E-003  0.292671905400215     
   3.94894894894895      -1.155359207696092E-003  0.291646805681027     
   3.95895895895896      -1.097963713053895E-003  0.290560551684975     
   3.96896896896897      -1.072854347848842E-003  0.289483210007355     
   3.97897897897898      -1.060235081784453E-003  0.288419470526715     
   3.98898898898899      -1.055257903612110E-003  0.287363765676235     
   3.99899899899900      -1.058348745368641E-003  0.286310007730974     
   4.00900900900901      -1.074330476617811E-003  0.285250407067378     
   4.01901901901902      -1.118488877152635E-003  0.284173427874184     
   4.02902902902903      -1.244022738097251E-003  0.283071303481558     
   4.03903903903904      -1.567005504555010E-003  0.282094069330290     
   4.04904904904905      -1.719021994471593E-003  0.281375895954721     
   4.05905905905906      -1.699968202920571E-003  0.280788497484893     
   4.06906906906907      -1.371867661179558E-003  0.279790978821227     
   4.07907907907908      -1.352774170843512E-003  0.278574740762039     
   4.08908908908909      -1.647972549031890E-003  0.277320790611070     
   4.09909909909910      -2.552748452256988E-003  0.276475317327192     
   4.10910910910911      -2.819250704278029E-003  0.276803861018211     
   4.11911911911912      -1.854406604444921E-003  0.276425933436397     
   4.12912912912913      -1.350389976713324E-003  0.275229866542213     
   4.13913913913914      -1.196610773594679E-003  0.274047751804956     
   4.14914914914915      -1.172622631443622E-003  0.272905200331348     
   4.15915915915916      -1.249913976909243E-003  0.271749058182787     
   4.16916916916917      -1.528515955022878E-003  0.270532216813278     
   4.17917917917918      -2.380733282701738E-003  0.269484793909855     
   4.18918918918919      -3.145037497049179E-003  0.269657596794986     
   4.19919919919920      -2.513339292186529E-003  0.269970715363248     
   4.20920920920921      -1.661561376078974E-003  0.268925205136458     
   4.21921921921922      -1.558359957497225E-003  0.267639930663620     
   4.22922922922923      -2.046549002167750E-003  0.266684335170663     
   4.23923923923924      -2.133468856852764E-003  0.266515193489931     
   4.24924924924925      -1.713967272397332E-003  0.266124166634769     
   4.25925925925926      -1.205548312214141E-003  0.265205354186797     
   4.26926926926927      -1.012051916558024E-003  0.264197566021096     
   4.27927927927928      -9.294491158477010E-004  0.263253920840774     
   4.28928928928929      -8.867276393596543E-004  0.262356343666117     
   4.29929929929930      -8.642643242952508E-004  0.261487707385806     
   4.30930930930931      -8.617513707044948E-004  0.260638919644996     
   4.31931931931932      -8.878477548776774E-004  0.259833375626126     
   4.32932932932933      -8.628307454278753E-004  0.259066371975498     
   4.33933933933934      -8.549995314120175E-004  0.258276788048350     
   4.34934934934935      -8.243279586953631E-004  0.257520128813989     
   4.35935935935936      -7.923954394512509E-004  0.256734276168293     
   4.36936936936937      -7.772914996054645E-004  0.255953411481009     
   4.37937937937938      -7.681179438762438E-004  0.255181601443058     
   4.38938938938939      -7.618136603677218E-004  0.254416887870377     
   4.39939939939940      -7.578489933420137E-004  0.253657386419932     
   4.40940940940941      -7.571402299720557E-004  0.252901096503163     
   4.41941941941942      -7.635874579022637E-004  0.252145575926289     
   4.42942942942943      -7.916950154984905E-004  0.251392947086981     
   4.43943943943944      -8.435495251305397E-004  0.250695345127914     
   4.44944944944945      -8.398934950811631E-004  0.250018338117162     
   4.45945945945946      -7.937400138044663E-004  0.249334439935810     
   4.46946946946947      -7.569909246884226E-004  0.248593386411448     
   4.47947947947948      -7.482535781368765E-004  0.247848484372466     
   4.48948948948949      -7.531941997066837E-004  0.247102526854046     
   4.49949949949950      -7.734285265204547E-004  0.246347429782793     
   4.50950950950951      -8.261083070793331E-004  0.245570908301021     
   4.51951951951952      -9.759132723682784E-004  0.244765485696756     
   4.52952952952953      -1.387624994358898E-003  0.244115784412147     
   4.53953953953954      -1.526230981118387E-003  0.244042395546256     
   4.54954954954955      -1.071262127909395E-003  0.243557346551034     
   4.55955955955956      -8.860319721229927E-004  0.242740551098880     
   4.56956956956957      -8.793579166366614E-004  0.241935317826115     
   4.57957957957958      -1.014164097879517E-003  0.241249587391773     
   4.58958958958959      -9.591974969880013E-004  0.240709324023795     
   4.59959959959960      -9.497999559398718E-004  0.239974978953670     
   4.60960960960961      -1.013684231148963E-003  0.239427193321313     
   4.61961961961962      -8.740331816751598E-004  0.238763820614973     
   4.62962962962963      -8.716325411670973E-004  0.237970015164439     
   4.63963963963964      -1.041241771608167E-003  0.237147902895819     
   4.64964964964965      -1.591781755067615E-003  0.236533370573194     
   4.65965965965966      -1.753215779435143E-003  0.236767609362900     
   4.66966966966967      -1.117832743304134E-003  0.236392373474468     
   4.67967967967968      -8.390209860168150E-004  0.235612552593214     
   4.68968968968969      -7.414660163778367E-004  0.234867227250532     
   4.69969969969970      -7.054128291910844E-004  0.234162387198340     
   4.70970970970971      -7.112321097511816E-004  0.233482995057880     
   4.71971971971972      -7.651068961007604E-004  0.232872963358390     
   4.72972972972973      -7.309601178295087E-004  0.232337498291462     
   4.73973973973974      -6.587461345271228E-004  0.231722847781557     
   4.74974974974975      -6.282303405018530E-004  0.231093653842192     
   4.75975975975976      -6.132791307392804E-004  0.230476200505349     
   4.76976976976977      -6.037631105353413E-004  0.229868570911517     
   4.77977977977978      -5.966880810686708E-004  0.229268492063051     
   4.78978978978979      -5.909833391422298E-004  0.228674532189559     
   4.79979979979980      -5.862747470837716E-004  0.228085732867963     
   4.80980980980981      -5.827128262487535E-004  0.227501381493452     
   4.81981981981982      -5.815889351520029E-004  0.226921596039841     
   4.82982982982983      -5.812884283696253E-004  0.226351168353408     
   4.83983983983984      -5.766737272522198E-004  0.225783128250438     
   4.84984984984985      -5.709368826827088E-004  0.225220210639605     
   4.85985985985986      -5.638892199305802E-004  0.224656152069279     
   4.86986986986987      -5.593201542388657E-004  0.224094754562914     
   4.87987987987988      -5.556669633582916E-004  0.223536958283487     
   4.88988988988989      -5.524437348593222E-004  0.222982497727734     
   4.89989989989990      -5.495529875858659E-004  0.222431095299129     
   4.90990990990991      -5.470779341796967E-004  0.221882461702711     
   4.91991991991992      -5.453898768786710E-004  0.221336222383210     
   4.92992992992993      -5.458305037720750E-004  0.220791993971529     
   4.93993993993994      -5.528601126697749E-004  0.220252607519940     
   4.94994994994995      -5.562582599420034E-004  0.219733033876250     
   4.95995995995996      -5.413995606561448E-004  0.219205474480125     
   4.96996996996997      -5.338060872460341E-004  0.218671453040595     
   4.97997997997998      -5.301852201311834E-004  0.218140043290649     
   4.98998998998999      -5.285089643133189E-004  0.217611026564248     
   5.00000000000000      -5.295074262134898E-004  0.217083502325030     
