  -5.00000000000000      -9.844586297766851E-004 -0.223159454531680     
  -4.98998998998999      -8.689032383718864E-004 -0.224058033734082     
  -4.97997997997998      -8.021916218029755E-004 -0.224879469277038     
  -4.96996996996997      -7.623170645545756E-004 -0.225653812368953     
  -4.95995995995996      -7.390625306406290E-004 -0.226399505290924     
  -4.94994994994995      -7.276890553480577E-004 -0.227129110574660     
  -4.93993993993994      -7.267177620075820E-004 -0.227852547604863     
  -4.92992992992993      -7.377276415286224E-004 -0.228579454445854     
  -4.91991991991992      -7.674438126239588E-004 -0.229321772161985     
  -4.90990990990991      -8.360398142047210E-004 -0.230097405467563     
  -4.89989989989990      -1.010563039933429E-003 -0.230929172954074     
  -4.88988988988989      -1.512398216920339E-003 -0.231718724503198     
  -4.87987987987988      -2.164554203226521E-003 -0.231842344501615     
  -4.86986986986987      -2.014928729321215E-003 -0.231405255845090     
  -4.85985985985986      -1.202752185283446E-003 -0.231942530835241     
  -4.84984984984985      -9.047491973780970E-004 -0.232805134170390     
  -4.83983983983984      -7.948040476672875E-004 -0.233605466732164     
  -4.82982982982983      -7.448602137125256E-004 -0.234358670413325     
  -4.81981981981982      -7.198528684663922E-004 -0.235083944348843     
  -4.80980980980981      -7.060131043677350E-004 -0.235793524443210     
  -4.79979979979980      -6.985401670331731E-004 -0.236494424317048     
  -4.78978978978979      -6.948428015568451E-004 -0.237190563997359     
  -4.77977977977978      -6.935648999936775E-004 -0.237884625701620     
  -4.76976976976977      -6.939866663234594E-004 -0.238578481317631     
  -4.75975975975976      -6.957164814441636E-004 -0.239273532116317     
  -4.74974974974975      -6.985585791314274E-004 -0.239970921916062     
  -4.73973973973974      -7.024581767471407E-004 -0.240671681855811     
  -4.72972972972973      -7.074919552237697E-004 -0.241376849496147     
  -4.71971971971972      -7.139016052749520E-004 -0.242087595230368     
  -4.70970970970971      -7.221988056319566E-004 -0.242805393846171     
  -4.69969969969970      -7.334473470004161E-004 -0.243532297893286     
  -4.68968968968969      -7.501307945611347E-004 -0.244271336938638     
  -4.67967967967968      -7.791585670865831E-004 -0.245025707839310     
  -4.66966966966967      -8.282676690957321E-004 -0.245786743017620     
  -4.65965965965966      -8.817400991386464E-004 -0.246568104619873     
  -4.64964964964965      -9.988230749050791E-004 -0.247420972352470     
  -4.63963963963964      -1.355841851510609E-003 -0.248263768128897     
  -4.62962962962963      -1.876391077001395E-003 -0.248666088337181     
  -4.61961961961962      -1.751018138936181E-003 -0.248653781461998     
  -4.60960960960961      -1.374101838278626E-003 -0.249417477010291     
  -4.59959959959960      -1.494203699016080E-003 -0.250035983890423     
  -4.58958958958959      -1.147512384598589E-003 -0.250547654388085     
  -4.57957957957958      -9.288051780273178E-004 -0.251412883593185     
  -4.56956956956957      -8.524799717715105E-004 -0.252267932408782     
  -4.55955955955956      -8.207763508289331E-004 -0.253093897407707     
  -4.54954954954955      -8.060639184915026E-004 -0.253903348231001     
  -4.53953953953954      -7.992329071961138E-004 -0.254704418403621     
  -4.52952952952953      -7.966194029241515E-004 -0.255501797169872     
  -4.51951951951952      -7.965229277248724E-004 -0.256298323804074     
  -4.50950950950951      -7.980795627717031E-004 -0.257095842524346     
  -4.49949949949950      -8.008420761883962E-004 -0.257895651120787     
  -4.48948948948949      -8.046253946022675E-004 -0.258698761269925     
  -4.47947947947948      -8.095120796671076E-004 -0.259506084417831     
  -4.46946946946947      -8.161348388995313E-004 -0.260318589236990     
  -4.45945945945946      -8.269928609018478E-004 -0.261136959671617     
  -4.44944944944945      -8.476822718523626E-004 -0.261954052626471     
  -4.43943943943944      -8.568377856906339E-004 -0.262761865952420     
  -4.42942942942943      -8.608494742476272E-004 -0.263582703128970     
  -4.41941941941942      -8.589032298641909E-004 -0.264417635821450     
  -4.40940940940941      -8.705197109564256E-004 -0.265271493845442     
  -4.39939939939940      -9.125014845837773E-004 -0.266132190619376     
  -4.38938938938939      -9.952987656930402E-004 -0.266923123784321     
  -4.37937937937938      -9.364580768019337E-004 -0.267690753764683     
  -4.36936936936937      -8.932054731805155E-004 -0.268562917319403     
  -4.35935935935936      -8.828933160571112E-004 -0.269443410037516     
  -4.34934934934935      -8.823622447290667E-004 -0.270324472742414     
  -4.33933933933934      -8.853106553899414E-004 -0.271208237003230     
  -4.32932932932933      -8.898025698447978E-004 -0.272096219602739     
  -4.31931931931932      -8.951122162358902E-004 -0.272989306842422     
  -4.30930930930931      -9.009235659899563E-004 -0.273888051365167     
  -4.29929929929930      -9.070844253857167E-004 -0.274792833177452     
  -4.28928928928929      -9.135181882086106E-004 -0.275703940999707     
  -4.27927927927928      -9.201892538658889E-004 -0.276621616345770     
  -4.26926926926927      -9.270912024115558E-004 -0.277546081275956     
  -4.25925925925926      -9.342513139718991E-004 -0.278477560821403     
  -4.24924924924925      -9.417667721779637E-004 -0.279416300626671     
  -4.23923923923924      -9.498915124137740E-004 -0.280362469258852     
  -4.22922922922923      -9.585607440862588E-004 -0.281316237641692     
  -4.21921921921922      -9.690520006975827E-004 -0.282278346540835     
  -4.20920920920921      -9.820089843131485E-004 -0.283248088399647     
  -4.19919919919920      -1.005032822292248E-003 -0.284223386801692     
  -4.18918918918919      -1.023483408633096E-003 -0.285181883013187     
  -4.17917917917918      -1.017132096700513E-003 -0.286157028394923     
  -4.16916916916917      -1.011895587107304E-003 -0.287154764935553     
  -4.15915915915916      -1.014361708245151E-003 -0.288165173512217     
  -4.14914914914915      -1.020557912313679E-003 -0.289182633899225     
  -4.13913913913914      -1.028121616957278E-003 -0.290207297446029     
  -4.12912912912913      -1.036045692808761E-003 -0.291239892830217     
  -4.11911911911912      -1.044403409389146E-003 -0.292280961411535     
  -4.10910910910911      -1.053092121558242E-003 -0.293330640620603     
  -4.09909909909910      -1.062031148077233E-003 -0.294389164062344     
  -4.08908908908909      -1.071190967416174E-003 -0.295456753591528     
  -4.07907907907908      -1.080561183122916E-003 -0.296533619609322     
  -4.06906906906907      -1.090140407594185E-003 -0.297619969195714     
  -4.05905905905906      -1.099932580259497E-003 -0.298716011693281     
  -4.04904904904905      -1.109945487855116E-003 -0.299821962695617     
  -4.03903903903904      -1.120190267431203E-003 -0.300938047340695     
  -4.02902902902903      -1.130681517115542E-003 -0.302064503479575     
  -4.01901901901902      -1.141438034107915E-003 -0.303201585168167     
  -4.00900900900901      -1.152484743704762E-003 -0.304349566972250     
  -3.99899899899900      -1.163858241524607E-003 -0.305508749530556     
  -3.98898898898899      -1.175627052764089E-003 -0.306679462229029     
  -3.97897897897898      -1.187947459664534E-003 -0.307861982127749     
  -3.96896896896897      -1.200601652638324E-003 -0.309056371658188     
  -3.95895895895896      -1.213534561941240E-003 -0.310263641518771     
  -3.94894894894895      -1.226880280158219E-003 -0.311484016664287     
  -3.93893893893894      -1.240866556369303E-003 -0.312718471336814     
  -3.92892892892893      -1.255699508697914E-003 -0.313967498170266     
  -3.91891891891892      -1.271571424979213E-003 -0.315231920611825     
  -3.90890890890891      -1.288680000966113E-003 -0.316512753442233     
  -3.89889889889890      -1.307341589162256E-003 -0.317811326190595     
  -3.88888888888889      -1.328035626381160E-003 -0.319129351897447     
  -3.87887887887888      -1.351482422779960E-003 -0.320469098038008     
  -3.86886886886887      -1.378795245912817E-003 -0.321833662879789     
  -3.85885885885886      -1.411766197314427E-003 -0.323227431869941     
  -3.84884884884885      -1.453430143463580E-003 -0.324656865071282     
  -3.83883883883884      -1.509259507850781E-003 -0.326131923275369     
  -3.82882882882883      -1.589935526762279E-003 -0.327668787356334     
  -3.81881881881882      -1.718559028824215E-003 -0.329295282081170     
  -3.80880880880881      -1.952399685464235E-003 -0.331061584933622     
  -3.79879879879880      -2.461634572207510E-003 -0.333053305074060     
  -3.78878878878879      -3.860149653902292E-003 -0.335266617075121     
  -3.77877877877878      -7.341941797095027E-003 -0.335536367921021     
  -3.76876876876877      -6.539788400802074E-003 -0.332460805071107     
  -3.75875875875876      -4.140092594048140E-003 -0.333061300757764     
  -3.74874874874875      -2.648872050843786E-003 -0.335046807819723     
  -3.73873873873874      -2.100708186282491E-003 -0.337133143502074     
  -3.72872872872873      -1.879025917319966E-003 -0.339033488929700     
  -3.71871871871872      -1.772951100092835E-003 -0.340824980603758     
  -3.70870870870871      -1.721008654049659E-003 -0.342557565100489     
  -3.69869869869870      -1.696583457798175E-003 -0.344259483474569     
  -3.68868868868869      -1.687867865640536E-003 -0.345948233733990     
  -3.67867867867868      -1.689125588317193E-003 -0.347634952256595     
  -3.66866866866867      -1.697361307249587E-003 -0.349327322981362     
  -3.65865865865866      -1.711061918942933E-003 -0.351031136701300     
  -3.64864864864865      -1.729548399117879E-003 -0.352751210402500     
  -3.63863863863864      -1.752765013980090E-003 -0.354492058747257     
  -3.62862862862863      -1.781247756066602E-003 -0.356258419205469     
  -3.61861861861862      -1.816259870540973E-003 -0.358055828902319     
  -3.60860860860861      -1.860168158052216E-003 -0.359891405877118     
  -3.59859859859860      -1.917272981522707E-003 -0.361775084087102     
  -3.58858858858859      -1.995635220616605E-003 -0.363721748178484     
  -3.57857857857858      -2.111233975828131E-003 -0.365755423985708     
  -3.56856856856857      -2.299943429551050E-003 -0.367917732665580     
  -3.55855855855856      -2.653251190119062E-003 -0.370283482346226     
  -3.54854854854855      -3.452546830591358E-003 -0.372975621201454     
  -3.53853853853854      -5.736292673755679E-003 -0.375880367990240     
  -3.52852852852853      -1.071097821792165E-002 -0.374860579107722     
  -3.51851851851852      -7.821158730651364E-003 -0.370710581908746     
  -3.50850850850851      -4.269853302048098E-003 -0.372904294186306     
  -3.49849849849850      -3.054024218251812E-003 -0.375855263267468     
  -3.48848848848849      -2.599416019549667E-003 -0.378497448845819     
  -3.47847847847848      -2.398242420678217E-003 -0.380931448734279     
  -3.46846846846847      -2.300835980644565E-003 -0.383253581785354     
  -3.45845845845846      -2.253290574019475E-003 -0.385517750538858     
  -3.44844844844845      -2.232730187069023E-003 -0.387754399896536     
  -3.43843843843844      -2.228199500726757E-003 -0.389981780885920     
  -3.42842842842843      -2.233965518308534E-003 -0.392211558622826     
  -3.41841841841842      -2.246837179153990E-003 -0.394451672955137     
  -3.40840840840841      -2.264986582765558E-003 -0.396707886145608     
  -3.39839839839840      -2.287412835050187E-003 -0.398984689640756     
  -3.38838838838839      -2.313747987509395E-003 -0.401285909219424     
  -3.37837837837838      -2.344379021466308E-003 -0.403615218127402     
  -3.36836836836837      -2.381251293581950E-003 -0.405976724650424     
  -3.35835835835836      -2.431216993283429E-003 -0.408375365289331     
  -3.34834834834835      -2.520027731211808E-003 -0.410808394125885     
  -3.33833833833834      -2.658951104447709E-003 -0.413173338920835     
  -3.32832832832833      -2.629734592170100E-003 -0.415550798899816     
  -3.31831831831832      -2.624990593765276E-003 -0.418053996524332     
  -3.30830830830831      -2.624154909787970E-003 -0.420608176390036     
  -3.29829829829830      -2.646340997291306E-003 -0.423226040648935     
  -3.28828828828829      -2.689241232051227E-003 -0.425889007908336     
  -3.27827827827828      -2.748015017606340E-003 -0.428602677153917     
  -3.26826826826827      -2.830780587707064E-003 -0.431379888436421     
  -3.25825825825826      -2.969399600291234E-003 -0.434240399165101     
  -3.24824824824825      -3.281977361437192E-003 -0.437192024228314     
  -3.23823823823824      -4.070873192005255E-003 -0.439842467959207     
  -3.22822822822823      -3.944911664206298E-003 -0.441600843212465     
  -3.21821821821822      -3.346650301828439E-003 -0.444510653591229     
  -3.20820820820821      -3.181126739101693E-003 -0.447647698518975     
  -3.19819819819820      -3.153128253273129E-003 -0.450783700412187     
  -3.18818818818819      -3.170607671993262E-003 -0.453934194286357     
  -3.17817817817818      -3.206538619189944E-003 -0.457118893453016     
  -3.16816816816817      -3.253420761080267E-003 -0.460348432577637     
  -3.15815815815816      -3.307379915206735E-003 -0.463629559663050     
  -3.14814814814815      -3.366913228748443E-003 -0.466967808251416     
  -3.13813813813814      -3.431894955631674E-003 -0.470368158767504     
  -3.12812812812813      -3.503631946045244E-003 -0.473835879812644     
  -3.11811811811812      -3.586542953627353E-003 -0.477377512128038     
  -3.10810810810811      -3.695485889739149E-003 -0.481001069360441     
  -3.09809809809810      -3.885061246318232E-003 -0.484692132532110     
  -3.08808808808809      -4.120864244155243E-003 -0.488232065524424     
  -3.07807807807808      -4.051041503173603E-003 -0.491905077866902     
  -3.06806806806807      -4.059427710150996E-003 -0.495775576718521     
  -3.05805805805806      -4.073927716495944E-003 -0.499765985710910     
  -3.04804804804805      -4.134564922542335E-003 -0.503857107587314     
  -3.03803803803804      -4.215924871839944E-003 -0.508030577613487     
  -3.02802802802803      -4.307421401617123E-003 -0.512293082101753     
  -3.01801801801802      -4.406035055941965E-003 -0.516651416714631     
  -3.00800800800801      -4.511080635745775E-003 -0.521111619072829     
  -2.99799799799800      -4.623350909854137E-003 -0.525678901996809     
  -2.98798798798799      -4.741256053417717E-003 -0.530355195080564     
  -2.97797797797798      -4.860699596172997E-003 -0.535153045926348     
  -2.96796796796797      -4.988801510194945E-003 -0.540078787126483     
  -2.95795795795796      -5.125417217030488E-003 -0.545137347042312     
  -2.94794794794795      -5.271062277811833E-003 -0.550336772999598     
  -2.93793793793794      -5.427147307330068E-003 -0.555686454070079     
  -2.92792792792793      -5.595994376339949E-003 -0.561197524062828     
  -2.91791791791792      -5.781449164156968E-003 -0.566883790379788     
  -2.90790790790791      -5.990419563769413E-003 -0.572763395538006     
  -2.89789789789790      -6.236926174273179E-003 -0.578861828547537     
  -2.88788788788789      -6.554374892601412E-003 -0.585215368036441     
  -2.87787787787788      -7.014320862856215E-003 -0.591856656419918     
  -2.86786786786787      -7.748157617243180E-003 -0.598869638858318     
  -2.85785785785786      -9.420733440402196E-003 -0.606275307028846     
  -2.84784784784785      -1.325190275161717E-002 -0.611535327643495     
  -2.83783783783784      -1.152484240232873E-002 -0.613935356727895     
  -2.82782782782783      -9.179661088724962E-003 -0.621645707375038     
  -2.81781781781782      -8.615312118816889E-003 -0.630023030874522     
  -2.80780780780781      -8.647696353776690E-003 -0.638409378621770     
  -2.79779779779780      -8.797709165884796E-003 -0.646818380012537     
  -2.78778778778779      -8.977223687718845E-003 -0.655549365998422     
  -2.77777777777778      -9.238538029746167E-003 -0.664583232944830     
  -2.76776776776777      -9.561392615047013E-003 -0.673957733714577     
  -2.75775775775776      -9.936741630907995E-003 -0.683696416207490     
  -2.74774774774775      -1.035547351275958E-002 -0.693835171646718     
  -2.73773773773774      -1.081593615165230E-002 -0.704413826922429     
  -2.72772772772773      -1.131992309219991E-002 -0.715474034855662     
  -2.71771771771772      -1.187101816255701E-002 -0.727060532242112     
  -2.70770770770771      -1.247414254114458E-002 -0.739222405493319     
  -2.69769769769770      -1.313548650056706E-002 -0.752014290104144     
  -2.68768768768769      -1.386261469511888E-002 -0.765497636612581     
  -2.67767767767768      -1.466468873592514E-002 -0.779742151650336     
  -2.66766766766767      -1.555280091281722E-002 -0.794827514352058     
  -2.65765765765766      -1.654043760380326E-002 -0.810845479849834     
  -2.64764764764765      -1.764411105622417E-002 -0.827902510136496     
  -2.63763763763764      -1.888422229877122E-002 -0.846123120358758     
  -2.62762762762763      -2.028625263504331E-002 -0.865654202682407     
  -2.61761761761762      -2.188243549338765E-002 -0.886670703675185     
  -2.60760760760761      -2.371414963131803E-002 -0.909383208167605     
  -2.59759759759760      -2.583542715363502E-002 -0.934048263909283     
  -2.58758758758759      -2.831824158767229E-002 -0.960982740094491     
  -2.57757757757758      -3.126074552883604E-002 -0.990584275683317     
  -2.56756756756757      -3.480060008251545E-002  -1.02336117265264     
  -2.55755755755756      -3.913679708470801E-002  -1.05997740784969     
  -2.54754754754755      -4.457006617055494E-002  -1.10132625400570     
  -2.53753753753754      -5.158107015836928E-002  -1.14864470500520     
  -2.52752752752753      -6.098709986008688E-002  -1.20371791215936     
  -2.51751751751752      -7.431394486480764E-002  -1.26925017642611     
  -2.50750750750751      -9.479491018093242E-002  -1.34955824080804     
  -2.49749749749750      -0.130629822071560       -1.45162344637874     
  -2.48748748748749      -0.207125824000162       -1.58177271677257     
  -2.47747747747748      -0.370580101811159       -1.69516928099783     
  -2.46746746746747      -0.559909975494762       -1.71848968096110     
  -2.45745745745746      -0.719489324507318       -1.69403801307113     
  -2.44744744744745      -0.854337568068400       -1.65027656805240     
  -2.43743743743744      -0.971308338200595       -1.59606310483590     
  -2.42742742742743       -1.07343468360521       -1.53623908518047     
  -2.41741741741742       -1.16801765312348       -1.47364901035909     
  -2.40740740740741       -1.25482386715781       -1.40578762073230     
  -2.39739739739740       -1.33612636162142       -1.33346822451438     
  -2.38738738738739       -1.41118644305593       -1.25598614636944     
  -2.37737737737738       -1.48041290996813       -1.17402923865527     
  -2.36736736736737       -1.54426700764813       -1.08753928273825     
  -2.35735735735736       -1.60295491203558      -0.996259426177447     
  -2.34734734734735       -1.65644151621795      -0.899790948049722     
  -2.33733733733734       -1.70450568918662      -0.797700259778995     
  -2.32732732732733       -1.74674362377618      -0.689463113185908     
  -2.31731731731732       -1.78252915811158      -0.574472010699899     
  -2.30730730730731       -1.81096348350519      -0.452031474159785     
  -2.29729729729730       -1.83079658781881      -0.321357694874593     
  -2.28728728728729       -1.84030866898439      -0.181584916625678     
  -2.27727727727728       -1.83712909953585      -3.178970047855679E-002
  -2.26726726726727       -1.81795456041890       0.128944425633604     
  -2.25725725725726       -1.77809595821677       0.301370824447330     
  -2.24724724724725       -1.71071927843737       0.485705992084912     
  -2.23723723723724       -1.60551160644160       0.680692785834455     
  -2.22722722722723       -1.44625032284051       0.881012148620530     
  -2.21721721721722       -1.20677840090433        1.06894033353666     
  -2.20720720720721      -0.854159293839899        1.18327174072854     
  -2.19719719719720      -0.463469964484037        1.08081686448997     
  -2.18718718718719      -0.258280984792391       0.853015638175484     
  -2.17717717717718      -0.171482624555079       0.669861127040714     
  -2.16716716716717      -0.126729237064433       0.532008427407130     
  -2.15715715715716      -9.993055501831323E-002  0.423893377100798     
  -2.14714714714715      -8.248293626489611E-002  0.335652403982274     
  -2.13713713713714      -7.109187954604823E-002  0.261420276560543     
  -2.12712712712713      -6.443667909931747E-002  0.199598611439816     
  -2.11711711711712      -5.611893470188510E-002  0.146731603329940     
  -2.10710710710711      -5.100627384863712E-002  9.717102058455680E-002
  -2.09709709709710      -4.772030596097949E-002  5.654892192826184E-002
  -2.08708708708709      -4.083051005921037E-002  1.774884755766355E-002
  -2.07707707707708      -3.644384198730582E-002 -1.975651586110884E-002
  -2.06706706706707      -3.342703489115485E-002 -5.432681804250693E-002
  -2.05705705705706      -3.108439857401634E-002 -8.639318492783304E-002
  -2.04704704704705      -2.917543830668927E-002 -0.116399341282476     
  -2.03703703703704      -2.758718105103983E-002 -0.144690692776595     
  -2.02702702702703      -2.625328409514233E-002 -0.171540910511732     
  -2.01701701701702      -2.512686604636491E-002 -0.197172388900138     
  -2.00700700700701      -2.417543897925482E-002 -0.221776579562030     
  -1.99699699699700      -2.337594284988524E-002 -0.245507584419988     
  -1.98698698698699      -2.270085802152411E-002 -0.268509790515750     
  -1.97697697697698      -2.214366645932241E-002 -0.290907385548475     
  -1.96696696696697      -2.169161284412672E-002 -0.312805491137396     
  -1.95695695695696      -2.133428706630857E-002 -0.334302237753563     
  -1.94694694694695      -2.106397253689869E-002 -0.355487648693740     
  -1.93693693693694      -2.087483600335381E-002 -0.376445158314404     
  -1.92692692692693      -2.076236665250483E-002 -0.397252973560855     
  -1.91691691691692      -2.072327345780892E-002 -0.417986561558681     
  -1.90690690690691      -2.075625535007944E-002 -0.438717608653255     
  -1.89689689689690      -2.085995412175465E-002 -0.459517014435973     
  -1.88688688688689      -2.103456365563952E-002 -0.480455462001238     
  -1.87687687687688      -2.128133869712615E-002 -0.501604123849089     
  -1.86686686686687      -2.160253412840633E-002 -0.523035882478724     
  -1.85685685685686      -2.200155923934809E-002 -0.544826433565278     
  -1.84684684684685      -2.248309957170285E-002 -0.567055464560911     
  -1.83683683683684      -2.305329385672935E-002 -0.589807992684543     
  -1.82682682682683      -2.371998293218383E-002 -0.613175909178085     
  -1.81681681681682      -2.449305737625449E-002 -0.637259799045221     
  -1.80680680680681      -2.538491675320460E-002 -0.662171065869154     
  -1.79679679679680      -2.641076347211825E-002 -0.688034763906108     
  -1.78678678678679      -2.759014015105904E-002 -0.714993348256404     
  -1.77677677677678      -2.894770260510432E-002 -0.743210209189369     
  -1.76676676676677      -3.051473632733580E-002 -0.772876024157653     
  -1.75675675675676      -3.233180597779622E-002 -0.804216246684481     
  -1.74674674674675      -3.445230297072489E-002 -0.837501487523813     
  -1.73673673673674      -3.694805458994630E-002 -0.873062072627986     
  -1.72672672672673      -3.991845707676893E-002 -0.911309000880089     
  -1.71671671671672      -4.350662222403607E-002 -0.952765132968754     
  -1.70670670670671      -4.793213429164883E-002 -0.998112427336330     
  -1.69669669669670      -5.357297318614775E-002  -1.04824987090430     
  -1.68668668668669      -6.105717139128350E-002  -1.10419325662892     
  -1.67667667667668      -7.088688254449463E-002  -1.16756872952808     
  -1.66666666666667      -8.438749311563291E-002  -1.24072178536177     
  -1.65665665665666      -0.104254511533998       -1.32862762210187     
  -1.64664664664665      -0.139059383381494       -1.43841984648128     
  -1.63663663663664      -0.214070932496164       -1.57611287439708     
  -1.62662662662663      -0.375340884355507       -1.69653982040817     
  -1.61661661661662      -0.560482133278204       -1.72625275929016     
  -1.60660660660661      -0.713069012858164       -1.70924659295248     
  -1.59659659659660      -0.838842370615374       -1.67530610730083     
  -1.58658658658659      -0.945801554234033       -1.63389810097122     
  -1.57657657657658       -1.03895859477822       -1.58864953835591     
  -1.56656656656657       -1.12148338035297       -1.54123087653211     
  -1.55655655655656       -1.19549478618434       -1.49251440415192     
  -1.54654654654655       -1.26248255282579       -1.44299617504063     
  -1.53653653653654       -1.32353801724648       -1.39297526379404     
  -1.52652652652653       -1.37948739673541       -1.34263920158139     
  -1.51651651651652       -1.43097297386879       -1.29210843639880     
  -1.50650650650651       -1.47850489175083       -1.24146111868036     
  -1.49649649649650       -1.52249553183637       -1.19074770001510     
  -1.48648648648649       -1.56328311277681       -1.13999992324815     
  -1.47647647647648       -1.60114836261631       -1.08923656232915     
  -1.46646646646647       -1.63632659121607       -1.03846719380129     
  -1.45645645645646       -1.66901661819163      -0.987694727665572     
  -1.44644644644645       -1.69938749390388      -0.936917124075246     
  -1.43643643643644       -1.72758363165831      -0.886128548630294     
  -1.42642642642643       -1.75372876326831      -0.835320109963496     
  -1.41641641641642       -1.77792898676256      -0.784480242271663     
  -1.40640640640641       -1.80027505477886      -0.733594713720526     
  -1.39639639639640       -1.82084390588782      -0.682646120218770     
  -1.38638638638639       -1.83969913929887      -0.631612483751885     
  -1.37637637637638       -1.85688926170095      -0.580464033209034     
  -1.36636636636637       -1.87243901795944      -0.529156220103924     
  -1.35635635635636       -1.88631659115774      -0.477621306086968     
  -1.34634634634635       -1.89833039419799      -0.425763464578265     
  -1.33633633633634       -1.90753833576424      -0.373954477388088     
  -1.32632632632633       -1.91566585724958      -0.325558153330130     
  -1.31631631631632       -1.92596246280956      -0.275020687081017     
  -1.30630630630631       -1.93358128476209      -0.222798787190258     
  -1.29629629629630       -1.93916014231116      -0.170428064789244     
  -1.28628628628629       -1.94308904468843      -0.117959778410732     
  -1.27627627627628       -1.94547802637942      -6.534415066155601E-002
  -1.26626626626627       -1.94635591357041      -1.254132981957935E-002
  -1.25625625625626       -1.94572098340303       4.047818773460532E-002
  -1.24624624624625       -1.94355482520702       9.373379646844728E-002
  -1.23623623623624       -1.93984474829897       0.147239523438375     
  -1.22622622622623       -1.93455612301709       0.201027121031117     
  -1.21621621621622       -1.92764799465072       0.255112762164683     
  -1.20620620620621       -1.91906522172260       0.309513727237236     
  -1.19619619619620       -1.90875252453344       0.364241551216948     
  -1.18618618618619       -1.89664572033904       0.419309663105406     
  -1.17617617617618       -1.88267173602141       0.474731828287366     
  -1.16616616616617       -1.86674630015107       0.530521400138727     
  -1.15615615615616       -1.84877305818237       0.586690703633902     
  -1.14614614614615       -1.82864208852650       0.643250816323146     
  -1.13613613613614       -1.80622791706273       0.700211254068472     
  -1.12612612612613       -1.78138701747063       0.757579518775082     
  -1.11611611611612       -1.75395467815824       0.815360471468463     
  -1.10610610610611       -1.72374104894280       0.873555469942896     
  -1.09609609609610       -1.69052610019784       0.932161176325341     
  -1.08608608608609       -1.65405311224075       0.991167888773671     
  -1.07607607607608       -1.61402013956493        1.05055716960593     
  -1.06606606606607       -1.57006862539693        1.11029840545220     
  -1.05605605605606       -1.52176791146713        1.17034369823890     
  -1.04604604604605       -1.46859367698956        1.23062005895260     
  -1.03603603603604       -1.40989712542566        1.29101707085357     
  -1.02602602602603       -1.34485957632706        1.35136658737718     
  -1.01601601601602       -1.27242310346697        1.41140764058903     
  -1.00600600600601       -1.19118002840540        1.47072200597748     
 -0.995995995995996       -1.09918802760663        1.52860655498646     
 -0.985985985985986      -0.993643428774540        1.58379446406028     
 -0.975975975975976      -0.870274685221101        1.63376267531908     
 -0.965965965965966      -0.722241559236835        1.67268861523882     
 -0.955955955955956      -0.539467273826865        1.68406609410385     
 -0.945945945945946      -0.330030006456952        1.61918169087818     
 -0.935935935935936      -0.190698925130234        1.46943640675445     
 -0.925925925925926      -0.130530825094400        1.33357663307210     
 -0.915915915915916      -9.980615313881583E-002   1.22701582675264     
 -0.905905905905906      -8.108077317500550E-002   1.14059521763329     
 -0.895895895895896      -6.841926692238523E-002   1.06799102672390     
 -0.885885885885886      -5.927682227987210E-002   1.00558224814279     
 -0.875875875875876      -5.223267152161072E-002  0.950746235122104     
 -0.865865865865866      -4.669614980952661E-002  0.901863655351701     
 -0.855855855855856      -4.223054658259122E-002  0.857759282115428     
 -0.845845845845846      -3.856158394919568E-002  0.817609096134209     
 -0.835835835835836      -3.548820607492972E-002  0.780764918137755     
 -0.825825825825826      -3.287652699917448E-002  0.746719440766552     
 -0.815815815815816      -3.063204413995929E-002  0.715070864100558     
 -0.805805805805806      -2.868548080300320E-002  0.685494933211670     
 -0.795795795795796      -2.698472720033207E-002  0.657725507045588     
 -0.785785785785786      -2.548981006714501E-002  0.631540838655597     
 -0.775775775775776      -2.416958713332274E-002  0.606753641579704     
 -0.765765765765765      -2.299949988571333E-002  0.583203727320382     
 -0.755755755755755      -2.196000711622832E-002  0.560752429996494     
 -0.745745745745745      -2.103547235491055E-002  0.539278297251469     
 -0.735735735735735      -2.021336336586810E-002  0.518673691356177     
 -0.725725725725725      -1.948367262982367E-002  0.498842050351555     
 -0.715715715715715      -1.883849933858821E-002  0.479695628357505     
 -0.705705705705705      -1.827175392736766E-002  0.461153579886934     
 -0.695695695695695      -1.777896010635674E-002  0.443140282935677     
 -0.685685685685685      -1.735713943924977E-002  0.425583814429239     
 -0.675675675675675      -1.700477150749171E-002  0.408414501982725     
 -0.665665665665665      -1.672182986983056E-002  0.391563479199971     
 -0.655655655655655      -1.650990148318199E-002  0.374961168153246     
 -0.645645645645645      -1.637240618643345E-002  0.358535601454707     
 -0.635635635635635      -1.631494482879108E-002  0.342210475422210     
 -0.625625625625625      -1.634582199442517E-002  0.325902791482733     
 -0.615615615615615      -1.647681584539991E-002  0.309519888675167     
 -0.605605605605605      -1.672430988643685E-002  0.292955584983760     
 -0.595595595595595      -1.711097101387920E-002  0.276085010659266     
 -0.585585585585585      -1.766827632659589E-002  0.258757500421308     
 -0.575575575575575      -1.844039843382729E-002  0.240786556139403     
 -0.565565565565565      -1.949033588998028E-002  0.221935292225890     
 -0.555555555555555      -2.090988871802035E-002  0.201894733614985     
 -0.545545545545545      -2.283649205817547E-002  0.180250459910836     
 -0.535535535535535      -2.548287211923036E-002  0.156429579303293     
 -0.525525525525525      -2.919204846515807E-002  0.129613166547414     
 -0.515515515515515      -3.454592680381260E-002  9.858534986175700E-002
 -0.505505505505505      -4.259685457573303E-002  6.146116368322415E-002
 -0.495495495495495      -5.540250853433343E-002  1.517388912546709E-002
 -0.485485485485485      -7.744410444980995E-002 -4.557604967784266E-002
 -0.475475475475475      -0.120072684849715      -0.130225859799792     
 -0.465465465465465      -0.218037360545524      -0.253245430639175     
 -0.455455455455455      -0.487837528680416      -0.386432883242547     
 -0.445445445445445      -0.954380282913103      -0.187881929398238     
 -0.435435435435435       -1.07160607861896       0.365342883751550     
 -0.425425425425425      -0.753381568098604       0.786533466967180     
 -0.415415415415415      -0.345320103579043       0.799184255933734     
 -0.405405405405405      -0.166448051448694       0.660022711670418     
 -0.395395395395395      -9.766185989089858E-002  0.555808838431088     
 -0.385385385385385      -6.532147320933396E-002  0.483844671112060     
 -0.375375375375375      -4.760346802712730E-002  0.431496900751841     
 -0.365365365365365      -3.683352552515103E-002  0.391340950298433     
 -0.355355355355355      -2.978485075602091E-002  0.359176915985481     
 -0.345345345345345      -2.491017820691550E-002  0.332514139118916     
 -0.335335335335335      -2.139184303305455E-002  0.309796133697818     
 -0.325325325325325      -1.876439934918504E-002  0.290003993825907     
 -0.315315315315315      -1.674690219446418E-002  0.272443831887706     
 -0.305305305305305      -1.516153721853317E-002  0.256626974244158     
 -0.295295295295295      -1.389126852163729E-002  0.242199250536528     
 -0.285285285285285      -1.285648860896985E-002  0.228897528694658     
 -0.275275275275275      -1.200151134643529E-002  0.216522032611225     
 -0.265265265265265      -1.128643421699290E-002  0.204918155738018     
 -0.255255255255255      -1.068206137219452E-002  0.193964182272781     
 -0.245245245245245      -1.016663909505679E-002  0.183562793480021     
 -0.235235235235235      -9.723700716123671E-003  0.173635063148126     
 -0.225225225225225      -9.340610979620273E-003  0.164116127897487     
 -0.215215215215215      -9.007563278446642E-003  0.154952007269649     
 -0.205205205205205      -8.716877487139238E-003  0.146097226769173     
 -0.195195195195195      -8.462502289001863E-003  0.137513009369424     
 -0.185185185185185      -8.239660413246669E-003  0.129165873050642     
 -0.175175175175175      -8.044597203410062E-003  0.121026518593159     
 -0.165165165165165      -7.874407733942034E-003  0.113068921818843     
 -0.155155155155155      -7.726928620405607E-003  0.105269562741001     
 -0.145145145145145      -7.600690227250807E-003  9.760673310237310E-002
 -0.135135135135135      -7.494935711305565E-003  9.005986388505298E-002
 -0.125125125125125      -7.409729004926582E-003  8.260880340335036E-002
 -0.115115115115115      -7.346201686706132E-003  7.523294834556538E-002
 -0.105105105105105      -7.307044990942538E-003  6.791007047958586E-002
 -9.509509509509506E-002 -7.297478447834470E-003  6.061455922152392E-002
 -8.508508508508505E-002 -7.327231254689336E-003  5.331454344449985E-002
 -7.507507507507505E-002 -7.414890502661107E-003  4.596680008460303E-002
 -6.506506506506504E-002 -7.598439225566521E-003  3.850715284396638E-002
 -5.505505505505504E-002 -7.964164076994977E-003  3.083178090751626E-002
 -4.504504504504503E-002 -8.741551365816872E-003  2.276368611564292E-002
 -3.503503503503502E-002 -1.068260532746589E-002  1.408355377167678E-002
 -2.502502502502502E-002 -1.628347226415042E-002  6.147206123624263E-003
 -1.501501501501501E-002 -2.039501003551726E-002  6.675894780748298E-003
 -5.005005005005003E-003 -1.886392378790870E-002  2.075849301674078E-003
  5.005005005005003E-003 -1.888568768270784E-002 -1.751450982848531E-003
  1.501501501501501E-002 -2.050036262275619E-002 -6.412686951586518E-003
  2.502502502502502E-002 -1.653467323857284E-002 -5.640895753100422E-003
  3.503503503503502E-002 -1.077512176591965E-002 -1.351125812234408E-002
  4.504504504504503E-002 -8.779008773085928E-003 -2.221767008047687E-002
  5.505505505505504E-002 -7.983249590723619E-003 -3.030528673560522E-002
  6.506506506506504E-002 -7.610149265648386E-003 -3.799324584036984E-002
  7.507507507507505E-002 -7.423357893504914E-003 -4.546182725479056E-002
  8.508508508508505E-002 -7.334377095177726E-003 -5.281679442052359E-002
  9.509509509509506E-002 -7.304385881553800E-003 -6.012347766041992E-002
  0.105105105105105      -7.314457664924369E-003 -6.742587987373075E-002
  0.115115115115115      -7.354734777170155E-003 -7.475649094540127E-002
  0.125125125125125      -7.419974656336269E-003 -8.214149223001031E-002
  0.135135135135135      -7.507526980145366E-003 -8.960370256541419E-002
  0.145145145145145      -7.616349534145772E-003 -9.716438457550991E-002
  0.155155155155155      -7.746513107069914E-003 -0.104844461037285     
  0.165165165165165      -7.898958891258103E-003 -0.112665428742821     
  0.175175175175175      -8.075400581298148E-003 -0.120650132736681     
  0.185185185185185      -8.278321403058423E-003 -0.128823503891439     
  0.195195195195195      -8.511045354767056E-003 -0.137213335415112     
  0.205205205205205      -8.777878824858820E-003 -0.145851164824843     
  0.215215215215215      -9.084331077856495E-003 -0.154773331194696     
  0.225225225225225      -9.437434020756554E-003 -0.164022291457604     
  0.235235235235235      -9.846196307421687E-003 -0.173648305491404     
  0.245245245245245      -1.032224768304380E-002 -0.183711641717417     
  0.255255255255255      -1.088076159299938E-002 -0.194285520733713     
  0.265265265265265      -1.154179597568655E-002 -0.205460117628805     
  0.275275275275275      -1.233227902301902E-002 -0.217348107543899     
  0.285285285285285      -1.328901694393753E-002 -0.230092505133355     
  0.295295295295295      -1.446336972930263E-002 -0.243877991616811     
  0.305305305305305      -1.592874092861483E-002 -0.258947682703262     
  0.315315315315315      -1.779299757952249E-002 -0.275628636608448     
  0.325325325325325      -2.021991342072280E-002 -0.294371875936515     
  0.335335335335335      -2.346799440468982E-002 -0.315817436921474     
  0.345345345345345      -2.796489319757630E-002 -0.340904452315413     
  0.355355355355355      -3.446026957278058E-002 -0.371066183895824     
  0.365365365365365      -4.436806373650358E-002 -0.408593354204590     
  0.375375375375375      -6.062188024733545E-002 -0.457343858939654     
  0.385385385385385      -9.014119605206877E-002 -0.524140270706501     
  0.395395395395395      -0.152359870574932      -0.620780376057656     
  0.405405405405405      -0.312857423199930      -0.753267533414428     
  0.415415415415415      -0.701350227359696      -0.761156729134761     
  0.425425425425425       -1.02599182379148      -0.345257874521920     
  0.435435435435435      -0.880874291293312       0.202133827918599     
  0.445445445445445      -0.423778726272911       0.345679258104706     
  0.455455455455455      -0.192282611659467       0.211660889456305     
  0.465465465465465      -0.107887967741128       9.950940495911134E-002
  0.475475475475475      -7.044768328852898E-002  2.240329425632154E-002
  0.485485485485485      -5.085459399912353E-002 -3.329434977345098E-002
  0.495495495495495      -3.938712703839511E-002 -7.602014191639467E-002
  0.505505505505505      -3.214667037219679E-002 -0.110498665216593     
  0.515515515515515      -2.731881087403776E-002 -0.139478160459536     
  0.525525525525525      -2.396963419988168E-002 -0.164654019397355     
  0.535535535535535      -2.157966163129727E-002 -0.187123338632163     
  0.545545545545545      -1.984133378084434E-002 -0.207627189747181     
  0.555555555555555      -1.856328859929943E-002 -0.226685331268657     
  0.565565565565565      -1.762158307767400E-002 -0.244674631763203     
  0.575575575575575      -1.693327037040749E-002 -0.261876701359365     
  0.585585585585585      -1.644134594438384E-002 -0.278507929466113     
  0.595595595595595      -1.610580009839706E-002 -0.294739070112245     
  0.605605605605605      -1.589810580703132E-002 -0.310708401705334     
  0.615615615615615      -1.579771812399774E-002 -0.326530817624507     
  0.625625625625625      -1.578979365422032E-002 -0.342304273423554     
  0.635635635635635      -1.586367383552415E-002 -0.358114479952373     
  0.645645645645645      -1.601186065743626E-002 -0.374038412989866     
  0.655655655655655      -1.622931907141891E-002 -0.390147015600365     
  0.665665665665665      -1.651300267819351E-002 -0.406507348244001     
  0.675675675675675      -1.686153722518721E-002 -0.423184364866732     
  0.685685685685685      -1.727502031401625E-002 -0.440242444108882     
  0.695695695695695      -1.775491131464573E-002 -0.457746773587962     
  0.705705705705705      -1.830399621066545E-002 -0.475764666098377     
  0.715715715715715      -1.892642004842638E-002 -0.494366876103594     
  0.725725725725725      -1.962778621458385E-002 -0.513628981196582     
  0.735735735735735      -2.041532795752110E-002 -0.533632895482949     
  0.745745745745745      -2.129816433040398E-002 -0.554468590202831     
  0.755755755755755      -2.228766110546905E-002 -0.576236112352560     
  0.765765765765765      -2.339792857674396E-002 -0.599048016689353     
  0.775775775775776      -2.464650462238372E-002 -0.623032363943264     
  0.785785785785786      -2.605529634368535E-002 -0.648336494366392     
  0.795795795795796      -2.765189289919696E-002 -0.675131870930504     
  0.805805805805806      -2.947142643517819E-002 -0.703620417386849     
  0.815815815815816      -3.155926771152343E-002 -0.734042982130150     
  0.825825825825826      -3.397504073945851E-002 -0.766690891219485     
  0.835835835835836      -3.679882693677818E-002 -0.801922107243646     
  0.845845845845846      -4.014129116327504E-002 -0.840184440945276     
  0.855855855855856      -4.416184986528644E-002 -0.882049509585194     
  0.865865865865866      -4.910534754700505E-002 -0.928256831463802     
  0.875875875875876      -5.532259604555612E-002 -0.979756494599372     
  0.885885885885886      -6.337574194496269E-002  -1.03788462024644     
  0.895895895895896      -7.399860220709543E-002  -1.10457997508660     
  0.905905905905906      -8.897577579434103E-002  -1.18302693984049     
  0.915915915915916      -0.112165494941100       -1.27820877412147     
  0.925925925925926      -0.153570980433227       -1.39798363872269     
  0.935935935935936      -0.244267658659140       -1.54747149151130     
  0.945945945945946      -0.430785233654141       -1.66640637914515     
  0.955955955955956      -0.632094105684812       -1.68528779836672     
  0.965965965965966      -0.796082329879176       -1.65727375721647     
  0.975975975975976      -0.930658275217196       -1.61214701017443     
  0.985985985985986       -1.04442954401156       -1.55949856471281     
  0.995995995995996       -1.14277835401563       -1.50309426458684     
   1.00600600600601       -1.22913837046564       -1.44470162963899     
   1.01601601601602       -1.30582563182049       -1.38525794028260     
   1.02602602602603       -1.37448233377353       -1.32530362920295     
   1.03603603603604       -1.43632115696121       -1.26516898804285     
   1.04604604604605       -1.49226733875144       -1.20506413700811     
   1.05605605605606       -1.54304571641371       -1.14512627386825     
   1.06606606606607       -1.58923654160154       -1.08544622702216     
   1.07607607607608       -1.63131269089804       -1.02608421409237     
   1.08608608608609       -1.66966531143951      -0.967079621286784     
   1.09609609609610       -1.70462200650789      -0.908457301255682     
   1.10610610610611       -1.73646005162636      -0.850231756687105     
   1.11611611611612       -1.76541620568793      -0.792409992913264     
   1.12612612612613       -1.79169413041411      -0.734993506022244     
   1.13613613613614       -1.81547009226919      -0.677979693668249     
   1.14614614614615       -1.83689740592505      -0.621362870337948     
   1.15615615615616       -1.85610993808849      -0.565135004476778     
   1.16616616616617       -1.87322489583426      -0.509286253775249     
   1.17617617617618       -1.88834505493114      -0.453805346647977     
   1.18618618618619       -1.90156051837342      -0.398679837646908     
   1.19619619619620       -1.91294996485639      -0.343896298428049     
   1.20620620620621       -1.92258144249978      -0.289441233091679     
   1.21621621621622       -1.93051492442738      -0.235300770271852     
   1.22622622622623       -1.93680272642694      -0.181465097485782     
   1.23623623623624       -1.94149438865692      -0.127911305489652     
   1.24624624624625       -1.94463040641002      -7.462540896381006E-002
   1.25625625625626       -1.94623175614709      -2.157105896741293E-002
   1.26626626626627       -1.94630928913549       3.126576031745096E-002
   1.27627627627628       -1.94486637791598       8.391435788339940E-002
   1.28628628628629       -1.94186789041656       0.136417815564283     
   1.29629629629630       -1.93716912364429       0.188824103921129     
   1.30630630630631       -1.93024629872761       0.240951120575493     
   1.31631631631632       -1.92125561786667       0.290468875838118     
   1.32632632632633       -1.91495109527179       0.340059315353738     
   1.33633633633634       -1.90613607139180       0.392028094024046     
   1.34634634634635       -1.89498114109638       0.443753273203987     
   1.35635635635636       -1.88210147727640       0.495190177547480     
   1.36636636636637       -1.86761036633138       0.546420641405526     
   1.37637637637638       -1.85152273765160       0.597500002751917     
   1.38638638638639       -1.83381311500298       0.648465697475705     
   1.39639639639640       -1.81443722453579       0.699344045372396     
   1.40640640640641       -1.79333783499995       0.750155373999968     
   1.41641641641642       -1.77044584581531       0.800916409777257     
   1.42642642642643       -1.74567976215168       0.851641330490395     
   1.43643643643644       -1.71894435112422       0.902342147333241     
   1.44644644644645       -1.69012868560713       0.953028691315356     
   1.45645645645646       -1.65910356704898        1.00370830822755     
   1.46646646646647       -1.62571820904537        1.05438527714294     
   1.47647647647648       -1.58979597325321        1.10505990736867     
   1.48648648648649       -1.55112884240707        1.15572721044340     
   1.49649649649650       -1.50947016470656        1.20637496744736     
   1.50650650650651       -1.46452497530534        1.25698089398264     
   1.51651651651652       -1.41593683833827        1.30750840674856     
   1.52652652652653       -1.36326955786518        1.35790014234050     
   1.53653653653654       -1.30598109295099        1.40806771746463     
   1.54654654654655       -1.24338521782600        1.45787491315553     
   1.55655655655656       -1.17459314870257        1.50710872020262     
   1.56656656656657       -1.09842091417129        1.55542647612199     
   1.57657657657658       -1.01323508941215        1.60225197915098     
   1.58658658658659      -0.916681501875234        1.64655108518498     
   1.59659659659660      -0.805182621766392        1.68628265282778     
   1.60660660660661      -0.673008945473316        1.71681089616447     
   1.61661661661662      -0.511389106830927        1.72526504462597     
   1.62662662662663      -0.322316509566665        1.67198811360509     
   1.63663663663664      -0.186409529955562        1.53584343200009     
   1.64664664664665      -0.127130894807208        1.40605398987924     
   1.65665665665666      -9.782691912502264E-002   1.30359583189660     
   1.66666666666667      -7.970613163094521E-002   1.22029641387201     
   1.67667667667668      -6.744224306083485E-002   1.14970952660249     
   1.68668668668669      -5.881971226398953E-002   1.08875078474967     
   1.69669669669670      -5.186661471473537E-002   1.03478703563439     
   1.70670670670671      -4.656807077130832E-002  0.986148000100355     
   1.71671671671672      -4.239191502838514E-002  0.942009682248130     
   1.72672672672673      -3.898964239343536E-002  0.901554457825333     
   1.73673673673674      -3.616145715759771E-002  0.864150842373820     
   1.74674674674675      -3.377706263724110E-002  0.829310975754099     
   1.75675675675676      -3.174548946033660E-002  0.796649098640107     
   1.76676676676677      -3.000060417719370E-002  0.765853589475073     
   1.77677677677678      -2.849299162311983E-002  0.736667997646872     
   1.78678678678679      -2.718495092386809E-002  0.708877834242134     
   1.79679679679680      -2.604726876973853E-002  0.682301064635805     
   1.80680680680681      -2.505681217849351E-002  0.656781188442163     
   1.81681681681682      -2.419522365026338E-002  0.632181278212667     
   1.82682682682683      -2.344822146929028E-002  0.608380874168568     
   1.83683683683684      -2.280410349403047E-002  0.585272358246818     
   1.84684684684685      -2.225353461983561E-002  0.562758317671775     
   1.85685685685686      -2.178911610830671E-002  0.540749547652502     
   1.86686686686687      -2.140506185923119E-002  0.519163328323772     
   1.87687687687688      -2.109697169481617E-002  0.497921954343643     
   1.88688688688689      -2.086166569035134E-002  0.476951460939546     
   1.89689689689690      -2.069707397305842E-002  0.456180478258035     
   1.90690690690691      -2.060217993535196E-002  0.435539210447350     
   1.91691691691692      -2.057658145508924E-002  0.414958512843538     
   1.92692692692693      -2.062228927789251E-002  0.394367466926691     
   1.93693693693694      -2.074022994603592E-002  0.373697095549344     
   1.94694694694695      -2.093378766040580E-002  0.352871791185008     
   1.95695695695696      -2.120764327920346E-002  0.331814554189545     
   1.96696696696697      -2.156761868889330E-002  0.310442881541557     
   1.97697697697698      -2.202143466209892E-002  0.288667640359749     
   1.98698698698699      -2.257951106155255E-002  0.266391536127292     
   1.99699699699700      -2.325520944044165E-002  0.243510255404456     
   2.00700700700701      -2.405371205207855E-002  0.219902401821106     
   2.01701701701702      -2.500183035236933E-002  0.195420502260023     
   2.02702702702703      -2.612761765881885E-002  0.169910970168365     
   2.03703703703704      -2.746308277933445E-002  0.143188353957147     
   2.04704704704705      -2.905409050255470E-002  0.115024781591644     
   2.05705705705706      -3.097850952116963E-002  8.514191648183460E-002
   2.06706706706707      -3.337534738072861E-002  5.318609029352867E-002
   2.07707707707708      -3.658367752963747E-002  1.871066598710367E-002
   2.08708708708709      -4.165549757004691E-002 -1.841385566726488E-002
   2.09709709709710      -4.801308274046955E-002 -5.510172578933116E-002
   2.10710710710711      -5.101441508875502E-002 -9.659235321090365E-002
   2.11711711711712      -5.503399375279244E-002 -0.143487394469764     
   2.12712712712713      -6.028457997399512E-002 -0.198604835244350     
   2.13713713713714      -6.886217213485551E-002 -0.261801108342568     
   2.14714714714715      -8.104331477835315E-002 -0.335053972699430     
   2.15715715715716      -9.846341482570500E-002 -0.422088036815216     
   2.16716716716717      -0.124751956048336      -0.528713517660936     
   2.17717717717718      -0.168230065981142      -0.664480581077623     
   2.18718718718719      -0.251645993387496      -0.844652790053519     
   2.19719719719720      -0.447261306681927       -1.07172345585019     
   2.20720720720721      -0.831856973216436       -1.18671549203480     
   2.21721721721722       -1.19004933061732       -1.08020705210170     
   2.22722722722723       -1.43456563102379      -0.894553432536669     
   2.23723723723724       -1.59742334077797      -0.694772985154847     
   2.24724724724725       -1.70527838160321      -0.499704296495839     
   2.25725725725726       -1.77468842508749      -0.315031732109919     
   2.26726726726727       -1.81616368395811      -0.142157410462874     
   2.27727727727728       -1.83665966378006       1.906942180656142E-002
   2.28728728728729       -1.84094469584513       0.169369786863422     
   2.29729729729730       -1.83237650705424       0.309643572822944     
   2.30730730730731       -1.81336479641104       0.440805714971627     
   2.31731731731732       -1.78565858356091       0.563717878116212     
   2.32732732732733       -1.75053061266982       0.679162333507610     
   2.33733733733734       -1.70889811894967       0.787834620322136     
   2.34734734734735       -1.66140274593222       0.890343453040022     
   2.35735735735736       -1.60846267060239       0.987215601264445     
   2.36736736736737       -1.55030487494657        1.07888647993756     
   2.37737737737738       -1.48699507330445        1.16575117399878     
   2.38738738738739       -1.41832601907270        1.24808655855086     
   2.39739739739740       -1.34386003184178        1.32596031154553     
   2.40740740740741       -1.26309729414798        1.39870406036296     
   2.41741741741742       -1.17709829876029        1.46667612267730     
   2.42742742742743       -1.08352008351864        1.52981787936289     
   2.43743743743744      -0.982674105195847        1.59025686595535     
   2.44744744744745      -0.866984317745741        1.64542700589982     
   2.45745745745746      -0.734055389706916        1.69036374394357     
   2.46746746746747      -0.577353481691983        1.71744224597480     
   2.47747747747748      -0.390385145359543        1.70130071633827     
   2.48748748748749      -0.219200822300713        1.59568663366717     
   2.49749749749750      -0.135792396385098        1.46334440691816     
   2.50750750750751      -9.750170255647103E-002   1.35858472244930     
   2.51751751751752      -7.598404789744083E-002   1.27644322360482     
   2.52752752752753      -6.212649858615025E-002   1.20964338437922     
   2.53753753753754      -5.241103312838136E-002   1.15364969905977     
   2.54754754754755      -4.520287367265900E-002   1.10563411959798     
   2.55755755755756      -3.963553409549431E-002   1.06373980011314     
   2.56756756756757      -3.520362005690619E-002   1.02668476140878     
   2.57757757757758      -3.159331061544603E-002  0.993548021356508     
   2.58758758758759      -2.859713177720531E-002  0.963646292330361     
   2.59759759759760      -2.607246261647244E-002  0.936457779448347     
   2.60760760760761      -2.391790859787206E-002  0.911575181005716     
   2.61761761761762      -2.205929914382988E-002  0.888674487569205     
   2.62762762762763      -2.044107127965446E-002  0.867493754334233     
   2.63763763763764      -1.902075245308116E-002  0.847818238038261     
   2.64764764764765      -1.776531049770641E-002  0.829469733715476     
   2.65765765765766      -1.664866980437696E-002  0.812298757506753     
   2.66766766766767      -1.564998008393724E-002  0.796178704648001     
   2.67767767767768      -1.475238507177007E-002  0.781001406883984     
   2.68768768768769      -1.394213248922511E-002  0.766673698713497     
   2.69769769769770      -1.320792364229223E-002  0.753114720610424     
   2.70770770770771      -1.254043741137270E-002  0.740253764465581     
   2.71771771771772      -1.193198865922542E-002  0.728028516083679     
   2.72772772772773      -1.137630260264852E-002  0.716383579213593     
   2.73773773773774      -1.086841512695024E-002  0.705269179517700     
   2.74774774774775      -1.040476244742860E-002  0.694639972992154     
   2.75775775775776      -9.983360907778462E-003  0.684453833577625     
   2.76776776776777      -9.605498751602447E-003  0.674669609836062     
   2.77777777777778      -9.281358212007923E-003  0.665247967423739     
   2.78778778778779      -9.030635544292922E-003  0.656168805808677     
   2.79779779779780      -8.847638049581431E-003  0.647411053906495     
   2.80780780780781      -8.705708414370655E-003  0.638923535709805     
   2.81781781781782      -8.723685803313475E-003  0.630471730637729     
   2.82782782782783      -9.443206432408409E-003  0.622018648621653     
   2.83783783783784      -1.218866163449438E-002  0.614652349585371     
   2.84784784784785      -1.293310816099227E-002  0.612578536910974     
   2.85785785785786      -9.279500790463699E-003  0.606784659667291     
   2.86786786786787      -7.671685531523697E-003  0.599358489083698     
   2.87787787787788      -6.955258233555076E-003  0.592284789243830     
   2.88788788788789      -6.538176411110234E-003  0.585612635819441     
   2.89789789789790      -6.239690988253180E-003  0.579251957813538     
   2.90790790790791      -5.999430200451384E-003  0.573144459739083     
   2.91791791791792      -5.792699795962486E-003  0.567253688698733     
   2.92792792792793      -5.607990100791238E-003  0.561555380107120     
   2.93793793793794      -5.439249013560512E-003  0.556032068668744     
   2.94794794794795      -5.282979117573459E-003  0.550670285204699     
   2.95795795795796      -5.137028125343423E-003  0.545459059665320     
   2.96796796796797      -5.000113569122398E-003  0.540389079912855     
   2.97797797797798      -4.871957316029337E-003  0.535452465367394     
   2.98798798798799      -4.752004192349815E-003  0.530645320782312     
   2.99799799799800      -4.632676719282031E-003  0.525958246404639     
   3.00800800800801      -4.520293318752216E-003  0.521381147716602     
   3.01801801801802      -4.414926983663495E-003  0.516911809553653     
   3.02802802802803      -4.315931379624027E-003  0.512544750207592     
   3.03803803803804      -4.224025285350356E-003  0.508273913043100     
   3.04804804804805      -4.142170423461345E-003  0.504092490470811     
   3.05805805805806      -4.080670766439298E-003  0.499993580028017     
   3.06806806806807      -4.066190342391872E-003  0.495993625131503     
   3.07807807807808      -4.058656999103344E-003  0.492119766356149     
   3.08808808808809      -4.127097465608159E-003  0.488433779924980     
   3.09809809809810      -3.895747398326875E-003  0.484893473145102     
   3.10810810810811      -3.702973817366153E-003  0.481197375613398     
   3.11811811811812      -3.592827372635426E-003  0.477567563094338     
   3.12812812812813      -3.509325787343201E-003  0.474020078793617     
   3.13813813813814      -3.437171933972093E-003  0.470546907452775     
   3.14814814814815      -3.371820907712423E-003  0.467141466305350     
   3.15815815815816      -3.311908949635939E-003  0.463798480857638     
   3.16816816816817      -3.257512364461864E-003  0.460513000855515     
   3.17817817817818      -3.210063737245859E-003  0.457279560981993     
   3.18818818818819      -3.173502311190405E-003  0.454091503539574     
   3.19819819819820      -3.154817812037168E-003  0.450940316035440     
   3.20820820820821      -3.176565267104142E-003  0.447804880587600     
   3.21821821821822      -3.325257925577025E-003  0.444668238006957     
   3.22822822822823      -3.880912486921423E-003  0.441718840139926     
   3.23823823823824      -4.100503440281360E-003  0.439910555178147     
   3.24824824824825      -3.304369729153270E-003  0.437313219947261     
   3.25825825825826      -2.978881113150279E-003  0.434359862177085     
   3.26826826826827      -2.837066725486344E-003  0.431493861643424     
   3.27827827827828      -2.753741642523245E-003  0.428711349857168     
   3.28828828828829      -2.695711508361928E-003  0.425992206559502     
   3.29829829829830      -2.655702973894558E-003  0.423323177666481     
   3.30830830830831      -2.642670899776636E-003  0.420702405089114     
   3.31831831831832      -2.640432235121021E-003  0.418153855477637     
   3.32832832832833      -2.668365793670902E-003  0.415652233203372     
   3.33833833833834      -2.640541639774648E-003  0.413311499496180     
   3.34834834834835      -2.501009193288813E-003  0.410886498569664     
   3.35835835835836      -2.429156654165237E-003  0.408445781026731     
   3.36836836836837      -2.384661492489668E-003  0.406043528059139     
   3.37837837837838      -2.350406789664354E-003  0.403676699058307     
   3.38838838838839      -2.321841261034125E-003  0.401340278688558     
   3.39839839839840      -2.297788460597663E-003  0.399030007215596     
   3.40840840840841      -2.278337783152202E-003  0.396741721038976     
   3.41841841841842      -2.264397396076082E-003  0.394470703926848     
   3.42842842842843      -2.257804901016189E-003  0.392210996806108     
   3.43843843843844      -2.261870665837372E-003  0.389954417504080     
   3.44844844844845      -2.282649994657276E-003  0.387688907899479     
   3.45845845845846      -2.331909399548201E-003  0.385395469057021     
   3.46846846846847      -2.434709406695176E-003  0.383042116712794     
   3.47847847847848      -2.651633192574289E-003  0.380571798999904     
   3.48848848848849      -3.156599251814715E-003  0.377884125740462     
   3.49849849849850      -4.558706777649173E-003  0.374915088018194     
   3.50850850850851      -8.502842428150172E-003  0.373325379966220     
   3.51851851851852      -9.544308895587876E-003  0.378002582272213     
   3.52852852852853      -4.936929822383237E-003  0.377415180066743     
   3.53853853853854      -3.190380445258634E-003  0.374504065809850     
   3.54854854854855      -2.551706044778697E-003  0.371899206713060     
   3.55855855855856      -2.256503065103598E-003  0.369581432414231     
   3.56856856856857      -2.093213735070646E-003  0.367441340987685     
   3.57857857857858      -1.990315168004303E-003  0.365415575275301     
   3.58858858858859      -1.918925871170667E-003  0.363468903291212     
   3.59859859859860      -1.865731777088427E-003  0.361580647288035     
   3.60860860860861      -1.823973681126478E-003  0.359737844493324     
   3.61861861861862      -1.789983541622406E-003  0.357931807885114     
   3.62862862862863      -1.761702470225800E-003  0.356156310367896     
   3.63863863863864      -1.737945575450954E-003  0.354406552774034     
   3.64864864864865      -1.718149106024651E-003  0.352678416130006     
   3.65865865865866      -1.702235329278856E-003  0.350968172144126     
   3.66866866866867      -1.690514418171687E-003  0.349271991415045     
   3.67867867867868      -1.683833218867417E-003  0.347585523822770     
   3.68868868868869      -1.683834654718035E-003  0.345903353973360     
   3.69869869869870      -1.693491809717325E-003  0.344218088943810     
   3.70870870870871      -1.718520987778703E-003  0.342518793086670     
   3.71871871871872      -1.770486230980602E-003  0.340788209620781     
   3.72872872872873      -1.875786995553848E-003  0.338997354090622     
   3.73873873873874      -2.104950478818493E-003  0.337101174979675     
   3.74874874874875      -2.627095457254625E-003  0.335078521859324     
   3.75875875875876      -3.865002017729662E-003  0.332998303509648     
   3.76876876876877      -6.525128712575837E-003  0.331964002243100     
   3.77877877877878      -7.907445523565889E-003  0.335292866072130     
   3.78878878878879      -4.158068929670649E-003  0.335465298005582     
   3.79879879879880      -2.570298279258841E-003  0.333222474637243     
   3.80880880880881      -2.001673328063497E-003  0.331184216951964     
   3.81881881881882      -1.745227683706327E-003  0.329388814635578     
   3.82882882882883      -1.606181449236772E-003  0.327744059003340     
   3.83883883883884      -1.520007640116166E-003  0.326195080319760     
   3.84884884884885      -1.460984498620797E-003  0.324711550957387     
   3.85885885885886      -1.417327386495990E-003  0.323275927793752     
   3.86886886886887      -1.383042231847506E-003  0.321877468515327     
   3.87887887887888      -1.354824439732001E-003  0.320509240667350     
   3.88888888888889      -1.330732200190160E-003  0.319166559842240     
   3.89889889889890      -1.309564246565677E-003  0.317846130990117     
   3.90890890890891      -1.290545994415412E-003  0.316545552702070     
   3.91891891891892      -1.273162934590781E-003  0.315263018065867     
   3.92892892892893      -1.257074230330179E-003  0.313997128754528     
   3.93893893893894      -1.242075879418970E-003  0.312746809418438     
   3.94894894894895      -1.227969234455496E-003  0.311511251436980     
   3.95895895895896      -1.214480303300586E-003  0.310289837520502     
   3.96896896896897      -1.201539395052880E-003  0.309081723178008     
   3.97897897897898      -1.188689770576053E-003  0.307886504676699     
   3.98898898898899      -1.176332307991126E-003  0.306703194193890     
   3.99899899899900      -1.164520285236859E-003  0.305531790105537     
   4.00900900900901      -1.153102874338704E-003  0.304371967784957     
   4.01901901901902      -1.142016462130833E-003  0.303223389008208     
   4.02902902902903      -1.131224859192517E-003  0.302085747713461     
   4.03903903903904      -1.120702690761483E-003  0.300958764782247     
   4.04904904904905      -1.110430605927838E-003  0.299842182263963     
   4.05905905905906      -1.100393507052899E-003  0.298735758971798     
   4.06906906906907      -1.090579842432604E-003  0.297639266894243     
   4.07907907907908      -1.080981496029421E-003  0.296552487934414     
   4.08908908908909      -1.071594274471306E-003  0.295475210530166     
   4.09909909909910      -1.062419348807145E-003  0.294407225578927     
   4.10910910910911      -1.053466741382126E-003  0.293348320726441     
   4.11911911911912      -1.044764338519954E-003  0.292298271556297     
   4.12912912912913      -1.036385570674307E-003  0.291256832036737     
   4.13913913913914      -1.028504020941886E-003  0.290223800468005     
   4.14914914914915      -1.021040251604280E-003  0.289198915294523     
   4.15915915915916      -1.014831513914121E-003  0.288181125897962     
   4.16916916916917      -1.012565472828771E-003  0.287170397395293     
   4.17917917917918      -1.018049835032442E-003  0.286172926050686     
   4.18918918918919      -1.023618943770571E-003  0.285198155014344     
   4.19919919919920      -1.004248750783693E-003  0.284238454846448     
   4.20920920920921      -9.815619118163418E-004  0.283262332863229     
   4.21921921921922      -9.691138036488725E-004  0.282292036378471     
   4.22922922922923      -9.588140521019366E-004  0.281329898766324     
   4.23923923923924      -9.501034763126687E-004  0.280375919197426     
   4.24924924924925      -9.420202455253107E-004  0.279429458015283     
   4.25925925925926      -9.345389598169773E-004  0.278490438610763     
   4.26926926926927      -9.274106283556089E-004  0.277558656829760     
   4.27927927927928      -9.205500425011077E-004  0.276633857540146     
   4.28928928928929      -9.139406550379207E-004  0.275715801625113     
   4.29929929929930      -9.076053116228943E-004  0.274804242356220     
   4.30930930930931      -9.016102095271022E-004  0.273898895140712     
   4.31931931931932      -8.960953074986174E-004  0.272999393762817     
   4.32932932932933      -8.913581168963900E-004  0.272105212436021     
   4.33933933933934      -8.880922040574802E-004  0.271215513159155     
   4.34934934934935      -8.881752313833701E-004  0.270328870579456     
   4.35935935935936      -8.978165121124470E-004  0.269443392311399     
   4.36936936936937      -9.395579742122468E-004  0.268568329140769     
   4.37937937937938      -9.847670693434458E-004  0.267794574912777     
   4.38938938938939      -9.071041861898137E-004  0.266984070568700     
   4.39939939939940      -8.698643337547403E-004  0.266119663166085     
   4.40940940940941      -8.556600098442717E-004  0.265262487620254     
   4.41941941941942      -8.519555753435610E-004  0.264414793125454     
   4.42942942942943      -8.560740006932820E-004  0.263579136760758     
   4.43943943943944      -8.612129930724824E-004  0.262767306580718     
   4.44944944944945      -8.432567584158199E-004  0.261958786603308     
   4.45945945945946      -8.273267919442784E-004  0.261141403623855     
   4.46946946946947      -8.160479583918101E-004  0.260324822049851     
   4.47947947947948      -8.091862230159779E-004  0.259512792241260     
   4.48948948948949      -8.042229194191807E-004  0.258705861775695     
   4.49949949949950      -8.003611397126559E-004  0.257903181201606     
   4.50950950950951      -7.974684684708714E-004  0.257103890104638     
   4.51951951951952      -7.956915399702280E-004  0.256307044890158     
   4.52952952952953      -7.954167525314237E-004  0.255511452557707     
   4.53953953953954      -7.973882510683564E-004  0.254715441506404     
   4.54954954954955      -8.030432540998487E-004  0.253916476094004     
   4.55955955955956      -8.153901941886424E-004  0.253110430601427     
   4.56956956956957      -8.416104332850057E-004  0.252290197409779     
   4.57957957957958      -9.023563948129875E-004  0.251443970501354     
   4.58958958958959      -1.070146150726902E-003  0.250570783018727     
   4.59959959959960      -1.456620118343482E-003  0.249923673836188     
   4.60960960960961      -1.382931363592927E-003  0.249465717687068     
   4.61961961961962      -1.551138085147057E-003  0.248624906408247     
   4.62962962962963      -1.969345979563683E-003  0.248306056896165     
   4.63963963963964      -1.584317649962678E-003  0.248286977293365     
   4.64964964964965      -1.077121516889741E-003  0.247493940737919     
   4.65965965965966      -9.133207422564979E-004  0.246616698844922     
   4.66966966966967      -8.493068497651434E-004  0.245821049932927     
   4.67967967967968      -7.928324819521449E-004  0.245055958953131     
   4.68968968968969      -7.576455365724692E-004  0.244295374830878     
   4.69969969969970      -7.383418921844768E-004  0.243551154081289     
   4.70970970970971      -7.258338339493811E-004  0.242820359785432     
   4.71971971971972      -7.168924348405695E-004  0.242099434487820     
   4.72972972972973      -7.101874872236892E-004  0.241385961707953     
   4.73973973973974      -7.051034211240583E-004  0.240678214273748     
   4.74974974974975      -7.013692443207171E-004  0.239974815551430     
   4.75975975975976      -6.989291795735789E-004  0.239274522021423     
   4.76976976976977      -6.979117258053293E-004  0.238576054942569     
   4.77977977977978      -6.986653736618059E-004  0.237877927396444     
   4.78978978978979      -7.018791271695608E-004  0.237178211977074     
   4.79979979979980      -7.088696394821838E-004  0.236474164923471     
   4.80980980980981      -7.222800123095697E-004  0.235761549762319     
   4.81981981981982      -7.479595379155531E-004  0.235033445633824     
   4.82982982982983      -7.995485698088784E-004  0.234278605196595     
   4.83983983983984      -9.159279957736268E-004  0.233476555502664     
   4.84984984984985      -1.230946998907407E-003  0.232623887133772     
   4.85985985985986      -2.053695407393267E-003  0.232171609950435     
   4.86986986986987      -2.057710213965072E-003  0.232604586667153     
   4.87987987987988      -1.362416659815308E-003  0.232338813390541     
   4.88988988988989      -9.530185579355508E-004  0.231517926707957     
   4.89989989989990      -8.101035940976512E-004  0.230705414323249     
   4.90990990990991      -7.512727247788535E-004  0.229945533673064     
   4.91991991991992      -7.242932755581928E-004  0.229216104532723     
   4.92992992992993      -7.127909602270495E-004  0.228501808004628     
   4.93993993993994      -7.109575296521027E-004  0.227792750891170     
   4.94994994994995      -7.170139277372329E-004  0.227081331269567     
   4.95995995995996      -7.313637875225274E-004  0.226360256935422     
   4.96996996996997      -7.563502170007008E-004  0.225620975481050     
   4.97997997997998      -7.970571883646074E-004  0.224851828193318     
   4.98998998998999      -8.636869045658322E-004  0.224035116937852     
   5.00000000000000      -9.777274817664309E-004  0.223141638200776     
