  -5.00000000000000      -2.477042634687451E-003 -0.217769207764982     
  -4.98998998998999      -1.702309412410862E-003 -0.218922039841738     
  -4.97997997997998      -1.311613443317946E-003 -0.219735853757704     
  -4.96996996996997      -9.734909164927175E-004 -0.220603439788410     
  -4.95995995995996      -8.237363779030714E-004 -0.221441243365297     
  -4.94994994994995      -7.503630515986950E-004 -0.222208294666591     
  -4.93993993993994      -7.093344346929474E-004 -0.222929302312176     
  -4.92992992992993      -6.849620781768167E-004 -0.223621856631099     
  -4.91991991991992      -6.704901961961575E-004 -0.224296921877456     
  -4.90990990990991      -6.626732757774375E-004 -0.224961780566849     
  -4.89989989989990      -6.599692150274723E-004 -0.225621778561988     
  -4.88988988988989      -6.619032825717575E-004 -0.226281390115855     
  -4.87987987987988      -6.689899302538734E-004 -0.226945036218069     
  -4.86986986986987      -6.832163133373122E-004 -0.227617981801377     
  -4.85985985985986      -7.097943083990907E-004 -0.228307672840405     
  -4.84984984984985      -7.633456761490696E-004 -0.229025546521309     
  -4.83983983983984      -8.922537673636641E-004 -0.229779644506479     
  -4.82982982982983      -1.184155694285475E-003 -0.230455001558152     
  -4.81981981981982      -1.400092309617749E-003 -0.230885720904723     
  -4.80980980980981      -1.461728706918462E-003 -0.231577280292346     
  -4.79979979979980      -2.128657657042963E-003 -0.232041629632311     
  -4.78978978978979      -2.139007689989585E-003 -0.231697090271832     
  -4.77977977977978      -1.632488096014836E-003 -0.232051852829472     
  -4.76976976976977      -1.184601245957485E-003 -0.232608904003083     
  -4.75975975975976      -9.462278634909727E-004 -0.233385036368993     
  -4.74974974974975      -8.096070615444059E-004 -0.234148476710850     
  -4.73973973973974      -7.483956195337174E-004 -0.234900701128513     
  -4.72972972972973      -7.205650017606750E-004 -0.235626821475977     
  -4.71971971971972      -7.067706501906100E-004 -0.236337060661023     
  -4.70970970970971      -7.001849565231947E-004 -0.237038940345056     
  -4.69969969969970      -6.979524696968515E-004 -0.237737215315197     
  -4.68968968968969      -6.987680768633978E-004 -0.238435146584853     
  -4.67967967967968      -7.020824588474028E-004 -0.239135266685540     
  -4.66966966966967      -7.078308032429766E-004 -0.239839858438218     
  -4.65965965965966      -7.164004318688316E-004 -0.240551339321212     
  -4.64964964964965      -7.288014344333106E-004 -0.241272695567912     
  -4.63963963963964      -7.471802981441706E-004 -0.242008140266806     
  -4.62962962962963      -7.761869002210460E-004 -0.242764306443855     
  -4.61961961961962      -8.269696268042903E-004 -0.243552565512229     
  -4.60960960960961      -9.309777416439299E-004 -0.244392720213232     
  -4.59959959959960      -1.197228697700920E-003 -0.245302382059339     
  -4.58958958958959      -1.963366479486616E-003 -0.245998062374023     
  -4.57957957957958      -2.120198656794633E-003 -0.245516233834691     
  -4.56956956956957      -1.417677396685748E-003 -0.246164937458935     
  -4.55955955955956      -1.411275207244517E-003 -0.247112920398844     
  -4.54954954954955      -1.523986677952316E-003 -0.247677970810927     
  -4.53953953953954      -1.573130165218970E-003 -0.248141627848443     
  -4.52952952952953      -1.169895249838143E-003 -0.248683106384545     
  -4.51951951951952      -9.630493368356899E-004 -0.249574294118374     
  -4.50950950950951      -9.305311487557880E-004 -0.250448136292643     
  -4.49949949949950      -9.718154057419968E-004 -0.251208070342490     
  -4.48948948948949      -8.936178937892754E-004 -0.251945718188548     
  -4.47947947947948      -8.430100429341575E-004 -0.252768328459814     
  -4.46946946946947      -8.307291863438010E-004 -0.253595216957613     
  -4.45945945945946      -8.337600459234915E-004 -0.254423383197833     
  -4.44944944944945      -8.469804856953994E-004 -0.255260229324867     
  -4.43943943943944      -8.721911033050334E-004 -0.256114269133257     
  -4.42942942942943      -9.183325277621861E-004 -0.256997306010365     
  -4.41941941941942      -1.013015456905235E-003 -0.257927694626313     
  -4.40940940940941      -1.253862241155851E-003 -0.258915494668432     
  -4.39939939939940      -1.872675187398937E-003 -0.259654976662581     
  -4.38938938938939      -1.825383016922376E-003 -0.259766902734609     
  -4.37937937937938      -1.565181699991818E-003 -0.260795084349355     
  -4.36936936936937      -2.068859018545697E-003 -0.261999346367218     
  -4.35935935935936      -3.361635185150928E-003 -0.261916218090741     
  -4.34934934934935      -2.261240780704406E-003 -0.261274422753089     
  -4.33933933933934      -1.403300114031447E-003 -0.262341621998117     
  -4.32932932932933      -1.121019885716544E-003 -0.263456946709579     
  -4.31931931931932      -1.009535721425337E-003 -0.264480705776307     
  -4.30930930930931      -9.580925356741524E-004 -0.265449157192363     
  -4.29929929929930      -9.326351288950682E-004 -0.266387814567140     
  -4.28928928928929      -9.204230540025342E-004 -0.267311095758550     
  -4.27927927927928      -9.159835681734659E-004 -0.268227594512771     
  -4.26926926926927      -9.168160815630125E-004 -0.269142982100674     
  -4.25925925925926      -9.219008310514417E-004 -0.270061536225882     
  -4.24924924924925      -9.312433614104670E-004 -0.270987071529764     
  -4.23923923923924      -9.461304358085291E-004 -0.271923650452733     
  -4.22922922922923      -9.708817269474230E-004 -0.272875544172058     
  -4.21921921921922      -1.011646584754267E-003 -0.273838835400875     
  -4.20920920920921      -1.054479503861693E-003 -0.274829744549931     
  -4.19919919919920      -1.153727862050719E-003 -0.275868743287623     
  -4.18918918918919      -1.300589805614447E-003 -0.276898019786350     
  -4.17917917917918      -1.541039505163193E-003 -0.278086652848390     
  -4.16916916916917      -2.386187041968060E-003 -0.279277796532520     
  -4.15915915915916      -3.567474519580463E-003 -0.278877409584178     
  -4.14914914914915      -2.413335771909738E-003 -0.278708297189206     
  -4.13913913913914      -1.951832398075963E-003 -0.279921953152603     
  -4.12912912912913      -1.885181382567328E-003 -0.280646398276245     
  -4.11911911911912      -1.424498673024827E-003 -0.281548264611672     
  -4.10910910910911      -1.195051445581541E-003 -0.282700720461053     
  -4.09909909909910      -1.109159141154573E-003 -0.283817044231002     
  -4.08908908908909      -1.071296237665253E-003 -0.284895565771909     
  -4.07907907907908      -1.053181214595110E-003 -0.285953134594425     
  -4.06906906906907      -1.044825940406750E-003 -0.287000161580373     
  -4.05905905905906      -1.041974103930987E-003 -0.288042806961060     
  -4.04904904904905      -1.042578274751670E-003 -0.289084929992768     
  -4.03903903903904      -1.045655957843747E-003 -0.290129120575228     
  -4.02902902902903      -1.051099295873272E-003 -0.291177083055923     
  -4.01901901901902      -1.059048397673898E-003 -0.292227947652571     
  -4.00900900900901      -1.063899301234984E-003 -0.293283842985074     
  -3.99899899899900      -1.070483185780419E-003 -0.294349841339703     
  -3.98898898898899      -1.080891103597216E-003 -0.295422881750139     
  -3.97897897897898      -1.091496580921999E-003 -0.296498204868607     
  -3.96896896896897      -1.098212530958402E-003 -0.297585896430168     
  -3.95895895895896      -1.111267760995049E-003 -0.298681171948729     
  -3.94894894894895      -1.117269307592272E-003 -0.299780551322734     
  -3.93893893893894      -1.123014243151055E-003 -0.300897346508282     
  -3.92892892892893      -1.132367830765487E-003 -0.302024964904453     
  -3.91891891891892      -1.144005241941084E-003 -0.303162901537686     
  -3.90890890890891      -1.158909967617169E-003 -0.304309615979034     
  -3.89889889889890      -1.169626358520673E-003 -0.305463403257831     
  -3.88888888888889      -1.179912637374656E-003 -0.306634667534696     
  -3.87887887887888      -1.193451792973491E-003 -0.307816997032392     
  -3.86886886886887      -1.205040175274969E-003 -0.309012937878258     
  -3.85885885885886      -1.218671958693279E-003 -0.310224763180901     
  -3.84884884884885      -1.234165801566090E-003 -0.311451700744878     
  -3.83883883883884      -1.251303157616680E-003 -0.312694957082723     
  -3.82882882882883      -1.270328828733895E-003 -0.313956154709359     
  -3.81881881881882      -1.291755703254182E-003 -0.315237323354676     
  -3.80880880880881      -1.316427731216202E-003 -0.316541102543232     
  -3.79879879879880      -1.345813142990712E-003 -0.317871011844042     
  -3.78878878878879      -1.382728103846649E-003 -0.319231136070753     
  -3.77877877877878      -1.427334835713670E-003 -0.320625499151361     
  -3.76876876876877      -1.483773493654983E-003 -0.322071245232610     
  -3.75875875875876      -1.567020585549903E-003 -0.323583225838816     
  -3.74874874874875      -1.698648091159225E-003 -0.325188395348181     
  -3.73873873873874      -1.934331611751541E-003 -0.326935784216084     
  -3.72872872872873      -2.443973830223304E-003 -0.328895830888943     
  -3.71871871871872      -3.742236409351489E-003 -0.330884519364539     
  -3.70870870870871      -5.613779900707012E-003 -0.331710546421553     
  -3.69869869869870      -7.143501530745875E-003 -0.332232823783631     
  -3.68868868868869      -8.974000183978703E-003 -0.329791428437479     
  -3.67867867867868      -5.402020509671647E-003 -0.328253617086400     
  -3.66866866866867      -3.103040644762232E-003 -0.330548832810209     
  -3.65865865865866      -2.340330178266574E-003 -0.332861949471887     
  -3.64864864864865      -2.060460212112460E-003 -0.334856728327415     
  -3.63863863863864      -1.873973553792386E-003 -0.336681105629901     
  -3.62862862862863      -1.774949878900932E-003 -0.338464447562885     
  -3.61861861861862      -1.732362302146268E-003 -0.340201800875985     
  -3.60860860860861      -1.724118644533096E-003 -0.341912563792662     
  -3.59859859859860      -1.730459497556989E-003 -0.343595021364603     
  -3.58858858858859      -1.725358386196167E-003 -0.345294654965017     
  -3.57857857857858      -1.739540228873358E-003 -0.347020038500406     
  -3.56856856856857      -1.768561588816168E-003 -0.348769996472275     
  -3.55855855855856      -1.811912265728420E-003 -0.350555331093212     
  -3.54854854854855      -1.874171716951917E-003 -0.352390438432056     
  -3.53853853853854      -1.966503029194877E-003 -0.354295686068870     
  -3.52852852852853      -2.115637779317931E-003 -0.356302102663082     
  -3.51851851851852      -2.395768321038814E-003 -0.358445664506953     
  -3.50850850850851      -2.902284567667467E-003 -0.360657422189392     
  -3.49849849849850      -3.698203721735129E-003 -0.363103251025012     
  -3.48848848848849      -5.152227744113540E-003 -0.365603802456985     
  -3.47847847847848      -9.021533579429556E-003 -0.368013834131133     
  -3.46846846846847      -1.349363890040721E-002 -0.363479550754177     
  -3.45845845845846      -8.296787568598567E-003 -0.360075889970109     
  -3.44844844844845      -4.730247278036667E-003 -0.362473855362924     
  -3.43843843843844      -3.241316646232843E-003 -0.365510439523030     
  -3.42842842842843      -2.665520519504398E-003 -0.368229195673986     
  -3.41841841841842      -2.404523402869878E-003 -0.370682801033951     
  -3.40840840840841      -2.273015462465962E-003 -0.372986551447686     
  -3.39839839839840      -2.204620844828316E-003 -0.375208192452782     
  -3.38838838838839      -2.171280830628912E-003 -0.377386927350626     
  -3.37837837837838      -2.159801913821468E-003 -0.379547076846561     
  -3.36836836836837      -2.163901254329826E-003 -0.381705159282060     
  -3.35835835835836      -2.181816926736229E-003 -0.383873394081459     
  -3.34834834834835      -2.215483485589659E-003 -0.386057108687881     
  -3.33833833833834      -2.250221283108521E-003 -0.388264367205590     
  -3.32832832832833      -2.300516922132910E-003 -0.390526549779514     
  -3.31831831831832      -2.385168879938658E-003 -0.392852432170474     
  -3.30830830830831      -2.535492509522632E-003 -0.395271041261718     
  -3.29829829829830      -2.857792320111728E-003 -0.397828380535873     
  -3.28828828828829      -3.739151468334562E-003 -0.400445423308795     
  -3.27827827827828      -5.280802125189059E-003 -0.401651634753829     
  -3.26826826826827      -4.396898092347403E-003 -0.402432774891798     
  -3.25825825825826      -4.023922699294490E-003 -0.404900854543569     
  -3.24824824824825      -3.782488268347688E-003 -0.406785565173182     
  -3.23823823823824      -3.236500725298133E-003 -0.409094361056808     
  -3.22822822822823      -2.871781805950603E-003 -0.411797283367437     
  -3.21821821821822      -2.765300083892384E-003 -0.414542459349453     
  -3.20820820820821      -2.754392691283595E-003 -0.417278186931181     
  -3.19819819819820      -2.789513232998970E-003 -0.420036717213033     
  -3.18818818818819      -2.861525746420031E-003 -0.422848142762794     
  -3.17817817817818      -2.983016801476264E-003 -0.425744913114631     
  -3.16816816816817      -3.203923615531297E-003 -0.428772227137347     
  -3.15815815815816      -3.699920757028916E-003 -0.431982573585337     
  -3.14814814814815      -5.093229124566327E-003 -0.435060173080121     
  -3.13813813813814      -6.188400678382033E-003 -0.435670016378322     
  -3.12812812812813      -4.475393243605900E-003 -0.437937337795103     
  -3.11811811811812      -3.897701987913679E-003 -0.441565769462760     
  -3.10810810810811      -3.904072455647713E-003 -0.445286717010304     
  -3.09809809809810      -4.297265044045736E-003 -0.449120042166023     
  -3.08808808808809      -5.086597454104184E-003 -0.452810729111601     
  -3.07807807807808      -5.804393316318331E-003 -0.456993437089799     
  -3.06806806806807      -8.421050473800932E-003 -0.461894569747166     
  -3.05805805805806      -1.334701204119255E-002 -0.463684176810101     
  -3.04804804804805      -1.593066068231778E-002 -0.462973151510014     
  -3.03803803803804      -1.811005131508385E-002 -0.460652811165194     
  -3.02802802802803      -1.193992155931222E-002 -0.457725798441263     
  -3.01801801801802      -7.016106862315502E-003 -0.462665094795468     
  -3.00800800800801      -5.339572534235471E-003 -0.467960403020041     
  -2.99799799799800      -4.684462945574854E-003 -0.472720331098822     
  -2.98798798798799      -4.394482428002776E-003 -0.477164161311555     
  -2.97797797797798      -4.265061266264543E-003 -0.481450692986390     
  -2.96796796796797      -4.218359694898478E-003 -0.485670570572379     
  -2.95795795795796      -4.219946884991615E-003 -0.489877885008631     
  -2.94794794794795      -4.252949791509224E-003 -0.494107579116596     
  -2.93793793793794      -4.308632414491306E-003 -0.498384281910781     
  -2.92792792792793      -4.382622134279026E-003 -0.502727034171208     
  -2.91791791791792      -4.473686545836746E-003 -0.507151967862392     
  -2.90790790790791      -4.584679680748238E-003 -0.511672040834686     
  -2.89789789789790      -4.709969567220330E-003 -0.516290991454626     
  -2.88788788788789      -4.843347565663444E-003 -0.521047761613023     
  -2.87787787787788      -5.013588108022313E-003 -0.525961217154089     
  -2.86786786786787      -5.244497461030887E-003 -0.531055402617840     
  -2.85785785785786      -5.620499819130130E-003 -0.536350193963838     
  -2.84784784784785      -6.237834469052084E-003 -0.541643069987000     
  -2.83783783783784      -6.697747143441312E-003 -0.546845480437643     
  -2.82782782782783      -6.887757912955066E-003 -0.552731250545758     
  -2.81781781781782      -7.962331565569834E-003 -0.559428639691070     
  -2.80780780780781      -1.112128607349946E-002 -0.565881966480943     
  -2.79779779779780      -1.515662011494679E-002 -0.568152688791014     
  -2.78778778778779      -1.202189280216240E-002 -0.569241699417758     
  -2.77777777777778      -9.177812680514662E-003 -0.576683555842683     
  -2.76776776776777      -8.749284867716190E-003 -0.584926389294547     
  -2.75775775775776      -9.525367557882792E-003 -0.593489730509013     
  -2.74774774774775      -1.217345087316290E-002 -0.602488697546170     
  -2.73773773773774      -1.779714484424555E-002 -0.608781733145430     
  -2.72772772772773      -1.972837965647459E-002 -0.611682887496132     
  -2.71771771771772      -2.327227662390669E-002 -0.616723216213942     
  -2.70770770770771      -2.158255156717981E-002 -0.615277065796183     
  -2.69769769769770      -1.481887395173422E-002 -0.621859233346318     
  -2.68768768768769      -1.157862619823666E-002 -0.632180957331136     
  -2.67767767767768      -1.056926986445215E-002 -0.642626055367359     
  -2.66766766766767      -1.034640780732150E-002 -0.652885368696542     
  -2.65765765765766      -1.044472527748166E-002 -0.663195981607835     
  -2.64764764764765      -1.071236436076244E-002 -0.673729081914170     
  -2.63763763763764      -1.109126550667155E-002 -0.684601411611759     
  -2.62762762762763      -1.155772161010111E-002 -0.695903061812484     
  -2.61761761761762      -1.210313803135718E-002 -0.707712881600204     
  -2.60760760760761      -1.272683799924687E-002 -0.720106999319814     
  -2.59759759759760      -1.343316057332105E-002 -0.733164147453758     
  -2.58758758758759      -1.423034813238237E-002 -0.746969609214459     
  -2.57757757757758      -1.513032398783278E-002 -0.761618727844516     
  -2.56756756756757      -1.614903451769435E-002 -0.777220551706318     
  -2.55755755755756      -1.730727894209228E-002 -0.793902064898875     
  -2.54754754754755      -1.863209946995295E-002 -0.811813469636131     
  -2.53753753753754      -2.015895166568481E-002 -0.831135118300448     
  -2.52752752752753      -2.193509973660387E-002 -0.852086966505355     
  -2.51751751751752      -2.402514204620077E-002 -0.874941900447498     
  -2.50750750750751      -2.652077248875954E-002 -0.900044836517054     
  -2.49749749749750      -2.955740227027964E-002 -0.927836242585573     
  -2.48748748748749      -3.331692708746577E-002 -0.958905140377884     
  -2.47747747747748      -3.814874164501788E-002 -0.994100889581924     
  -2.46746746746747      -4.471540547331938E-002  -1.03457846077122     
  -2.45745745745746      -5.445263470212228E-002  -1.08180749528569     
  -2.44744744744745      -6.930251300102308E-002  -1.13730413097379     
  -2.43743743743744      -9.478997099444085E-002  -1.20220426454634     
  -2.42742742742743      -0.133569889457839       -1.28082578516136     
  -2.41741741741742      -0.216595392159932       -1.35771689364941     
  -2.40740740740741      -0.330179212920291       -1.38865624014261     
  -2.39739739739740      -0.363524678297584       -1.39201535966826     
  -2.38738738738739      -0.433857315949902       -1.46149622273282     
  -2.37737737737738      -0.527348992601835       -1.51427093825680     
  -2.36736736736737      -0.682943844317281       -1.58967206382635     
  -2.35735735735736      -0.873821875467332       -1.56956401480011     
  -2.34734734734735       -1.03134370054233       -1.50124053442952     
  -2.33733733733734       -1.16041750977378       -1.41034580347501     
  -2.32732732732733       -1.26227350749528       -1.31050957366393     
  -2.31731731731732       -1.34219436113157       -1.20356437774910     
  -2.30730730730731       -1.40394347004417       -1.11836265072598     
  -2.29729729729730       -1.49110061778807       -1.02737261883069     
  -2.28728728728729       -1.56289328325199      -0.918599043680164     
  -2.27727727727728       -1.64221136769945      -0.796799415777774     
  -2.26726726726727       -1.70569910489445      -0.649059776725258     
  -2.25725725725726       -1.75047769492010      -0.486599912182991     
  -2.24724724724725       -1.77665725955787      -0.309552605648253     
  -2.23723723723724       -1.78072164323094      -0.116154205525443     
  -2.22722722722723       -1.75586705172382       9.532339991760418E-002
  -2.21721721721722       -1.69084962516355       0.325546740982653     
  -2.20720720720721       -1.56717559221654       0.571618929903811     
  -2.19719719719720       -1.35392673214020       0.818941901549742     
  -2.18718718718719       -1.00583613478664        1.01055440080211     
  -2.17717717717718      -0.560785845213613       0.980350361551732     
  -2.16716716716717      -0.295084126615798       0.751476717709414     
  -2.15715715715716      -0.186220042641599       0.555060340366346     
  -2.14714714714715      -0.132824633663302       0.410111259967784     
  -2.13713713713714      -0.101887052841323       0.299133907476120     
  -2.12712712712713      -8.196383468462799E-002  0.210523216672768     
  -2.11711711711712      -6.820922775204338E-002  0.137363099667908     
  -2.10710710710711      -5.824633283242022E-002  7.534768899558743E-002
  -2.09709709709710      -5.078583815940650E-002  2.164649908787586E-002
  -2.08708708708709      -4.509091092996866E-002 -2.569280034854393E-002
  -2.07707707707708      -4.073916238587042E-002 -6.803086180741351E-002
  -2.06706706706707      -3.743976799614615E-002 -0.106385791506991     
  -2.05705705705706      -3.494483787055074E-002 -0.141502642362632     
  -2.04704704704705      -3.366058055370047E-002 -0.174146022422190     
  -2.03703703703704      -3.328910825552153E-002 -0.203899571438667     
  -2.02702702702703      -3.259289700584411E-002 -0.231168228339090     
  -2.01701701701702      -3.399047126288607E-002 -0.259315489065540     
  -2.00700700700701      -4.085414564555254E-002 -0.280400315198618     
  -1.99699699699700      -3.882531545281314E-002 -0.293240334300957     
  -1.98698698698699      -3.101244986128422E-002 -0.312474778911325     
  -1.97697697697698      -2.610531424530529E-002 -0.335069660522327     
  -1.96696696696697      -2.314201155068074E-002 -0.357858297547415     
  -1.95695695695696      -2.167866786778761E-002 -0.379837307331391     
  -1.94694694694695      -2.082229023313351E-002 -0.400935885830526     
  -1.93693693693694      -2.025674421143623E-002 -0.421405449906338     
  -1.92692692692693      -1.987472875724567E-002 -0.441437917803761     
  -1.91691691691692      -1.962288789610042E-002 -0.461156344161598     
  -1.90690690690691      -1.947067938465819E-002 -0.480682006758097     
  -1.89689689689690      -1.940765969940732E-002 -0.500105532194947     
  -1.88688688688689      -1.942496924621108E-002 -0.519509014259042     
  -1.87687687687688      -1.951762146949181E-002 -0.538969039804503     
  -1.86686686686687      -1.968316184155225E-002 -0.558558899376410     
  -1.85685685685686      -1.992102564082086E-002 -0.578350557301861     
  -1.84684684684685      -2.023224259650619E-002 -0.598416290269207     
  -1.83683683683684      -2.061932940375077E-002 -0.618830166544324     
  -1.82682682682683      -2.108630952324285E-002 -0.639669496885554     
  -1.81681681681682      -2.163884002534543E-002 -0.661016361971345     
  -1.80680680680681      -2.228444914163038E-002 -0.682959316186234     
  -1.79679679679680      -2.303291077347165E-002 -0.705595380444807     
  -1.78678678678679      -2.389681800684738E-002 -0.729032469096103     
  -1.77677677677678      -2.489250656644457E-002 -0.753392451158003     
  -1.76676676676677      -2.604179141260391E-002 -0.778815045556587     
  -1.75675675675676      -2.737560699123400E-002 -0.805461255864372     
  -1.74674674674675      -2.893118076722919E-002 -0.833516935837021     
  -1.73673673673674      -3.077719539460566E-002 -0.863199577027255     
  -1.72672672672673      -3.293988079972873E-002 -0.894751310215440     
  -1.71671671671672      -3.550193735217102E-002 -0.928481144696686     
  -1.70670670670671      -3.851420119342545E-002 -0.964901721237354     
  -1.69669669669670      -4.210817804368548E-002  -1.00461373197208     
  -1.68668668668669      -4.675077820032706E-002  -1.04851135821142     
  -1.67667667667668      -5.297357874325585E-002  -1.09758138117604     
  -1.66666666666667      -6.176525093187724E-002  -1.15337384131529     
  -1.65665665665666      -7.477277220797156E-002  -1.21827890038890     
  -1.64664664664665      -9.747417725502792E-002  -1.29684336505928     
  -1.63663663663664      -0.146107452006160       -1.38825183512337     
  -1.62662662662663      -0.223630378394433       -1.46655463329482     
  -1.61661661661662      -0.340574316419238       -1.54350940178429     
  -1.60660660660661      -0.467224650376922       -1.51413933149371     
  -1.59659659659660      -0.504580561718972       -1.49594167958742     
  -1.58658658658659      -0.544852225194925       -1.50131588938287     
  -1.57657657657658      -0.567110284917180       -1.56227432187307     
  -1.56656656656657      -0.663083109749444       -1.61714002204557     
  -1.55655655655656      -0.782046193589653       -1.65505203850996     
  -1.54654654654655      -0.907343139810958       -1.64042102819376     
  -1.53653653653654       -1.00887657118438       -1.60449588478169     
  -1.52652652652653       -1.09386543938544       -1.56248166893090     
  -1.51651651651652       -1.16769544591498       -1.51824427163950     
  -1.50650650650651       -1.23338311221153       -1.47302168004010     
  -1.49649649649650       -1.29274216864765       -1.42729872821346     
  -1.48648648648649       -1.34695410036809       -1.38129238875853     
  -1.47647647647648       -1.39683936681505       -1.33510777887381     
  -1.46646646646647       -1.44299633461852       -1.28879730411896     
  -1.45645645645646       -1.48587811626976       -1.24238605795213     
  -1.44644644644645       -1.52583796707781       -1.19588383369038     
  -1.43643643643644       -1.56315762477636       -1.14929124799726     
  -1.42642642642643       -1.59806582869822       -1.10260304215949     
  -1.41641641641642       -1.63075088933289       -1.05580992202769     
  -1.40640640640641       -1.66136948922048       -1.00889957771565     
  -1.39639639639640       -1.69005299471486      -0.961857192514106     
  -1.38638638638639       -1.71691203687625      -0.914665600251881     
  -1.37637637637638       -1.74204001263790      -0.867305223174392     
  -1.36636636636637       -1.76551553923117      -0.819752922934589     
  -1.35635635635636       -1.78740331168306      -0.771981269376722     
  -1.34634634634635       -1.80775446908231      -0.723956127188049     
  -1.33633633633634       -1.82660249283222      -0.675634725066030     
  -1.32632632632633       -1.84396149708998      -0.626960352046647     
  -1.31631631631632       -1.85979379766329      -0.577885749633627     
  -1.30630630630631       -1.87407897482525      -0.528289189262409     
  -1.29629629629630       -1.88661465858515      -0.478090810507316     
  -1.28628628628629       -1.89658501747722      -0.427087597410654     
  -1.27627627627628       -1.90396083582054      -0.376753172218706     
  -1.26626626626627       -1.90638118727358      -0.326356315035565     
  -1.25625625625626       -1.90895285341418      -0.288820228741372     
  -1.24624624624625       -1.92514238672751      -0.243283590873991     
  -1.23623623623624       -1.93471240202226      -0.190007790295870     
  -1.22622622622623       -1.93982480932944      -0.136150103848765     
  -1.21621621621622       -1.94189016055855      -8.195908117118457E-002
  -1.20620620620621       -1.94103332795754      -2.753629774573698E-002
  -1.19619619619620       -1.93598599495425       2.678523511040782E-002
  -1.18618618618619       -1.92739740113907       7.698558333085234E-002
  -1.17617617617618       -1.91759337423799       0.125866451501822     
  -1.16616616616617       -1.91400571876733       0.162706378463802     
  -1.15615615615616       -1.91658849596800       0.215244879595289     
  -1.14614614614615       -1.91490212276813       0.267632506820592     
  -1.13613613613614       -1.91034228426665       0.326072764146372     
  -1.12612612612613       -1.90040138351427       0.384870785961665     
  -1.11611611611612       -1.88738488097913       0.443351812975005     
  -1.10610610610611       -1.87187610838904       0.501896293089304     
  -1.09609609609610       -1.85395811379219       0.560751432739886     
  -1.08608608608609       -1.83356091114128       0.620064250529531     
  -1.07607607607608       -1.81054591237367       0.679928906590889     
  -1.06606606606607       -1.78472884872071       0.740410192531341     
  -1.05605605605606       -1.75588436278992       0.801554552301267     
  -1.04604604604605       -1.72374320903880       0.863394954677070     
  -1.03603603603604       -1.68798501787201       0.925952327766873     
  -1.02602602602603       -1.64822701886820       0.989234562231304     
  -1.01601601601602       -1.60400788785667        1.05323316919096     
  -1.00600600600601       -1.55476481952161        1.11791694469121     
 -0.995995995995996       -1.49980047416051        1.18322104546459     
 -0.985985985985986       -1.43823399805739        1.24902820179119     
 -0.975975975975976       -1.36892577308220        1.31513528925697     
 -0.965965965965966       -1.29035654474401        1.38119027045167     
 -0.955955955955956       -1.20042293087337        1.44656258438886     
 -0.945945945945946       -1.09607784186618        1.51004426283031     
 -0.935935935935936      -0.972700651808840        1.56909486086451     
 -0.925925925925926      -0.823035857590050        1.61765665394448     
 -0.915915915915916      -0.637181800142040        1.63895951750463     
 -0.905905905905906      -0.420706807192001        1.58780701405711     
 -0.895895895895896      -0.264428128822518        1.43914890725689     
 -0.885885885885886      -0.200491503313704        1.30334851704005     
 -0.875875875875876      -0.169807705291520        1.19379904560283     
 -0.865865865865866      -0.147542925690371        1.12658416699274     
 -0.855855855855856      -0.115970371229266        1.05890516115328     
 -0.845845845845846      -8.890880327488410E-002  0.990522787157910     
 -0.835835835835836      -7.453167204150676E-002  0.927084153053747     
 -0.825825825825826      -6.199145886750607E-002  0.871234305155132     
 -0.815815815815816      -5.396947247945991E-002  0.820412670675372     
 -0.805805805805806      -4.662768102309267E-002  0.773937461890926     
 -0.795795795795796      -4.166991895571038E-002  0.730757296870184     
 -0.785785785785786      -3.807530293662418E-002  0.691263777387733     
 -0.775775775775776      -3.523008920504294E-002  0.654826600834911     
 -0.765765765765765      -3.288612723505711E-002  0.620912966406258     
 -0.755755755755755      -3.091425248379865E-002  0.589117649035358     
 -0.745745745745745      -2.923507246912658E-002  0.559122686455870     
 -0.735735735735735      -2.779500758784967E-002  0.530670143618721     
 -0.725725725725725      -2.655591003301178E-002  0.503544935259831     
 -0.715715715715715      -2.548978582566149E-002  0.477563435775785     
 -0.705705705705705      -2.457580854314689E-002  0.452565489458574     
 -0.695695695695695      -2.379851176997222E-002  0.428408509292622     
 -0.685685685685685      -2.314665696618098E-002  0.404962899655591     
 -0.675675675675675      -2.261252691252295E-002  0.382108323950387     
 -0.665665665665665      -2.219151435846966E-002  0.359730492383974     
 -0.655655655655655      -2.188193911843729E-002  0.337718228260586     
 -0.645645645645645      -2.168506603360741E-002  0.315960611688732     
 -0.635635635635635      -2.160532555634996E-002  0.294344010351110     
 -0.625625625625625      -2.165076669792508E-002  0.272748792102605     
 -0.615615615615615      -2.183380566285342E-002  0.251045471524924     
 -0.605605605605605      -2.217238107819434E-002  0.229089963619464     
 -0.595595595595595      -2.269170160173802E-002  0.206717485011315     
 -0.585585585585585      -2.342689820577190E-002  0.183734423789207     
 -0.575575575575575      -2.442712075661997E-002  0.159907133299813     
 -0.565565565565565      -2.576205641906504E-002  0.134945979961409     
 -0.555555555555555      -2.753277738578557E-002  0.108481882925753     
 -0.545545545545545      -2.989110724758218E-002  8.003081978435377E-002
 -0.535535535535535      -3.307635882381845E-002  4.894171294751370E-002
 -0.525525525525525      -3.747253879304611E-002  1.430920091405830E-002
 -0.515515515515515      -4.379337721170765E-002 -2.516438648715621E-002
 -0.505505505505505      -5.333352537471604E-002 -7.132077457143629E-002
 -0.495495495495495      -6.898331215014591E-002 -0.126429768878635     
 -0.485485485485485      -9.441689102233523E-002 -0.192431537652264     
 -0.475475475475475      -0.138560904493196      -0.273573881697076     
 -0.465465465465465      -0.204917578598566      -0.368027779288680     
 -0.455455455455455      -0.343367431277209      -0.502652587112889     
 -0.445445445445445      -0.625184485510028      -0.585540528245087     
 -0.435435435435435      -0.979409775459753      -0.443160196244521     
 -0.425425425425425       -1.13963666762878      -0.136342123914518     
 -0.415415415415415       -1.25060362789263       0.160997288649202     
 -0.405405405405405       -1.18370901464942       0.534122841860346     
 -0.395395395395395      -0.949149238859417       0.869279375342658     
 -0.385385385385385      -0.523636927251325       0.974027096892776     
 -0.375375375375375      -0.250281865950698       0.817627785244690     
 -0.365365365365365      -0.144425823317650       0.668892468498817     
 -0.355355355355355      -9.658860016866044E-002  0.563298246098365     
 -0.345345345345345      -7.083077173047185E-002  0.485712074998630     
 -0.335335335335335      -5.526826574202427E-002  0.425668774592842     
 -0.325325325325325      -4.510814436599378E-002  0.377139540392087     
 -0.315315315315315      -3.810252677625037E-002  0.336528188079849     
 -0.305305305305305      -3.307627896697519E-002  0.301571967438545     
 -0.295295295295295      -2.936371676408498E-002  0.270775123481980     
 -0.285285285285285      -2.656401073552702E-002  0.243105401751847     
 -0.275275275275275      -2.442417355346405E-002  0.217822859093505     
 -0.265265265265265      -2.277867644048408E-002  0.194378442152053     
 -0.255255255255255      -2.151635865460346E-002  0.172351150317387     
 -0.245245245245245      -2.056141280303240E-002  0.151407454291352     
 -0.235235235235235      -1.986206356318698E-002  0.131273999501417     
 -0.225225225225225      -1.938368220661437E-002  0.111718432093290     
 -0.215215215215215      -1.910460477105304E-002  9.253523112282067E-002
 -0.205205205205205      -1.901371489060538E-002  7.353455622114924E-002
 -0.195195195195195      -1.910929659841330E-002  5.453273642187421E-002
 -0.185185185185185      -1.939894159441161E-002  3.534333573394996E-002
 -0.175175175175175      -1.990050950423399E-002  1.576782771953292E-002
 -0.165165165165165      -2.064435910645668E-002 -4.415179927285885E-003
 -0.155155155155155      -2.167736999655439E-002 -2.546354230943054E-002
 -0.145145145145145      -2.306978327952783E-002 -4.769001069520324E-002
 -0.135135135135135      -2.492686975817653E-002 -7.148873532572644E-002
 -0.125125125125125      -2.740952474177018E-002 -9.737537668636179E-002
 -0.115115115115115      -3.077287944684219E-002 -0.126050806274914     
 -0.105105105105105      -3.544570588813191E-002 -0.158506366571737     
 -9.509509509509506E-002 -4.221046488839346E-002 -0.196193850832916     
 -8.508508508508505E-002 -5.263159592518437E-002 -0.241302120746844     
 -7.507507507507505E-002 -7.035630791462376E-002 -0.296639442211007     
 -6.506506506506504E-002 -0.100721017213058      -0.364844274016434     
 -5.505505505505504E-002 -0.159762840028822      -0.449994444893569     
 -4.504504504504503E-002 -0.258114444343182      -0.533859962688662     
 -3.503503503503502E-002 -0.440483255996243      -0.620689878620553     
 -2.502502502502502E-002 -0.666982587898019      -0.575754831631955     
 -1.501501501501501E-002 -0.892358481481782      -0.491754398326560     
 -5.005005005005003E-003  -1.15358501802492      -0.221771841334755     
  5.005005005005003E-003  -1.15226738578389       0.224624599034180     
  1.501501501501501E-002 -0.891669212273100       0.492318982969118     
  2.502502502502502E-002 -0.666642860960676       0.578756829610577     
  3.503503503503502E-002 -0.436530074103320       0.621822666598880     
  4.504504504504503E-002 -0.256482402302126       0.533361949983677     
  5.505505505505504E-002 -0.158175314137466       0.449206926875569     
  6.506506506506504E-002 -9.998683646523715E-002  0.363901709912507     
  7.507507507507505E-002 -6.994547967026581E-002  0.295847629072817     
  8.508508508508505E-002 -5.243827497194757E-002  0.240625088129551     
  9.509509509509506E-002 -4.212292531496616E-002  0.195610113787320     
  0.105105105105105      -3.541541687264819E-002  0.157966332744496     
  0.115115115115115      -3.077981010225048E-002  0.125516785186621     
  0.125125125125125      -2.744508060248822E-002  9.681775437789984E-002
  0.135135135135135      -2.498763554622821E-002  7.088213042195546E-002
  0.145145145145145      -2.315514582564423E-002  4.701042980999952E-002
  0.155155155155155      -2.178859331496536E-002  2.468642483436732E-002
  0.165165165165165      -2.078424960726109E-002  3.513858956229990E-003
  0.175175175175175      -2.007338332266391E-002 -1.682355291592970E-002
  0.185185185185185      -1.961079512237776E-002 -3.658871851009623E-002
  0.195195195195195      -1.936815982382072E-002 -5.600986207259875E-002
  0.205205205205205      -1.933021270912968E-002 -7.529456037804570E-002
  0.215215215215215      -1.949279170229673E-002 -9.464117996199611E-002
  0.225225225225225      -1.986226624489903E-002 -0.114249170577463     
  0.235235235235235      -2.045621056932005E-002 -0.134329412776986     
  0.245245245245245      -2.130544713553947E-002 -0.155115813459138     
  0.255255255255255      -2.245789049584208E-002 -0.176879585332103     
  0.265265265265265      -2.398507282313807E-002 -0.199948208603669     
  0.275275275275275      -2.599301506513924E-002 -0.224732143889889     
  0.285285285285285      -2.864059882601199E-002 -0.251764339193049     
  0.295295295295295      -3.217163942676125E-002 -0.281761267976420     
  0.305305305305305      -3.697351429600914E-002 -0.315721388203290     
  0.315315315315315      -4.369087991308697E-002 -0.355091366991398     
  0.325325325325325      -5.346344385940941E-002 -0.402060947173251     
  0.335335335335335      -6.847327094219423E-002 -0.460113733211457     
  0.345345345345345      -9.337291522062185E-002 -0.535097723762165     
  0.355355355355355      -0.139680756847388      -0.637192017879945     
  0.365365365365365      -0.242144042340042      -0.781381966187401     
  0.375375375375375      -0.508784218044224      -0.935974735434806     
  0.385385385385385      -0.934518443536369      -0.828253079578253     
  0.395395395395395       -1.16143971924080      -0.486130551848912     
  0.405405405405405       -1.20674040560219      -9.776893995388923E-002
  0.415415415415415       -1.07829841097561       0.187489923305016     
  0.425425425425425      -0.868984816079700       0.474952526564445     
  0.435435435435435      -0.521295808932501       0.542971663128074     
  0.445445445445445      -0.286036573755319       0.440267447119919     
  0.455455455455455      -0.180741050467911       0.322752254765083     
  0.465465465465465      -0.120070965290814       0.235493721389838     
  0.475475475475475      -8.311531592231070E-002  0.160624502420252     
  0.485485485485485      -6.157181618276137E-002  0.100000732374394     
  0.495495495495495      -4.850998595555805E-002  4.922766035931440E-002
  0.505505505505505      -4.034077693899905E-002  6.676734453119504E-003
  0.515515515515515      -3.486884802032447E-002 -3.001059685931678E-002
  0.525525525525525      -3.101083446102235E-002 -6.241473960808247E-002
  0.535535535535535      -2.819967463529944E-002 -9.168492066680937E-002
  0.545545545545545      -2.610989528591174E-002 -0.118613071187403     
  0.555555555555555      -2.453873337258213E-002 -0.143776510155368     
  0.565565565565565      -2.335573884305643E-002 -0.167605962081684     
  0.575575575575575      -2.247304726442086E-002 -0.190431982310068     
  0.585585585585585      -2.182963371564921E-002 -0.212515563721614     
  0.595595595595595      -2.138225053377782E-002 -0.234068451903610     
  0.605605605605605      -2.109989387838358E-002 -0.255267062869275     
  0.615615615615615      -2.096028977651741E-002 -0.276262327996292     
  0.625625625625625      -2.094760248964475E-002 -0.297186881720077     
  0.635635635635635      -2.105091699388686E-002 -0.318160485510360     
  0.645645645645645      -2.126323298330986E-002 -0.339294273606540     
  0.655655655655655      -2.158081287447914E-002 -0.360694219961954     
  0.665665665665665      -2.200278931145486E-002 -0.382464112565420     
  0.675675675675675      -2.253097819656750E-002 -0.404708253827199     
  0.685685685685685      -2.316987218184861E-002 -0.427534069430207     
  0.695695695695695      -2.392681382025243E-002 -0.451054795830119     
  0.705705705705705      -2.481237295689520E-002 -0.475392426715454     
  0.715715715715715      -2.584098625548352E-002 -0.500681134713896     
  0.725725725725725      -2.703196911754019E-002 -0.527071457023102     
  0.735735735735735      -2.841110382665944E-002 -0.554735665229152     
  0.745745745745745      -3.001319272466367E-002 -0.583874977363576     
  0.755755755755755      -3.188636798217091E-002 -0.614729713288983     
  0.765765765765765      -3.409992662495185E-002 -0.647594357612325     
  0.775775775775776      -3.676016273529314E-002 -0.682841231968321     
  0.785785785785786      -4.004748663776883E-002 -0.720959704521586     
  0.795795795795796      -4.432309116433660E-002 -0.762617889846791     
  0.805805805805806      -5.050162880435779E-002 -0.808642079886005     
  0.815815815815816      -6.025919599579659E-002 -0.858586674538297     
  0.825825825825826      -7.292714669448719E-002 -0.913808111377110     
  0.835835835835836      -9.701009455267567E-002 -0.970951257850178     
  0.845845845845846      -0.116683457066856       -1.01709787441705     
  0.855855855855856      -0.130839700281251       -1.07940116231246     
  0.865865865865866      -0.139423857657354       -1.15712049644381     
  0.875875875875876      -0.163859112108535       -1.25882904352159     
  0.885885885885886      -0.212648730558193       -1.39917345031178     
  0.895895895895896      -0.341936078765176       -1.55923546435035     
  0.905905905905906      -0.559757011975967       -1.64462594376177     
  0.915915915915916      -0.758984667718346       -1.63651346832031     
  0.925925925925926      -0.918427490195074       -1.59342789049966     
  0.935935935935936       -1.04896047643847       -1.53720536177710     
  0.945945945945946       -1.15883034510755       -1.47540875439096     
  0.955955955955956       -1.25322671267971       -1.41111636980265     
  0.965965965965966       -1.33551597041168       -1.34578311552170     
  0.975975975975976       -1.40800028040674       -1.28017242974753     
  0.985985985985986       -1.47233127919605       -1.21471275674404     
  0.995995995995996       -1.52974014689038       -1.14965380361503     
   1.00600600600601       -1.58117324456777       -1.08514286411321     
   1.01601601601602       -1.62737620817373       -1.02126513298936     
   1.02602602602603       -1.66894842175933      -0.958066307027451     
   1.03603603603604       -1.70637961903767      -0.895565773758287     
   1.04604604604605       -1.74007520665237      -0.833764417819224     
   1.05605605605606       -1.77037414169218      -0.772649063296017     
   1.06606606606607       -1.79756160618910      -0.712194500366213     
   1.07607607607608       -1.82187767043497      -0.652363330879094     
   1.08608608608609       -1.84352217325857      -0.593103147969270     
   1.09609609609610       -1.86265450474602      -0.534339420261266     
   1.10610610610611       -1.87938292172804      -0.475960094603554     
   1.11611611611612       -1.89372357488547      -0.417783180946658     
   1.12612612612613       -1.90544471988945      -0.359499889894427     
   1.13613613613614       -1.91339607910744      -0.300818213508368     
   1.14614614614615       -1.91515161787650      -0.245066082953182     
   1.15615615615616       -1.91804072841348      -0.192760892861026     
   1.16616616616617       -1.91234898817939      -0.146564034956212     
   1.17617617617618       -1.92346771456079      -0.106674266618529     
   1.18618618618619       -1.93056713141441      -5.551334226665315E-002
   1.19619619619620       -1.93836314576366      -5.341511498838612E-003
   1.20620620620621       -1.94192942361022       4.999826532707667E-002
   1.21621621621622       -1.94060098838117       0.104928810757970     
   1.22622622622623       -1.93534779464130       0.158937431473564     
   1.23623623623624       -1.92526497051577       0.209556809865292     
   1.24624624624625       -1.91407594108901       0.252326070839511     
   1.25625625625626       -1.91534075883852       0.294021294999459     
   1.26626626626627       -1.91256729172033       0.346376438588156     
   1.27627627627628       -1.90429708652784       0.397359818054836     
   1.28628628628629       -1.89476414120327       0.447642963494287     
   1.29629629629630       -1.88303495905963       0.497805077241200     
   1.30630630630631       -1.86952034517105       0.547278292199209     
   1.31631631631632       -1.85455773591793       0.596231821189295     
   1.32632632632633       -1.83815190345741       0.644821610967988     
   1.33633633633634       -1.82028973151923       0.693078718498514     
   1.34634634634635       -1.80096544454302       0.741046667589992     
   1.35635635635636       -1.78014763152267       0.788764495174322     
   1.36636636636637       -1.75779044332005       0.836263139290005     
   1.37637637637638       -1.73383574191067       0.883567935097441     
   1.38638638638639       -1.70821377574977       0.930700466813430     
   1.39639639639640       -1.68084156592720       0.977679829114163     
   1.40640640640641       -1.65162088957268        1.02452299620240     
   1.41641641641642       -1.62043551143727        1.07124500176370     
   1.42642642642643       -1.58714741980893        1.11785886984498     
   1.43643643643644       -1.55159172368386        1.16437527545288     
   1.44644644644645       -1.51356963302289        1.21080184767364     
   1.45645645645646       -1.47283857818570        1.25714191651435     
   1.46646646646647       -1.42909788684783        1.30339229421569     
   1.47647647647648       -1.38196725410752        1.34953923336110     
   1.48648648648649       -1.33095291554730        1.39555065509816     
   1.49649649649650       -1.27539155101652        1.44136003611645     
   1.50650650650651       -1.21435100008617        1.48682948445831     
   1.51651651651652       -1.14644208118662        1.53165421697301     
   1.52652652652653       -1.06942302303500        1.57508465112616     
   1.53653653653654      -0.979332952004349        1.61483055098391     
   1.54654654654655      -0.869802588230874        1.64189750400154     
   1.55655655655656      -0.754778842838022        1.62745619812768     
   1.56656656656657      -0.667875171616891        1.61966955543964     
   1.57657657657658      -0.566839832126907        1.56093917037331     
   1.58658658658659      -0.536504931465554        1.54952780010455     
   1.59659659659660      -0.428002166856781        1.51872434316541     
   1.60660660660661      -0.410809782329648        1.47890349810746     
   1.61661661661662      -0.313539614649598        1.50327080099134     
   1.62662662662663      -0.215064935585241        1.43332195156253     
   1.63663663663664      -0.142697597746868        1.36520786646616     
   1.64664664664665      -9.454287696364388E-002   1.27880539275077     
   1.65665665665666      -7.231243396127460E-002   1.20292423380803     
   1.66666666666667      -5.996794404756287E-002   1.13986683165928     
   1.67667667667668      -5.158383168883621E-002   1.08580180118960     
   1.68668668668669      -4.559571260067587E-002   1.03801522421987     
   1.69669669669670      -4.114213231420068E-002  0.995158148616936     
   1.70670670670671      -3.770000432353433E-002  0.956313105166358     
   1.71671671671672      -3.479946886870083E-002  0.920621251346323     
   1.72672672672673      -3.236119633661810E-002  0.887542102120174     
   1.73673673673674      -3.026071844977829E-002  0.856556491920606     
   1.74674674674675      -2.846768194055040E-002  0.827360245469913     
   1.75675675675676      -2.696428781568791E-002  0.799729818855379     
   1.76676676676677      -2.567508279296308E-002  0.773471817130546     
   1.77677677677678      -2.456125966804708E-002  0.748396887752213     
   1.78678678678679      -2.359602311431204E-002  0.724351335569519     
   1.79679679679680      -2.275826887648288E-002  0.701200610373518     
   1.80680680680681      -2.203234340262323E-002  0.678826803884706     
   1.81681681681682      -2.140623341328290E-002  0.657125286979846     
   1.82682682682683      -2.087063789323719E-002  0.636001801790428     
   1.83683683683684      -2.041841531479700E-002  0.615370135766016     
   1.84684684684685      -2.004423045978109E-002  0.595150203866174     
   1.85685685685686      -1.974433624267272E-002  0.575266399428780     
   1.86686686686687      -1.951646585495610E-002  0.555646103165842     
   1.87687687687688      -1.935983459075241E-002  0.536218249909761     
   1.88688688688689      -1.927527625814902E-002  0.516911844044852     
   1.89689689689690      -1.926558102328885E-002  0.497654281147962     
   1.90690690690691      -1.933619223000885E-002  0.478369265659381     
   1.91691691691692      -1.949659866096560E-002  0.458974110151282     
   1.92692692692693      -1.976137963718446E-002  0.439375288787681     
   1.93693693693694      -2.016208057510016E-002  0.419457074628273     
   1.94694694694695      -2.075669518981479E-002  0.399079391305301     
   1.95695695695696      -2.167872591899050E-002  0.378039656679848     
   1.96696696696697      -2.331186734898835E-002  0.356065841494204     
   1.97697697697698      -2.677121326374264E-002  0.333285290105730     
   1.98698698698699      -3.299632639464653E-002  0.311312239274818     
   1.99699699699700      -4.041913919802847E-002  0.296001372890276     
   2.00700700700701      -3.752747009659864E-002  0.281239195492722     
   2.01701701701702      -3.296858634171310E-002  0.257896736126490     
   2.02702702702703      -3.239371435867728E-002  0.231741917153508     
   2.03703703703704      -3.183953070977405E-002  0.203987707660841     
   2.04704704704705      -3.238306781842842E-002  0.173952431283440     
   2.05705705705706      -3.407245634357009E-002  0.141529524843420     
   2.06706706706707      -3.661405560445638E-002  0.106700853844015     
   2.07707707707708      -4.002231907500759E-002  6.875471498759787E-002
   2.08708708708709      -4.440975909685068E-002  2.696808141252057E-002
   2.09709709709710      -5.002356525836604E-002 -1.969479630102593E-002
   2.10710710710711      -5.731219445401914E-002 -7.258632395121854E-002
   2.11711711711712      -6.699468667433618E-002 -0.133582550755818     
   2.12712712712713      -8.029499090890684E-002 -0.205397254806134     
   2.13713713713714      -9.944140411036413E-002 -0.292142939048250     
   2.14714714714715      -0.128917877259284      -0.400392339425093     
   2.15715715715716      -0.179130265457859      -0.541150096214937     
   2.16716716716717      -0.279460879210286      -0.731577074248132     
   2.17717717717718      -0.522429639439668      -0.963268635837577     
   2.18718718718719      -0.961582341275989       -1.02361469580837     
   2.19719719719720       -1.32470433283180      -0.845402290738078     
   2.20720720720721       -1.54945638721069      -0.600500305639918     
   2.21721721721722       -1.68083621337335      -0.353777173837000     
   2.22722722722723       -1.75121812248947      -0.122022299508102     
   2.23723723723724       -1.77999817954231       9.118817848242898E-002
   2.24724724724725       -1.77896234600507       0.286283432310671     
   2.25725725725726       -1.75528865490316       0.464911758209394     
   2.26726726726727       -1.71286145268517       0.628872374053263     
   2.27727727727728       -1.65210573970557       0.778624711699820     
   2.28728728728729       -1.57322167608759       0.905146122739476     
   2.29729729729730       -1.50127350438083        1.01177509078788     
   2.30730730730731       -1.41574417579809        1.10929541238769     
   2.31731731731732       -1.34831692724082        1.19225899528101     
   2.32732732732733       -1.27381657245510        1.29554871378259     
   2.33733733733734       -1.17532008303357        1.39645386508967     
   2.34734734734735       -1.04990217507394        1.49000732878540     
   2.35735735735736      -0.896215910080059        1.56252805461297     
   2.36736736736737      -0.707712964441161        1.59450927438837     
   2.37737737737738      -0.522397785293070        1.52206847014606     
   2.38738738738739      -0.463029160538635        1.44719371911123     
   2.39739739739740      -0.382465838634930        1.41146787781946     
   2.40740740740741      -0.342522939802793        1.38104487768762     
   2.41741741741742      -0.235561859285239        1.37005453263469     
   2.42742742742743      -0.141645518597575        1.29785466176184     
   2.43743743743744      -9.629675871234597E-002   1.21239222723031     
   2.44744744744745      -7.138493459516662E-002   1.14553521624730     
   2.45745745745746      -5.575070046258884E-002   1.08864408068966     
   2.46746746746747      -4.566875986410263E-002   1.04033232380020     
   2.47747747747748      -3.887657321688121E-002  0.999047377817395     
   2.48748748748749      -3.388247737174116E-002  0.963217616720439     
   2.49749749749750      -3.000910182244104E-002  0.931623310548574     
   2.50750750750751      -2.690170258486712E-002  0.903409868246092     
   2.51751751751752      -2.434926407269595E-002  0.877960789799539     
   2.52752752752753      -2.221120458782405E-002  0.854815391147324     
   2.53753753753754      -2.039504293166910E-002  0.833612413074517     
   2.54754754754755      -1.883638590661193E-002  0.814073286523375     
   2.55755755755756      -1.748560781551560E-002  0.795972489317468     
   2.56756756756757      -1.630581181129518E-002  0.779124871271264     
   2.57757757757758      -1.526897925398944E-002  0.763376452212673     
   2.58758758758759      -1.435359314208006E-002  0.748597260202254     
   2.59759759759760      -1.354315507966630E-002  0.734675864844067     
   2.60760760760761      -1.282529834618331E-002  0.721515018576533     
   2.61761761761762      -1.219140109420320E-002  0.709027927438173     
   2.62762762762763      -1.163676221951495E-002  0.697134696582033     
   2.63763763763764      -1.116164464889856E-002  0.685758383187218     
   2.64764764764765      -1.077403485650683E-002  0.674819739604847     
   2.65765765765766      -1.049646385157239E-002  0.664228886747167     
   2.66766766766767      -1.038404685366026E-002  0.653870309365087     
   2.67767767767768      -1.057919340239387E-002  0.643575060551862     
   2.68768768768769      -1.151108459742627E-002  0.633094458483240     
   2.69769769769770      -1.465472013573532E-002  0.622542269909413     
   2.70770770770771      -2.138483621700046E-002  0.616164896851533     
   2.71771771771772      -2.372898772478032E-002  0.616433798520847     
   2.72772772772773      -1.972794780996286E-002  0.613045451348002     
   2.73773773773774      -1.744635446712181E-002  0.608988914303534     
   2.74774774774775      -1.251958939874628E-002  0.602941334397700     
   2.75775775775776      -9.682126899840111E-003  0.594069159509942     
   2.76776776776777      -8.855662306107213E-003  0.585437823914482     
   2.77777777777778      -9.315932407089528E-003  0.577117131117205     
   2.78778778778779      -1.231314017378227E-002  0.569658669926798     
   2.79779779779780      -1.544050980522201E-002  0.568806295798780     
   2.80780780780781      -1.127015439376739E-002  0.566568156646758     
   2.81781781781782      -8.019900894959143E-003  0.560078562416369     
   2.82782782782783      -6.894935325211367E-003  0.553359654133963     
   2.83783783783784      -6.577527160171849E-003  0.547465850028167     
   2.84784784784785      -6.049356917771811E-003  0.542067750388709     
   2.85785785785786      -5.536385350478297E-003  0.536663565098531     
   2.86786786786787      -5.221176860199341E-003  0.531369750039501     
   2.87787787787788      -5.008783480794416E-003  0.526278618663414     
   2.88788788788789      -4.842599297862606E-003  0.521362501327752     
   2.89789789789790      -4.703695564803775E-003  0.516594069818679     
   2.90790790790791      -4.584525291376581E-003  0.511952763606180     
   2.91791791791792      -4.482166829906335E-003  0.507421894735776     
   2.92792792792793      -4.396979193477970E-003  0.502987539605575     
   2.93793793793794      -4.325844657569578E-003  0.498640141591265     
   2.94794794794795      -4.267059041886169E-003  0.494353732740828     
   2.95795795795796      -4.233476984619303E-003  0.490111327631383     
   2.96796796796797      -4.232650543545066E-003  0.485890549599694     
   2.97797797797798      -4.281166706716102E-003  0.481655969962174     
   2.98798798798799      -4.413941604910897E-003  0.477352485710341     
   2.99799799799800      -4.710013361137315E-003  0.472887633175912     
   3.00800800800801      -5.376058623841383E-003  0.468098449413560     
   3.01801801801802      -7.070538815800716E-003  0.462745967435307     
   3.02802802802803      -1.216199939585838E-002  0.457547400731625     
   3.03803803803804      -1.931209454099986E-002  0.461667999949288     
   3.04804804804805      -1.435690271339833E-002  0.463667051331512     
   3.05805805805806      -1.399002882289072E-002  0.463123765123823     
   3.06806806806807      -8.794512549670206E-003  0.462483917677604     
   3.07807807807808      -5.679695735105691E-003  0.457641950249851     
   3.08808808808809      -4.560662873588852E-003  0.453047496904827     
   3.09809809809810      -4.151901940898326E-003  0.448932033927658     
   3.10810810810811      -4.167936288753749E-003  0.445271907264092     
   3.11811811811812      -4.029152349372376E-003  0.441947218988336     
   3.12812812812813      -4.272666593241619E-003  0.438341736205967     
   3.13813813813814      -5.699331332673235E-003  0.435494682207942     
   3.14814814814815      -5.398713835312183E-003  0.434968628898661     
   3.15815815815816      -3.821838515878972E-003  0.432149694870554     
   3.16816816816817      -3.247492038682371E-003  0.428927537667092     
   3.17817817817818      -3.004936651978532E-003  0.425880688420656     
   3.18818818818819      -2.876750532797982E-003  0.422969000716599     
   3.19819819819820      -2.803333114348054E-003  0.420144633987835     
   3.20820820820821      -2.769978004730528E-003  0.417372736070595     
   3.21821821821822      -2.786494467108854E-003  0.414620729919341     
   3.22822822822823      -2.906327755931439E-003  0.411851537769915     
   3.23823823823824      -3.321343925612851E-003  0.409096605410978     
   3.24824824824825      -4.059990506590971E-003  0.406899543770516     
   3.25825825825826      -4.146731967368585E-003  0.405156141665601     
   3.26826826826827      -4.599562265545785E-003  0.402774944711244     
   3.27827827827828      -4.935344348138361E-003  0.402204139379614     
   3.28828828828829      -3.411972887692792E-003  0.400407576120872     
   3.29829829829830      -2.752151655149767E-003  0.397760311423927     
   3.30830830830831      -2.497918850137228E-003  0.395232963761023     
   3.31831831831832      -2.372344775100821E-003  0.392829205602497     
   3.32832832832833      -2.298531134337417E-003  0.390506553365792     
   3.33833833833834      -2.251070203081982E-003  0.388238051457410     
   3.34834834834835      -2.220468781979798E-003  0.386006203761929     
   3.35835835835836      -2.203566794664582E-003  0.383797611475130     
   3.36836836836837      -2.200758365319380E-003  0.381599705432718     
   3.37837837837838      -2.215740645122278E-003  0.379398163563557     
   3.38838838838839      -2.257309975757476E-003  0.377173920459559     
   3.39839839839840      -2.345507045807655E-003  0.374899416653940     
   3.40840840840841      -2.523639383804063E-003  0.372544797578081     
   3.41841841841842      -2.825786399574723E-003  0.370041399945811     
   3.42842842842843      -3.519245007796754E-003  0.367191016698499     
   3.43843843843844      -5.471768307264889E-003  0.363951882759079     
   3.44844844844845      -1.078159477255576E-002  0.362770785392321     
   3.45845845845846      -1.177929485458108E-002  0.368891270812660     
   3.46846846846847      -7.402837414286005E-003  0.369296610103103     
   3.47847847847848      -4.429411790751358E-003  0.367177294824083     
   3.48848848848849      -3.281055352818895E-003  0.364442322548506     
   3.49849849849850      -2.612151136847313E-003  0.362122383168959     
   3.50850850850851      -2.240667473439210E-003  0.359861285113825     
   3.51851851851852      -2.055119433060045E-003  0.357764855797632     
   3.52852852852853      -1.955332446706591E-003  0.355796729829580     
   3.53853853853854      -1.882339636806972E-003  0.353939154969577     
   3.54854854854855      -1.810778087378412E-003  0.352121191056866     
   3.55855855855856      -1.764369465583558E-003  0.350340858183962     
   3.56856856856857      -1.732433909384813E-003  0.348595650068072     
   3.57857857857858      -1.710791334365171E-003  0.346876429567992     
   3.58858858858859      -1.699359460637160E-003  0.345174703281896     
   3.59859859859860      -1.703084016409769E-003  0.343483449980286     
   3.60860860860861      -1.727021400110559E-003  0.341813353030811     
   3.61861861861862      -1.729595226671651E-003  0.340140861008469     
   3.62862862862863      -1.759784263925355E-003  0.338418495625854     
   3.63863863863864      -1.842103541127003E-003  0.336646215355976     
   3.64864864864865      -2.024028908511637E-003  0.334800733604302     
   3.65865865865866      -2.332172721771588E-003  0.332896990949065     
   3.66866866866867      -2.917757524010599E-003  0.330671382732348     
   3.67867867867868      -4.746385525233215E-003  0.328205217602637     
   3.68868868868869      -8.773830438069570E-003  0.328467149995243     
   3.69869869869870      -8.249512908443319E-003  0.332005263782763     
   3.70870870870871      -5.886095332309813E-003  0.331786580936479     
   3.71871871871872      -4.088210203363928E-003  0.330923716600581     
   3.72872872872873      -2.647112334810172E-003  0.329106785127732     
   3.73873873873874      -2.017612862743363E-003  0.327104274218615     
   3.74874874874875      -1.740482807106667E-003  0.325314403045233     
   3.75875875875876      -1.591160665407143E-003  0.323682134283487     
   3.76876876876877      -1.498383149809161E-003  0.322152606213270     
   3.77877877877878      -1.434795364004407E-003  0.320693730429034     
   3.78878878878879      -1.388151358222194E-003  0.319286535674203     
   3.79879879879880      -1.352772516664191E-003  0.317919618120044     
   3.80880880880881      -1.323724492088347E-003  0.316587759168637     
   3.81881881881882      -1.296421339960792E-003  0.315281172146158     
   3.82882882882883      -1.273658037892197E-003  0.313996606546452     
   3.83883883883884      -1.253938107835679E-003  0.312732603174988     
   3.84884884884885      -1.236402536526164E-003  0.311487019703158     
   3.85885885885886      -1.220797185332389E-003  0.310258101151812     
   3.86886886886887      -1.207635856489009E-003  0.309044933295993     
   3.87887887887888      -1.195069018540393E-003  0.307849150094585     
   3.88888888888889      -1.181101136084040E-003  0.306664592729566     
   3.89889889889890      -1.171237373995645E-003  0.305493796322781     
   3.90890890890891      -1.157314717717965E-003  0.304338137116723     
   3.91891891891892      -1.143576565166071E-003  0.303189309191845     
   3.92892892892893      -1.132202424691076E-003  0.302051040426595     
   3.93893893893894      -1.122154534276335E-003  0.300923291366880     
   3.94894894894895      -1.113686395015148E-003  0.299805319119387     
   3.95895895895896      -1.108849904046655E-003  0.298697517126720     
   3.96896896896897      -1.104656173283495E-003  0.297607112835130     
   3.97897897897898      -1.093734855135347E-003  0.296522430581126     
   3.98898898898899      -1.082514784719121E-003  0.295446930186489     
   3.99899899899900      -1.070653439187733E-003  0.294373947447306     
   4.00900900900901      -1.062192961387686E-003  0.293307569772553     
   4.01901901901902      -1.055397710273527E-003  0.292248293730538     
   4.02902902902903      -1.049876936297203E-003  0.291195151834927     
   4.03903903903904      -1.045807564718554E-003  0.290146976942097     
   4.04904904904905      -1.043864988026070E-003  0.289102336018116     
   4.05905905905906      -1.045942083143288E-003  0.288059947405973     
   4.06906906906907      -1.051945548872633E-003  0.287022650686194     
   4.07907907907908      -1.055608973173345E-003  0.285979384592430     
   4.08908908908909      -1.070874134612780E-003  0.284922178282037     
   4.09909909909910      -1.106428107622367E-003  0.283845037264380     
   4.10910910910911      -1.188290533478721E-003  0.282732349693721     
   4.11911911911912      -1.403061586327137E-003  0.281591759065550     
   4.12912912912913      -1.770335113437093E-003  0.280622159673219     
   4.13913913913914      -2.125264880179663E-003  0.279859962306919     
   4.14914914914915      -2.390187052289940E-003  0.278902194154024     
   4.15915915915916      -3.337746386680691E-003  0.278776278759811     
   4.16916916916917      -2.530666213221935E-003  0.279204343466586     
   4.17917917917918      -1.589127426519201E-003  0.278140086662338     
   4.18918918918919      -1.296730158693661E-003  0.276930414869233     
   4.19919919919920      -1.164943323800529E-003  0.275891545349134     
   4.20920920920921      -1.051252693944875E-003  0.274859683929699     
   4.21921921921922      -9.958626676140646E-004  0.273853659701516     
   4.22922922922923      -9.651774357040401E-004  0.272879295633273     
   4.23923923923924      -9.468331107058627E-004  0.271926817142725     
   4.24924924924925      -9.381382867251196E-004  0.270991001859199     
   4.25925925925926      -9.304153029272921E-004  0.270073107323182     
   4.26926926926927      -9.209281560025160E-004  0.269154939038415     
   4.27927927927928      -9.190434876773432E-004  0.268237215759701     
   4.28928928928929      -9.239733975122472E-004  0.267317946185437     
   4.29929929929930      -9.379805927437552E-004  0.266390918849954     
   4.30930930930931      -9.676511524977750E-004  0.265446410931291     
   4.31931931931932      -1.029564182712747E-003  0.264467906046127     
   4.32932932932933      -1.171664265633215E-003  0.263427026401699     
   4.33933933933934      -1.563385148615319E-003  0.262305490801668     
   4.34934934934935      -2.681846626182583E-003  0.261610190208996     
   4.35935935935936      -2.627521473251335E-003  0.262462840268689     
   4.36936936936937      -1.672719084355344E-003  0.261624028165872     
   4.37937937937938      -1.592303634165798E-003  0.260401451946189     
   4.38938938938939      -2.189815937699026E-003  0.259661176902056     
   4.39939939939940      -1.906504186703374E-003  0.259810853266839     
   4.40940940940941      -1.247677685002477E-003  0.258953421596513     
   4.41941941941942      -1.014102403023037E-003  0.257951393861143     
   4.42942942942943      -9.195432456528994E-004  0.257018097399508     
   4.43943943943944      -8.724651888905288E-004  0.256134130725770     
   4.44944944944945      -8.461555753772597E-004  0.255280284494024     
   4.45945945945946      -8.315119597531771E-004  0.254444734312967     
   4.46946946946947      -8.260870012456586E-004  0.253619306370363     
   4.47947947947948      -8.330812346028258E-004  0.252797329020254     
   4.48948948948949      -8.681540583534189E-004  0.251981305709870     
   4.49949949949950      -9.069404419884419E-004  0.251214917388064     
   4.50950950950951      -9.246852037847120E-004  0.250410781001797     
   4.51951951951952      -9.726152051744180E-004  0.249592111503120     
   4.52952952952953      -1.148984300544917E-003  0.248717584677820     
   4.53953953953954      -1.525493167503027E-003  0.248177284345443     
   4.54954954954955      -1.371887715683280E-003  0.247674510029279     
   4.55955955955956      -1.439056481430450E-003  0.246987388390681     
   4.56956956956957      -1.352190656491691E-003  0.246221674372882     
   4.57957957957958      -1.789455297322635E-003  0.245301342952676     
   4.58958958958959      -2.386420840462875E-003  0.245588065953465     
   4.59959959959960      -1.451792706090925E-003  0.245411855572523     
   4.60960960960961      -1.018408299123194E-003  0.244494037529391     
   4.61961961961962      -8.650314519128578E-004  0.243620106438072     
   4.62962962962963      -7.965563333560810E-004  0.242810190259158     
   4.63963963963964      -7.599735694874017E-004  0.242040064639528     
   4.64964964964965      -7.380131321451165E-004  0.241294741273412     
   4.65965965965966      -7.239329808411053E-004  0.240565596063580     
   4.66966966966967      -7.147892205923523E-004  0.239847247746914     
   4.67967967967968      -7.092906055246416E-004  0.239135897298154     
   4.68968968968969      -7.070498026920905E-004  0.238428406773642     
   4.69969969969970      -7.083849513568806E-004  0.237721665940283     
   4.70970970970971      -7.144822102293403E-004  0.237011971704193     
   4.71971971971972      -7.280813284995649E-004  0.236294154832708     
   4.72972972972973      -7.554815812891926E-004  0.235560046792392     
   4.73973973973974      -8.129805451506721E-004  0.234795800110039     
   4.74974974974975      -9.514142624700095E-004  0.233982375446672     
   4.75975975975976      -1.324968408597993E-003  0.233181804770534     
   4.76976976976977      -1.909977066098228E-003  0.232787388194607     
   4.77977977977978      -2.036422898393965E-003  0.232737194207034     
   4.78978978978979      -1.854448859917743E-003  0.232710394722303     
   4.79979979979980      -1.518196546171222E-003  0.232154542254390     
   4.80980980980981      -1.258535234815080E-003  0.231657347309107     
   4.81981981981982      -1.032152014324913E-003  0.231046207842806     
   4.82982982982983      -8.246371289878390E-004  0.230320432204681     
   4.83983983983984      -7.454615202388482E-004  0.229583663740664     
   4.84984984984985      -7.096652541660870E-004  0.228894680034239     
   4.85985985985986      -6.791534093995011E-004  0.228218877375773     
   4.86986986986987      -6.634169093733191E-004  0.227552183958582     
   4.87987987987988      -6.553627467777923E-004  0.226894563541449     
   4.88988988988989      -6.519261740058607E-004  0.226241938864249     
   4.89989989989990      -6.521823832117290E-004  0.225590735717267     
   4.90990990990991      -6.561308752264780E-004  0.224937571178298     
   4.91991991991992      -6.644586366916911E-004  0.224278708407841     
   4.92992992992993      -6.786947265040276E-004  0.223609441655679     
   4.93993993993994      -7.017739932274931E-004  0.222923209898438     
   4.94994994994995      -7.394626938037743E-004  0.222210084198075     
   4.95995995995996      -8.042496788001130E-004  0.221454014393694     
   4.96996996996997      -9.280546252279580E-004  0.220628993059516     
   4.97997997997998      -1.207243995258597E-003  0.219718185180049     
   4.98998998998999      -1.703545060836377E-003  0.218893543152909     
   5.00000000000000      -2.423250501275751E-003  0.217827688610462     
