  -5.00000000000000      -7.545002477665779E-004 -0.238007158456719     
  -4.98998998998999      -7.267493935091908E-004 -0.238733669700555     
  -4.97997997997998      -7.169946481764260E-004 -0.239451702758107     
  -4.96996996996997      -7.138576308791763E-004 -0.240166010467983     
  -4.95995995995996      -7.136967238104494E-004 -0.240879612566393     
  -4.94994994994995      -7.150965618388313E-004 -0.241594228842396     
  -4.93993993993994      -7.174192370708769E-004 -0.242310895913243     
  -4.92992992992993      -7.203435673529928E-004 -0.243030287662550     
  -4.91991991991992      -7.236939650369983E-004 -0.243752875436287     
  -4.90990990990991      -7.273689315250830E-004 -0.244479011902294     
  -4.89989989989990      -7.313091500403745E-004 -0.245208977497156     
  -4.88988988988989      -7.354839211174573E-004 -0.245943002796526     
  -4.87987987987988      -7.398558277259181E-004 -0.246681279948802     
  -4.86986986986987      -7.444034969408047E-004 -0.247424040678714     
  -4.85985985985986      -7.491613695207985E-004 -0.248171477900535     
  -4.84984984984985      -7.541439057309731E-004 -0.248923783697743     
  -4.83983983983984      -7.593842133568575E-004 -0.249681186248291     
  -4.82982982982983      -7.649472997034734E-004 -0.250443959398710     
  -4.81981981981982      -7.709503865556976E-004 -0.251212455135784     
  -4.80980980980981      -7.776100726570774E-004 -0.251987162349472     
  -4.79979979979980      -7.853532556121572E-004 -0.252768817109111     
  -4.78978978978979      -7.951073982450102E-004 -0.253558620336477     
  -4.77977977977978      -8.091836317541689E-004 -0.254358659313421     
  -4.76976976976977      -8.345210019211816E-004 -0.255172316015627     
  -4.75975975975976      -8.956689529356884E-004 -0.255997264225608     
  -4.74974974974975      -1.012604435215001E-003 -0.256753290918211     
  -4.73973973973974      -1.059049240625018E-003 -0.257421634864157     
  -4.72972972972973      -9.423415496412863E-004 -0.258132170975295     
  -4.71971971971972      -8.722102786217533E-004 -0.258977935670236     
  -4.70970970970971      -8.519917110141026E-004 -0.259828201741751     
  -4.69969969969970      -8.469169844602518E-004 -0.260674673455080     
  -4.68968968968969      -8.473736124580437E-004 -0.261521135657963     
  -4.67967967967968      -8.503122663858995E-004 -0.262370084562637     
  -4.66966966966967      -8.545641488196528E-004 -0.263222953695347     
  -4.65965965965966      -8.596207918103558E-004 -0.264080625530590     
  -4.64964964964965      -8.652539855932172E-004 -0.264943707883086     
  -4.63963963963964      -8.713881782694136E-004 -0.265812684758682     
  -4.62962962962963      -8.780798236172495E-004 -0.266688019857747     
  -4.61961961961962      -8.856007510072152E-004 -0.267570263291260     
  -4.60960960960961      -8.947937505865622E-004 -0.268460193934718     
  -4.59959959959960      -9.085411750598133E-004 -0.269358693300683     
  -4.58958958958959      -9.363470310470148E-004 -0.270260764060135     
  -4.57957957957958      -9.632608233845393E-004 -0.271131930351212     
  -4.56956956956957      -9.481177482558294E-004 -0.272026877494390     
  -4.55955955955956      -9.443139086199342E-004 -0.272940625342785     
  -4.54954954954955      -9.391951888813930E-004 -0.273867907181883     
  -4.53953953953954      -9.409318086908578E-004 -0.274805572080027     
  -4.52952952952953      -9.459846454447669E-004 -0.275749096909451     
  -4.51951951951952      -9.522670533888569E-004 -0.276698824631940     
  -4.50950950950951      -9.591336579506807E-004 -0.277655296926518     
  -4.49949949949950      -9.663491901829636E-004 -0.278618881354123     
  -4.48948948948949      -9.738130808599004E-004 -0.279589841488361     
  -4.47947947947948      -9.814786815325229E-004 -0.280568387191873     
  -4.46946946946947      -9.893254404774233E-004 -0.281554701762450     
  -4.45945945945946      -9.973492439052482E-004 -0.282548958103818     
  -4.44944944944945      -1.005562029133161E-003 -0.283551331241002     
  -4.43943943943944      -1.014002168467648E-003 -0.284562012626563     
  -4.42942942942943      -1.022772670509175E-003 -0.285581232195436     
  -4.41941941941942      -1.032185530733266E-003 -0.286609282463311     
  -4.40940940940941      -1.043377950734465E-003 -0.287646269199662     
  -4.39939939939940      -1.058408415651230E-003 -0.288688030886232     
  -4.38938938938939      -1.064245550034491E-003 -0.289733430927054     
  -4.37937937937938      -1.069137641590005E-003 -0.290796602724327     
  -4.36936936936937      -1.077335655574456E-003 -0.291869938606120     
  -4.35935935935936      -1.086907398685235E-003 -0.292952663428864     
  -4.34934934934935      -1.097619154697120E-003 -0.294045435157444     
  -4.33933933933934      -1.110249402497209E-003 -0.295149198220017     
  -4.32932932932933      -1.127836951897379E-003 -0.296265128053616     
  -4.31931931931932      -1.161559995183936E-003 -0.297389192814558     
  -4.30930930930931      -1.199519890393311E-003 -0.298477372767159     
  -4.29929929929930      -1.181606745116926E-003 -0.299593774862228     
  -4.28928928928929      -1.181660788130360E-003 -0.300735365471573     
  -4.27927927927928      -1.175878395386132E-003 -0.301894575592220     
  -4.26926926926927      -1.179695410447311E-003 -0.303069491148268     
  -4.25925925925926      -1.187730683257593E-003 -0.304253297282342     
  -4.24924924924925      -1.197323734194476E-003 -0.305446572170773     
  -4.23923923923924      -1.207678184710301E-003 -0.306650031835362     
  -4.22922922922923      -1.218504844329428E-003 -0.307864171105125     
  -4.21921921921922      -1.229680805425502E-003 -0.309089357691346     
  -4.20920920920921      -1.241148796953414E-003 -0.310325894160400     
  -4.19919919919920      -1.252881772836511E-003 -0.311574049922752     
  -4.18918918918919      -1.264868303681563E-003 -0.312834076552979     
  -4.17917917917918      -1.277099532307775E-003 -0.314106221050801     
  -4.16916916916917      -1.289580812393852E-003 -0.315390737578980     
  -4.15915915915916      -1.302321630378865E-003 -0.316687876017096     
  -4.14914914914915      -1.315332155401849E-003 -0.317997897797360     
  -4.13913913913914      -1.328627693906987E-003 -0.319321078280025     
  -4.12912912912913      -1.342229192379650E-003 -0.320657710621194     
  -4.11911911911912      -1.356164821849350E-003 -0.322008111653578     
  -4.10910910910911      -1.370472835049455E-003 -0.323372629918979     
  -4.09909909909910      -1.385206291616662E-003 -0.324751657121410     
  -4.08908908908909      -1.400440928947542E-003 -0.326145645138304     
  -4.07907907907908      -1.416288674083773E-003 -0.327555132256967     
  -4.06906906906907      -1.432921833766310E-003 -0.328980785214409     
  -4.05905905905906      -1.450618725819425E-003 -0.330423469388629     
  -4.04904904904905      -1.469855449297524E-003 -0.331884371447677     
  -4.03903903903904      -1.491505641754107E-003 -0.333365224631009     
  -4.02902902902903      -1.517320827021878E-003 -0.334868743890899     
  -4.01901901901902      -1.551240661197775E-003 -0.336399490656622     
  -4.00900900900901      -1.603555952951894E-003 -0.337965465123659     
  -3.99899899899900      -1.707284819876612E-003 -0.339578009392567     
  -3.98898898898899      -1.975658365475601E-003 -0.341194602167519     
  -3.97897897897898      -2.329811657400100E-003 -0.342459764007814     
  -3.96896896896897      -2.257676503318030E-003 -0.343527559643367     
  -3.95895895895896      -1.880468056297972E-003 -0.345045768154610     
  -3.94894894894895      -1.744285270396082E-003 -0.346759160430428     
  -3.93893893893894      -1.705913576295001E-003 -0.348461895719298     
  -3.92892892892893      -1.698854756883213E-003 -0.350157661226629     
  -3.91891891891892      -1.704249054226440E-003 -0.351857282015681     
  -3.90890890890891      -1.715689947121002E-003 -0.353567097249059     
  -3.89889889889890      -1.730508873902696E-003 -0.355290814376169     
  -3.88888888888889      -1.747465130712095E-003 -0.357030801862831     
  -3.87887887887888      -1.765931059512154E-003 -0.358788709121988     
  -3.86886886886887      -1.785572436842767E-003 -0.360565791523968     
  -3.85885885885886      -1.806210738334378E-003 -0.362363086219100     
  -3.84884884884885      -1.827757965468674E-003 -0.364181516327767     
  -3.83883883883884      -1.850191344962163E-003 -0.366021958943517     
  -3.82882882882883      -1.873539351482528E-003 -0.367885292916477     
  -3.81881881881882      -1.897884061602568E-003 -0.369772449503395     
  -3.80880880880881      -1.923377594805848E-003 -0.371684467143066     
  -3.79879879879880      -1.950278018906812E-003 -0.373622567974728     
  -3.78878878878879      -1.979023064885906E-003 -0.375588277964259     
  -3.77877877877878      -2.010384032581128E-003 -0.377583632518755     
  -3.76876876876877      -2.045808893208077E-003 -0.379611553667498     
  -3.75875875875876      -2.088263923049013E-003 -0.381676582180363     
  -3.74874874874875      -2.144555751695650E-003 -0.383786349809396     
  -3.73873873873874      -2.232992440141321E-003 -0.385954349526105     
  -3.72872872872873      -2.413794008103379E-003 -0.388199136556989     
  -3.71871871871872      -2.907130333260705E-003 -0.390437999372009     
  -3.70870870870871      -3.493012871668999E-003 -0.391763927827863     
  -3.69869869869870      -2.792842967480866E-003 -0.393459433840370     
  -3.68868868868869      -2.476505111853521E-003 -0.395830256257906     
  -3.67867867867868      -2.389984249127750E-003 -0.398209544115985     
  -3.66866866866867      -2.372337235628923E-003 -0.400575565126630     
  -3.65865865865866      -2.380288286068908E-003 -0.402947107004016     
  -3.64864864864865      -2.399972852816596E-003 -0.405336067923164     
  -3.63863863863864      -2.426050578157108E-003 -0.407749403317656     
  -3.62862862862863      -2.456187472998565E-003 -0.410191538815285     
  -3.61861861861862      -2.489307158992262E-003 -0.412665631533737     
  -3.60860860860861      -2.524972537699412E-003 -0.415174236699868     
  -3.59859859859860      -2.563204283080420E-003 -0.417719715936815     
  -3.58858858858859      -2.604584185352828E-003 -0.420304599705522     
  -3.57857857857858      -2.650884082956788E-003 -0.422932062679482     
  -3.56856856856857      -2.707457015384114E-003 -0.425606546739381     
  -3.55855855855856      -2.793371582484660E-003 -0.428331295621183     
  -3.54854854854855      -2.961425851624509E-003 -0.431050440008040     
  -3.53853853853854      -3.004211842457357E-003 -0.433648552835380     
  -3.52852852852853      -2.974996777498668E-003 -0.436452479671835     
  -3.51851851851852      -2.971203577857251E-003 -0.439294125285851     
  -3.50850850850851      -2.974141572588553E-003 -0.442229524516874     
  -3.49849849849850      -3.006827564344641E-003 -0.445214344165920     
  -3.48848848848849      -3.050314988407318E-003 -0.448242800937232     
  -3.47847847847848      -3.098827483383099E-003 -0.451318793440050     
  -3.46846846846847      -3.150548491474227E-003 -0.454445446347861     
  -3.45845845845846      -3.204787483997617E-003 -0.457625312207173     
  -3.44844844844845      -3.261291617744338E-003 -0.460860661553273     
  -3.43843843843844      -3.320017271962000E-003 -0.464153668553527     
  -3.42842842842843      -3.381082277717306E-003 -0.467506537183776     
  -3.41841841841842      -3.444860319797068E-003 -0.470921618983991     
  -3.40840840840841      -3.512447655227175E-003 -0.474401526306401     
  -3.39839839839840      -3.587715183700664E-003 -0.477948396662714     
  -3.38838838838839      -3.678672213856234E-003 -0.481550605320879     
  -3.37837837837838      -3.741135293058352E-003 -0.485201185221030     
  -3.36836836836837      -3.798577584440187E-003 -0.488955488258720     
  -3.35835835835836      -3.869925203384586E-003 -0.492789032770878     
  -3.34834834834835      -3.947853272441482E-003 -0.496699615345429     
  -3.33833833833834      -4.030382657270381E-003 -0.500690850420020     
  -3.32832832832833      -4.117448173301054E-003 -0.504766806288613     
  -3.31831831831832      -4.209951237919577E-003 -0.508932019382305     
  -3.30830830830831      -4.310230447010602E-003 -0.513192114196718     
  -3.29829829829830      -4.424578932140807E-003 -0.517554751548582     
  -3.28828828828829      -4.573571356793030E-003 -0.522029112923424     
  -3.27827827827828      -4.829818629563037E-003 -0.526585635184716     
  -3.26826826826827      -5.079252076919921E-003 -0.530955592364701     
  -3.25825825825826      -5.022285138731700E-003 -0.535586654237303     
  -3.24824824824825      -5.074788130298122E-003 -0.540389501632418     
  -3.23823823823824      -5.096369503520708E-003 -0.545361988839267     
  -3.22822822822823      -5.180326589576159E-003 -0.550481230105652     
  -3.21821821821822      -5.292510484559593E-003 -0.555714867003752     
  -3.20820820820821      -5.418126024499397E-003 -0.561071045655910     
  -3.19819819819820      -5.552935049546787E-003 -0.566558585716996     
  -3.18818818818819      -5.695603771237449E-003 -0.572185312869409     
  -3.17817817817818      -5.845779513359488E-003 -0.577958656161004     
  -3.16816816816817      -6.003518539481500E-003 -0.583886038939161     
  -3.15815815815816      -6.169083479038405E-003 -0.589975097658812     
  -3.14814814814815      -6.342862407729626E-003 -0.596233816573698     
  -3.13813813813814      -6.525334473276607E-003 -0.602670623374946     
  -3.12812812812813      -6.717055696549024E-003 -0.609294467423898     
  -3.11811811811812      -6.918654584267900E-003 -0.616114891508822     
  -3.10810810810811      -7.130833133342084E-003 -0.623142103145481     
  -3.09809809809810      -7.354371252383154E-003 -0.630387049147245     
  -3.08808808808809      -7.590133731378930E-003 -0.637861496126583     
  -3.07807807807808      -7.839079445480237E-003 -0.645578119148141     
  -3.06806806806807      -8.102272802916560E-003 -0.653550600661928     
  -3.05805805805806      -8.380897688890242E-003 -0.661793741990113     
  -3.04804804804805      -8.676274411153940E-003 -0.670323589994693     
  -3.03803803803804      -8.989880527196148E-003 -0.679157582159878     
  -3.02802802802803      -9.323377146064658E-003 -0.688314714324995     
  -3.01801801801802      -9.678643938647820E-003 -0.697815737041599     
  -3.00800800800801      -1.005783053026185E-002 -0.707683389764799     
  -2.99799799799800      -1.046344607216822E-002 -0.717942688104645     
  -2.98798798798799      -1.089855979884873E-002 -0.728621284979775     
  -2.97797797797798      -1.136741128373371E-002 -0.739749891958098     
  -2.96796796796797      -1.187782566308110E-002 -0.751361488812535     
  -2.95795795795796      -1.243769137291411E-002 -0.763477571071833     
  -2.94794794794795      -1.302082960550833E-002 -0.776145050875329     
  -2.93793793793794      -1.364806586384028E-002 -0.789422507625724     
  -2.92792792792793      -1.432455166904109E-002 -0.803371978547393     
  -2.91791791791792      -1.507272460467636E-002 -0.818045451582391     
  -2.90790790790791      -1.590077054384655E-002 -0.833507201120608     
  -2.89789789789790      -1.683031865570046E-002 -0.849836447701480     
  -2.88788788788789      -1.791594766384850E-002 -0.867107300400840     
  -2.87787787787788      -1.916762071023842E-002 -0.885235397387397     
  -2.86786786786787      -2.024350568588367E-002 -0.904529537967803     
  -2.85785785785786      -2.153261750701704E-002 -0.925296677375647     
  -2.84784784784785      -2.305938456053054E-002 -0.947518866256622     
  -2.83783783783784      -2.481808973032205E-002 -0.971378648339929     
  -2.82782782782783      -2.684473289160649E-002 -0.997113075083589     
  -2.81781781781782      -2.919843471901181E-002  -1.02501045488521     
  -2.80780780780781      -3.196282717590224E-002  -1.05542813135164     
  -2.79779779779780      -3.525580498126400E-002  -1.08881862427058     
  -2.78778778778779      -3.924791536350788E-002  -1.12576850305394     
  -2.77777777777778      -4.419568313398228E-002  -1.16705896717119     
  -2.76776776776777      -5.050519266547678E-002  -1.21376489644053     
  -2.75775775775776      -5.886365883321933E-002  -1.26742537764189     
  -2.74774774774775      -7.054278628205926E-002  -1.33035341343066     
  -2.73773773773774      -8.820672790143992E-002  -1.40621603563124     
  -2.72772772772773      -0.118509036738242       -1.50095413741516     
  -2.71771771771772      -0.181816724934292       -1.62075462428913     
  -2.70770770770771      -0.320068563342266       -1.73212951498558     
  -2.69769769769770      -0.487023738192771       -1.76521582286413     
  -2.68768768768769      -0.627852441337681       -1.75441904237488     
  -2.67767767767768      -0.746244371277216       -1.72717173395340     
  -2.66766766766767      -0.849036600285265       -1.69208780390136     
  -2.65765765765766      -0.940485045117416       -1.65240496995759     
  -2.64764764764765       -1.02323743785205       -1.60959283891767     
  -2.63763763763764       -1.09903223578740       -1.56440771858453     
  -2.62762762762763       -1.16906878040971       -1.51727095152993     
  -2.61761761761762       -1.23420766389933       -1.46842773427607     
  -2.60760760760761       -1.29508521077753       -1.41802204490701     
  -2.59759759759760       -1.35218239295485       -1.36613525103541     
  -2.58758758758759       -1.40586820689534       -1.31280739089121     
  -2.57757757757758       -1.45642798755737       -1.25804951815671     
  -2.56756756756757       -1.50408241718278       -1.20185112652121     
  -2.55755755755756       -1.54900052930631       -1.14418469722937     
  -2.54754754754755       -1.59130863119987       -1.08500844074983     
  -2.53753753753754       -1.63109606152542       -1.02426778320185     
  -2.52752752752753       -1.66841676087640      -0.961896934694688     
  -2.51751751751752       -1.70329487714012      -0.897834397718158     
  -2.50750750750751       -1.73575781637324      -0.831984898996294     
  -2.49749749749750       -1.76575471039672      -0.764242816568247     
  -2.48748748748749       -1.79324239591428      -0.694500355227462     
  -2.47747747747748       -1.81811798698881      -0.622626907916912     
  -2.46746746746747       -1.84024519275099      -0.548486195627831     
  -2.45745745745746       -1.85939421783559      -0.471958535226573     
  -2.44744744744745       -1.87545677799610      -0.393101573024750     
  -2.43743743743744       -1.88833589418780      -0.311551478494680     
  -2.42742742742743       -1.89778367381514      -0.227041819230982     
  -2.41741741741742       -1.90319618497283      -0.139318516974207     
  -2.40740740740741       -1.90416979762288      -4.821456187961146E-002
  -2.39739739739740       -1.90010515129958       4.647251455423636E-002
  -2.38738738738739       -1.89034116180213       0.144970826617774     
  -2.37737737737738       -1.87403137090472       0.247541581735262     
  -2.36736736736737       -1.85010012772640       0.354445592480357     
  -2.35735735735736       -1.81717231334227       0.465924406112201     
  -2.34734734734735       -1.77346061867382       0.582165670025932     
  -2.33733733733734       -1.71658105849063       0.703222778701951     
  -2.32732732732733       -1.64328489772417       0.828732262055578     
  -2.31731731731732       -1.54985612153790       0.957712208734849     
  -2.30730730730731       -1.42989018252421        1.08949255065516     
  -2.29729729729730       -1.27314906171695        1.21954339933449     
  -2.28728728728729       -1.06431064967174        1.33610693111026     
  -2.27727727727728      -0.782386668037199        1.40424450113228     
  -2.26726726726727      -0.454154277632654        1.32771585947031     
  -2.25725725725726      -0.254242461334101        1.12134485486828     
  -2.24724724724725      -0.169563199939957       0.942593096715485     
  -2.23723723723724      -0.126659129152900       0.805520340467112     
  -2.22722722722723      -0.100967800031506       0.696618945936639     
  -2.21721721721722      -8.389052061635824E-002  0.606788595785025     
  -2.20720720720721      -7.173868106560781E-002  0.530509832141079     
  -2.19719719719720      -6.267311698026796E-002  0.464283146103927     
  -2.18718718718719      -5.567329686077674E-002  0.405769486453399     
  -2.17717717717718      -5.012663064645913E-002  0.353332487311983     
  -2.16716716716717      -4.564272609942859E-002  0.305783353856618     
  -2.15715715715716      -4.196084668997414E-002  0.262231015735600     
  -2.14714714714715      -3.890017520287559E-002  0.221989791029243     
  -2.13713713713714      -3.633140782846268E-002  0.184520070990796     
  -2.12712712712713      -3.415970285037823E-002  0.149388827233372     
  -2.11711711711712      -3.231401218813997E-002  0.116242489908485     
  -2.10710710710711      -3.074016909134842E-002  8.478781134262181E-002
  -2.09709709709710      -2.939627430909423E-002  5.477803734863668E-002
  -2.08708708708709      -2.824953723021704E-002  2.600269706633967E-002
  -2.07707707707708      -2.727406617958237E-002 -1.720085634878226E-003
  -2.06706706706707      -2.644929567089498E-002 -2.854949071738118E-002
  -2.05705705705706      -2.575885499718083E-002 -5.462661097635101E-002
  -2.04704704704705      -2.518976204257446E-002 -8.007812284831320E-002
  -2.03703703703704      -2.473191406455708E-002 -0.105019263541604     
  -2.02702702702703      -2.437808566407014E-002 -0.129556107112823     
  -2.01701701701702      -2.412383007669558E-002 -0.153784755484067     
  -2.00700700700701      -2.395583953784713E-002 -0.177797597822272     
  -1.99699699699700      -2.387734948727319E-002 -0.201693217556922     
  -1.98698698698699      -2.388465619134472E-002 -0.225554358661094     
  -1.97697697697698      -2.398034632220388E-002 -0.249471595430879     
  -1.96696696696697      -2.416528456697203E-002 -0.273529900629514     
  -1.95695695695696      -2.444197468035160E-002 -0.297818827806187     
  -1.94694694694695      -2.481419932114880E-002 -0.322430712464852     
  -1.93693693693694      -2.528753453170711E-002 -0.347463059806543     
  -1.92692692692693      -2.586965909065188E-002 -0.373019967777341     
  -1.91691691691692      -2.657076464092224E-002 -0.399214223413966     
  -1.90690690690691      -2.740455927271227E-002 -0.426169856989556     
  -1.89689689689690      -2.839109140594965E-002 -0.454024792532302     
  -1.88688688688689      -2.956413625451390E-002 -0.482924538132424     
  -1.87687687687688      -3.092186075096452E-002 -0.513007108991746     
  -1.86686686686687      -3.247012062628615E-002 -0.544517275503837     
  -1.85685685685686      -3.426026237872225E-002 -0.577720436802380     
  -1.84684684684685      -3.637489258687353E-002 -0.612885621133014     
  -1.83683683683684      -3.888109221358296E-002 -0.650357751973197     
  -1.82682682682683      -4.187943759257860E-002 -0.690549094566638     
  -1.81681681681682      -4.549644255308127E-002 -0.733987680595003     
  -1.80680680680681      -4.991911205330520E-002 -0.781355125596115     
  -1.79679679679680      -5.542674736234282E-002 -0.833548261794213     
  -1.78678678678679      -6.245313014153592E-002 -0.891784110248823     
  -1.77677677677678      -7.171164985897382E-002 -0.957776986225198     
  -1.76676676676677      -8.446904729293782E-002  -1.03405308469743     
  -1.75675675675676      -0.103222971299848       -1.12453656017680     
  -1.74674674674675      -0.133681214760175       -1.23561965175574     
  -1.73673673673674      -0.191806973525991       -1.37695896627427     
  -1.72672672672673      -0.325919646103965       -1.54291825426615     
  -1.71671671671672      -0.555137424359383       -1.63188520986072     
  -1.70670670670671      -0.765463834884509       -1.62154568700768     
  -1.69669669669670      -0.933290319600659       -1.57375294032815     
  -1.68668668668669       -1.07035611794987       -1.51193248608462     
  -1.67667667667668       -1.18539901745007       -1.44399603823304     
  -1.66666666666667       -1.28387941840363       -1.37321306853662     
  -1.65665665665666       -1.36935585066668       -1.30114982153818     
  -1.64664664664665       -1.44427467545137       -1.22863104766096     
  -1.63663663663664       -1.51039513683900       -1.15611669437866     
  -1.62662662662663       -1.56902858017076       -1.08387071182939     
  -1.61661661661662       -1.62118069063481       -1.01204473331369     
  -1.60660660660661       -1.66764041545226      -0.940722892686443     
  -1.59659659659660       -1.70903800440838      -0.869947323305210     
  -1.58658658658659       -1.74588430610382      -0.799733378822517     
  -1.57657657657658       -1.77859821229808      -0.730079075237261     
  -1.56656656656657       -1.80752633718942      -0.660971132807303     
  -1.55655655655656       -1.83295744880343      -0.592388940248989     
  -1.54654654654655       -1.85513325533944      -0.524307208456128     
  -1.53653653653654       -1.87425659726614      -0.456697775343486     
  -1.52652652652653       -1.89049775172334      -0.389530848307340     
  -1.51651651651652       -1.90399933469597      -0.322775866813842     
  -1.50650650650651       -1.91488014016416      -0.256402103703080     
  -1.49649649649650       -1.92323815480355      -0.190379082817038     
  -1.48648648648649       -1.92915291103107      -0.124676862487031     
  -1.47647647647648       -1.93268726381383      -5.926621423226976E-002
  -1.46646646646647       -1.93388851477840       5.881258942578668E-003
  -1.45645645645646       -1.93278820411661       7.079251198103928E-002
  -1.44644644644645       -1.92940161276516       0.135484945917954     
  -1.43643643643644       -1.92376401716682       0.199974365682289     
  -1.42642642642643       -1.91585590076667       0.264316370989278     
  -1.41641641641642       -1.90566347768795       0.328511858263399     
  -1.40640640640641       -1.89315069395667       0.392596066303041     
  -1.39639639639640       -1.87827387477060       0.456575941074339     
  -1.38638638638639       -1.86097749196442       0.520468779785771     
  -1.37637637637638       -1.84118957766068       0.584283140659791     
  -1.36636636636637       -1.81883880194087       0.648027496003692     
  -1.35635635635636       -1.79381196982494       0.711731397080389     
  -1.34634634634635       -1.76597529502760       0.775388094096681     
  -1.33633633633634       -1.73518315436395       0.838996790795646     
  -1.32632632632633       -1.70125882664994       0.902553572676830     
  -1.31631631631632       -1.66399135460418       0.966047488839032     
  -1.30630630630631       -1.62312892345347        1.02945855618285     
  -1.29629629629630       -1.57836934323252        1.09275486739665     
  -1.28628628628629       -1.52934695772615        1.15588826151422     
  -1.27627627627628       -1.47561441906303        1.21878774778858     
  -1.26626626626627       -1.41661673023237        1.28134922656154     
  -1.25625625625626       -1.35165321607844        1.34341880427715     
  -1.24624624624625       -1.27981990554060        1.40476442332031     
  -1.23623623623624       -1.19991870163721        1.46502479266626     
  -1.22622622622623       -1.11030737433128        1.52361068961148     
  -1.21621621621622       -1.00863833114212        1.57949615238658     
  -1.20620620620621      -0.891378786451595        1.63072127230986     
  -1.19619619619620      -0.752915086233132        1.67300568031740     
  -1.18618618618619      -0.584381694042677        1.69501831313405     
  -1.17617617617618      -0.381728157575186        1.66126072946231     
  -1.16616616616617      -0.215093273492566        1.53035340687220     
  -1.15615615615616      -0.139363441106778        1.38948028040179     
  -1.14614614614615      -0.103258868004304        1.27850850704595     
  -1.13613613613614      -8.230820010336209E-002   1.18993455873302     
  -1.12612612612613      -6.851854723756071E-002   1.11664428477792     
  -1.11611611611612      -5.869066674490859E-002   1.05426095647120     
  -1.10610610610611      -5.129949151983176E-002   1.00003234905621     
  -1.09609609609610      -4.552248117880744E-002  0.952132799649145     
  -1.08608608608609      -4.087462775667746E-002  0.909291233278032     
  -1.07607607607608      -3.705018070057101E-002  0.870586681444082     
  -1.06606606606607      -3.384614838374056E-002  0.835329781426095     
  -1.05605605605606      -3.112208715020441E-002  0.802990546196503     
  -1.04604604604605      -2.877750851684869E-002  0.773152349212618     
  -1.03603603603604      -2.673847974057324E-002  0.745481477730357     
  -1.02602602602603      -2.494931306765608E-002  0.719706322544096     
  -1.01601601601602      -2.336721351927746E-002  0.695602750909328     
  -1.00600600600601      -2.195871984597042E-002  0.672983573026593     
 -0.995995995995996      -2.069727207415698E-002  0.651690793667810     
 -0.985985985985986      -1.956151013801556E-002  0.631589804376856     
 -0.975975975975976      -1.853406429096202E-002  0.612564956038707     
 -0.965965965965966      -1.760070196216559E-002  0.594516135309543     
 -0.955955955955956      -1.674981172384060E-002  0.577356167790198     
 -0.945945945945946      -1.597158794707968E-002  0.561009502875237     
 -0.935935935935936      -1.525633608756742E-002  0.545408371651572     
 -0.925925925925926      -1.459675302360908E-002  0.530492969430508     
 -0.915915915915916      -1.398729733030919E-002  0.516208392658567     
 -0.905905905905906      -1.342337214741724E-002  0.502508216921177     
 -0.895895895895896      -1.290035486226952E-002  0.489349548636895     
 -0.885885885885886      -1.241431007156384E-002  0.476694170869781     
 -0.875875875875876      -1.196164851147661E-002  0.464507233828462     
 -0.865865865865866      -1.153930732338148E-002  0.452757046902999     
 -0.855855855855856      -1.114461778095232E-002  0.441414742743665     
 -0.845845845845846      -1.077523343821221E-002  0.430453939934424     
 -0.835835835835836      -1.042908198241140E-002  0.419850451152856     
 -0.825825825825826      -1.010432806066645E-002  0.409582030966224     
 -0.815815815815816      -9.799343169795645E-003  0.399628156232826     
 -0.805805805805806      -9.512680862765225E-003  0.389969833433121     
 -0.795795795795796      -9.243056242232357E-003  0.380589428323117     
 -0.785785785785786      -8.989329043464570E-003  0.371470514073232     
 -0.775775775775776      -8.750489809960463E-003  0.362597734618674     
 -0.765765765765765      -8.525648811655967E-003  0.353956680355611     
 -0.755755755755755      -8.314027477062114E-003  0.345533773600248     
 -0.745745745745745      -8.114952222313895E-003  0.337316161399130     
 -0.735735735735735      -7.927850672938901E-003  0.329291613342379     
 -0.725725725725725      -7.752250398808299E-003  0.321448421980752     
 -0.715715715715715      -7.587780431753477E-003  0.313775303265609     
 -0.705705705705705      -7.434176025427719E-003  0.306261294087612     
 -0.695695695695695      -7.291287372061387E-003  0.298895643436058     
 -0.685685685685685      -7.159093346529312E-003  0.291667692859563     
 -0.675675675675675      -7.037721859711127E-003  0.284566740662307     
 -0.665665665665665      -6.927479157577941E-003  0.277581882436069     
 -0.655655655655655      -6.828891540648050E-003  0.270701817822424     
 -0.645645645645645      -6.742764733433375E-003  0.263914609371834     
 -0.635635635635635      -6.670268899803973E-003  0.257207373292355     
 -0.625625625625625      -6.613061762889450E-003  0.250565872569671     
 -0.615615615615615      -6.573469669512294E-003  0.243973968391594     
 -0.605605605605605      -6.554758986424688E-003  0.237412862577996     
 -0.595595595595595      -6.561552199862420E-003  0.230860025701677     
 -0.585585585585585      -6.600482935521616E-003  0.224287641660370     
 -0.575575575575575      -6.681259147805668E-003  0.217660288648623     
 -0.565565565565565      -6.818451302548789E-003  0.210931377777082     
 -0.555555555555555      -7.034627544488629E-003  0.204037500631408     
 -0.545545545545545      -7.366126811354762E-003  0.196889119059859     
 -0.535535535535535      -7.874333072448343E-003  0.189354574208076     
 -0.525525525525525      -8.669330110048770E-003  0.181231316651963     
 -0.515515515515515      -9.964095563973306E-003  0.172191782605507     
 -0.505505505505505      -1.220933777463183E-002  0.161677586592680     
 -0.495495495495495      -1.649182380100374E-002  0.148672099761447     
 -0.485485485485485      -2.594508217863745E-002  0.131374973307856     
 -0.475475475475475      -5.158904518476174E-002  0.108445087736737     
 -0.465465465465465      -0.126556752803009       0.110833965963870     
 -0.455455455455455      -0.133346135645125       0.230143976587120     
 -0.445445445445445      -5.451533375792361E-002  0.239199384876034     
 -0.435435435435435      -2.667798248095047E-002  0.216315955225669     
 -0.425425425425425      -1.650188169096499E-002  0.198981434812385     
 -0.415415415415415      -1.188160160874229E-002  0.186218260774157     
 -0.405405405405405      -9.423678216569668E-003  0.176162633077363     
 -0.395395395395395      -7.961707747345904E-003  0.167758716396391     
 -0.385385385385385      -7.018115751999328E-003  0.160423454399501     
 -0.375375375375375      -6.370010487371591E-003  0.153818479273276     
 -0.365365365365365      -5.902540842546062E-003  0.147736305091222     
 -0.355355355355355      -5.551800971252371E-003  0.142043244007386     
 -0.345345345345345      -5.279989792151792E-003  0.136649393368782     
 -0.335335335335335      -5.063607075056078E-003  0.131492026630590     
 -0.325325325325325      -4.887428709503061E-003  0.126525956162742     
 -0.315315315315315      -4.741244782148190E-003  0.121717701353334     
 -0.305305305305305      -4.618003951430278E-003  0.117041826629427     
 -0.295295295295295      -4.512712559129407E-003  0.112478565951784     
 -0.285285285285285      -4.421757575890291E-003  0.108012236661980     
 -0.275275275275275      -4.342477105245947E-003  0.103630152502354     
 -0.265265265265265      -4.272880585695710E-003  9.932186074626793E-002
 -0.255255255255255      -4.211462384159020E-003  9.507859461143074E-002
 -0.245245245245245      -4.157075370758338E-003  9.089287139283984E-002
 -0.235235235235235      -4.108844138052097E-003  8.675819063229630E-002
 -0.225225225225225      -4.066105251870499E-003  8.266880146565930E-002
 -0.215215215215215      -4.028366654936939E-003  7.861951760536706E-002
 -0.205205205205205      -3.995281385618194E-003  7.460556425041781E-002
 -0.195195195195195      -3.966632875824617E-003  7.062244472415975E-002
 -0.185185185185185      -3.942330735267092E-003  6.666581644474075E-002
 -0.175175175175175      -3.922417482470472E-003  6.273136618746929E-002
 -0.165165165165165      -3.907088524311204E-003  5.881467343458976E-002
 -0.155155155155155      -3.896730344893158E-003  5.491104747811571E-002
 -0.145145145145145      -3.891986261227897E-003  5.101531781417609E-002
 -0.135135135135135      -3.893867043169451E-003  4.712154616014068E-002
 -0.125125125125125      -3.903939009988752E-003  4.322260798507165E-002
 -0.115115115115115      -3.924653591633533E-003  3.930955328781694E-002
 -0.105105105105105      -3.959950874686720E-003  3.537058251338027E-002
 -9.509509509509506E-002 -4.016430807202645E-003  3.138932437060315E-002
 -8.508508508508505E-002 -4.105799838591505E-003  2.734178904579937E-002
 -7.507507507507505E-002 -4.250472956973731E-003  2.319071855488199E-002
 -6.506506506506504E-002 -4.497601146007143E-003  1.887460134805950E-002
 -5.505505505505504E-002 -4.961934068236227E-003  1.428510256610726E-002
 -4.504504504504503E-002 -5.979907011938505E-003  9.242137336961826E-003
 -3.503503503503502E-002 -8.754513481261545E-003  3.747179662429078E-003
 -2.502502502502502E-002 -1.537470674063611E-002  2.141775482105346E-003
 -1.501501501501501E-002 -1.337718449793123E-002  5.073753513335481E-003
 -5.005005005005003E-003 -1.257097102995268E-002  9.720852131138639E-004
  5.005005005005003E-003 -1.256941149165725E-002 -9.132461735193875E-004
  1.501501501501501E-002 -1.352638726616690E-002 -4.983162786025941E-003
  2.502502502502502E-002 -1.529785946497163E-002 -1.841545604694663E-003
  3.503503503503502E-002 -8.671191448334658E-003 -3.654887091123687E-003
  4.504504504504503E-002 -5.952266507467521E-003 -9.156178258625846E-003
  5.505505505505504E-002 -4.949887352780071E-003 -1.418947312245629E-002
  6.506506506506504E-002 -4.490666975556788E-003 -1.877193307299747E-002
  7.507507507507505E-002 -4.245490902534301E-003 -2.308288741740465E-002
  8.508508508508505E-002 -4.101622632698375E-003 -2.722969556112441E-002
  9.509509509509506E-002 -4.012555628475457E-003 -3.127334653793199E-002
  0.105105105105105      -3.956132854631421E-003 -3.525082829043846E-002
  0.115115115115115      -3.920762788655144E-003 -3.918598129568918E-002
  0.125125125125125      -3.899902600906498E-003 -4.309509136056105E-002
  0.135135135135135      -3.889643862315695E-003 -4.698990824940560E-002
  0.145145145145145      -3.887554959858367E-003 -5.087935406534710E-002
  0.155155155155155      -3.892083951782699E-003 -5.477054063414846E-002
  0.165165165165165      -3.902232400209316E-003 -5.866940580838693E-002
  0.175175175175175      -3.917369378275548E-003 -6.258113129029379E-002
  0.185185185185185      -3.937122447957048E-003 -6.651043158606361E-002
  0.195195195195195      -3.961313413566075E-003 -7.046176599965395E-002
  0.205205205205205      -3.989921833973818E-003 -7.443950541754230E-002
  0.215215215215215      -4.023067189245306E-003 -7.844807466097890E-002
  0.225225225225225      -4.061005035654172E-003 -8.249208530284706E-002
  0.235235235235235      -4.104135247732542E-003 -8.657647103494169E-002
  0.245245245245245      -4.153022475182063E-003 -9.070663696079623E-002
  0.255255255255255      -4.208430808589824E-003 -9.488863522242783E-002
  0.265265265265265      -4.271376809702726E-003 -9.912938222350071E-002
  0.275275275275275      -4.343208034642130E-003 -0.103436937881719     
  0.285285285285285      -4.425718712752514E-003 -0.107820875868732     
  0.295295295295295      -4.521321602236884E-003 -0.112292787568013     
  0.305305305305305      -4.633307513266918E-003 -0.116866984864220     
  0.315315315315315      -4.766245921209322E-003 -0.121561503923615     
  0.325325325325325      -4.926620130225719E-003 -0.126399574994923     
  0.335335335335335      -5.123866539201118E-003 -0.131411833196343     
  0.345345345345345      -5.372138854781969E-003 -0.136639744180859     
  0.355355355355355      -5.693434871146843E-003 -0.142141092595116     
  0.365365365365365      -6.123427737237131E-003 -0.147999114932773     
  0.375375375375375      -6.723024217205464E-003 -0.154338364742504     
  0.385385385385385      -7.603035681138458E-003 -0.161353635526707     
  0.395395395395395      -8.981895189279096E-003 -0.169365470885303     
  0.405405405405405      -1.133726492834037E-002 -0.178931515057670     
  0.415415415415415      -1.586800237531836E-002 -0.191066840623407     
  0.425425425425425      -2.618840148432235E-002 -0.207503138854141     
  0.435435435435435      -5.553566423499258E-002 -0.227842737231418     
  0.445445445445445      -0.129263343433671      -0.202453704718582     
  0.455455455455455      -9.451725018552021E-002 -0.107749258983547     
  0.465465465465465      -3.916656731910588E-002 -0.117147947004577     
  0.475475475475475      -2.095705838951256E-002 -0.136875151947624     
  0.485485485485485      -1.397109788424609E-002 -0.151599316893582     
  0.495495495495495      -1.071291668718471E-002 -0.162957361036574     
  0.505505505505505      -8.972638728944800E-003 -0.172369824051663     
  0.515515515515515      -7.959185877585997E-003 -0.180623496533831     
  0.525525525525525      -7.334520179738979E-003 -0.188155085984027     
  0.535535535535535      -6.936228009714268E-003 -0.195223499863929     
  0.545545545545545      -6.679101416964383E-003 -0.201990434288738     
  0.555555555555555      -6.515073440980061E-003 -0.208562006141837     
  0.565565565565565      -6.415427881040766E-003 -0.215011043866617     
  0.575575575575575      -6.362201426327319E-003 -0.221389584540899     
  0.585585585585585      -6.343730950988466E-003 -0.227736207534555     
  0.595595595595595      -6.352212640794190E-003 -0.234080518359972     
  0.605605605605605      -6.382298776599724E-003 -0.240445991559034     
  0.615615615615615      -6.430257807964493E-003 -0.246851832437001     
  0.625625625625625      -6.493453898304033E-003 -0.253314232372162     
  0.635635635635635      -6.570014675163330E-003 -0.259847238239064     
  0.645645645645645      -6.658613615684170E-003 -0.266463369949868     
  0.655655655655655      -6.758324357726270E-003 -0.273174069915127     
  0.665665665665665      -6.868521362095218E-003 -0.279990038217982     
  0.675675675675675      -6.988811186268136E-003 -0.286921488873807     
  0.685685685685685      -7.118984445137611E-003 -0.293978350963996     
  0.695695695695695      -7.258982066225719E-003 -0.301170430992340     
  0.705705705705705      -7.408871645397008E-003 -0.308507547943511     
  0.715715715715715      -7.568831109361515E-003 -0.315999649285893     
  0.725725725725725      -7.739137802777357E-003 -0.323656913981554     
  0.735735735735735      -7.920161724127194E-003 -0.331489847086827     
  0.745745745745745      -8.112362047176637E-003 -0.339509369521120     
  0.755755755755755      -8.316286352865819E-003 -0.347726905903505     
  0.765765765765765      -8.532572203823491E-003 -0.356154472911765     
  0.775775775775776      -8.761950848881022E-003 -0.364804770345483     
  0.785785785785786      -9.005252967159124E-003 -0.373691276933739     
  0.795795795795796      -9.263416463944477E-003 -0.382828352894851     
  0.805805805805806      -9.537496423780873E-003 -0.392231351316502     
  0.815815815815816      -9.828677418561601E-003 -0.401916740574953     
  0.825825825825826      -1.013828846885044E-002 -0.411902240254651     
  0.835835835835836      -1.046782107750736E-002 -0.422206973375924     
  0.845845845845846      -1.081895091953168E-002 -0.432851638212435     
  0.855855855855856      -1.119356404127574E-002 -0.443858703625117     
  0.865865865865866      -1.159378899369148E-002 -0.455252632731349     
  0.875875875875876      -1.202203800455841E-002 -0.467060140894230     
  0.885885885885886      -1.248106699479489E-002 -0.479310493681705     
  0.895895895895896      -1.297408610358602E-002 -0.492035816185854     
  0.905905905905906      -1.350469950051728E-002 -0.505271271890039     
  0.915915915915916      -1.407683512922580E-002 -0.519055965996499     
  0.925925925925926      -1.469500536232589E-002 -0.533432938807997     
  0.935935935935936      -1.536349341830097E-002 -0.548450796284662     
  0.945945945945946      -1.608893038972664E-002 -0.564165687656364     
  0.955955955955956      -1.688016833695895E-002 -0.580637634234705     
  0.965965965965966      -1.774539018212255E-002 -0.597934934626695     
  0.975975975975976      -1.869466277348119E-002 -0.616135768023533     
  0.985985985985986      -1.974019729312585E-002 -0.635329411735314     
  0.995995995995996      -2.089676885343524E-002 -0.655618423203694     
   1.00600600600601      -2.218238533946742E-002 -0.677121437922227     
   1.01601601601602      -2.361921832296444E-002 -0.699976745324536     
   1.02602602602603      -2.523489137183384E-002 -0.724346922234803     
   1.03603603603604      -2.706428960625640E-002 -0.750424930024971     
   1.04604604604605      -2.915215456603132E-002 -0.778442275521119     
   1.05605605605606      -3.155689722767803E-002 -0.808680144839245     
   1.06606606606607      -3.435636190614912E-002 -0.841484926193214     
   1.07607607607608      -3.765683102111105E-002 -0.877290396158283     
   1.08608608608609      -4.160764879717696E-002 -0.916650352347573     
   1.09609609609610      -4.642609314781965E-002 -0.960288238367898     
   1.10610610610611      -5.244211450330580E-002  -1.00917560499789     
   1.11611611611612      -6.018458026945672E-002  -1.06466191579750     
   1.12612612612613      -7.056275260294437E-002  -1.12870062461936     
   1.13613613613614      -8.529416310955916E-002  -1.20426388912278     
   1.14614614614615      -0.108077743772493       -1.29611827517202     
   1.15615615615616      -0.148496846361827       -1.41192354626452     
   1.16616616616617      -0.236416588095423       -1.55706439070021     
   1.17617617617618      -0.418114814311587       -1.67419134373323     
   1.18618618618619      -0.616277233959794       -1.69372818448173     
   1.19619619619620      -0.778784582476864       -1.66670263691518     
   1.20620620620621      -0.913002066993203       -1.62236940224898     
   1.21621621621622       -1.02720614740341       -1.57013419265582     
   1.22622622622623       -1.12655709460993       -1.51368705258826     
   1.23623623623624       -1.21433048579832       -1.45476408971014     
   1.24624624624625       -1.29272385656126       -1.39429124246100     
   1.25625625625626       -1.36328677892925       -1.33280732221971     
   1.26626626626627       -1.42715700672988       -1.27064582374730     
   1.27627627627628       -1.48519738326105       -1.20802237780904     
   1.28628628628629       -1.53807945602443       -1.14508062047039     
   1.29629629629630       -1.58633690990629       -1.08191795081805     
   1.30630630630631       -1.63040105409719       -1.01860081066940     
   1.31631631631632       -1.67062516764310      -0.955174159707226     
   1.32632632632633       -1.70730164846371      -0.891667556587853     
   1.33633633633634       -1.74067427694844      -0.828099144329823     
   1.34634634634635       -1.77094658843737      -0.764478433859984     
   1.35635635635636       -1.79828672788655      -0.700812522165104     
   1.36636636636637       -1.82285337132887      -0.637107556985494     
   1.37637637637638       -1.84476629740204      -0.573337858215562     
   1.38638638638639       -1.86411812112560      -0.509500848503937     
   1.39639639639640       -1.88099376163788      -0.445586703400440     
   1.40640640640641       -1.89546157339077      -0.381582352787883     
   1.41641641641642       -1.90757255551024      -0.317470174388485     
   1.42642642642643       -1.91737143481890      -0.253243053256121     
   1.43643643643644       -1.92488585623145      -0.188864520494765     
   1.44644644644645       -1.93013643080136      -0.124334572302245     
   1.45645645645646       -1.93312980109536      -5.959394828176863E-002
   1.46646646646647       -1.93383378203591       5.367953350304307E-003
   1.47647647647648       -1.93223101436262       7.057090212165833E-002
   1.48648648648649       -1.92828719722731       0.136042130450441     
   1.49649649649650       -1.92195237750360       0.201810117289116     
   1.50650650650651       -1.91316089683093       0.267904143641089     
   1.51651651651652       -1.90183015175262       0.334354170496438     
   1.52652652652653       -1.88785872379416       0.401190643775260     
   1.53653653653654       -1.87112392298308       0.468444189780012     
   1.54654654654655       -1.85147864605748       0.536145169150321     
   1.55655655655656       -1.82874737500797       0.604323035721777     
   1.56656656656657       -1.80272106259280       0.673005416819636     
   1.57657657657658       -1.77315054447303       0.742216787393556     
   1.58658658658659       -1.73973796090447       0.811976541041302     
   1.59659659659660       -1.70212543280560       0.882296147473546     
   1.60660660660661       -1.65987986442244       0.953174893703917     
   1.61661661661662       -1.61247214405840        1.02459336847786     
   1.62662662662663       -1.55924801343526        1.09650323125446     
   1.63663663663664       -1.49938614645885        1.16881062069926     
   1.64664664664665       -1.43183586328506        1.24134815073150     
   1.65665665665666       -1.35522103400891        1.31382522467951     
   1.66666666666667       -1.26768509821407        1.38573414575456     
   1.67667667667668       -1.16662797080162        1.45615775312360     
   1.68668668668669       -1.04823416837814        1.52333124942537     
   1.69669669669670      -0.906593634449041        1.58349212541034     
   1.70670670670671      -0.732253305439010        1.62723837386527     
   1.71671671671672      -0.514250682738630        1.62587967654050     
   1.72672672672673      -0.293921368274016        1.51559410008884     
   1.73673673673674      -0.178266817374140        1.35006628603022     
   1.74674674674675      -0.127077206077702        1.21470652070371     
   1.75675675675676      -9.933739156564531E-002   1.10782882297989     
   1.76676676676677      -8.189821682704024E-002   1.02020287143005     
   1.77677677677678      -6.987764145391316E-002  0.945964881169218     
   1.78678678678679      -6.107555097692873E-002  0.881493726840258     
   1.79679679679680      -5.435275764984534E-002  0.824436111773302     
   1.80680680680681      -4.905803013872943E-002  0.773181577012515     
   1.81681681681682      -4.479095587566726E-002  0.726578840240539     
   1.82682682682683      -4.129165847507404E-002  0.683774608262706     
   1.83683683683684      -3.838568090287344E-002  0.644117528760824     
   1.84684684684685      -3.595361540891903E-002  0.607104665135381     
   1.85685685685686      -3.389559971295853E-002  0.572331190922381     
   1.86686686686687      -3.215336417972598E-002  0.539480608515900     
   1.87687687687688      -3.063395428236150E-002  0.508265233514145     
   1.88688688688689      -2.930871164930570E-002  0.478438440928472     
   1.89689689689690      -2.816777535047451E-002  0.449770957289089     
   1.90690690690691      -2.720662917923764E-002  0.422124442377323     
   1.91691691691692      -2.639408339592933E-002  0.395354855573289     
   1.92692692692693      -2.571134080721709E-002  0.369327132198844     
   1.93693693693694      -2.514533830344349E-002  0.343919818352509     
   1.94694694694695      -2.468623118960483E-002  0.319022015011011     
   1.95695695695696      -2.432673142108384E-002  0.294531286879547     
   1.96696696696697      -2.406154569164592E-002  0.270351515374641     
   1.97697697697698      -2.388708806387116E-002  0.246391577688155     
   1.98698698698699      -2.380111432782019E-002  0.222562894527089     
   1.99699699699700      -2.380216963075195E-002  0.198781391534690     
   2.00700700700701      -2.388932519976197E-002  0.174956588483053     
   2.01701701701702      -2.406385594278872E-002  0.151007141195295     
   2.02702702702703      -2.432574686190847E-002  0.126833140132339     
   2.03703703703704      -2.468690662172267E-002  0.102344660971526     
   2.04704704704705      -2.515171467223458E-002  7.744498820715057E-002
   2.05705705705706      -2.572763607902867E-002  5.202811961219359E-002
   2.06706706706707      -2.642491183535522E-002  2.597885672762116E-002
   2.07707707707708      -2.725664653515273E-002 -8.295453804696733E-004
   2.08708708708709      -2.823934199898356E-002 -2.853836812242532E-002
   2.09709709709710      -2.939371555211943E-002 -5.730711697527618E-002
   2.10710710710711      -3.074584309263875E-002 -8.731815634425416E-002
   2.11711711711712      -3.232874696289816E-002 -0.118782646080619     
   2.12712712712713      -3.418462722878324E-002 -0.151948284930540     
   2.13713713713714      -3.636805284979727E-002 -0.187109600267972     
   2.14714714714715      -3.895062562509737E-002 -0.224621893689524     
   2.15715715715716      -4.202797296618023E-002 -0.264920552521345     
   2.16716716716717      -4.573055051410678E-002 -0.308548440628553     
   2.17717717717718      -5.024092691171685E-002 -0.356195816911822     
   2.18718718718719      -5.582261677597695E-002 -0.408760348449140     
   2.19719719719720      -6.287064620581696E-002 -0.467440638633000     
   2.20720720720721      -7.200582528714658E-002 -0.533888207778735     
   2.21721721721722      -8.426444226967214E-002 -0.610466627627462     
   2.22722722722723      -0.101519062517320      -0.700717226700675     
   2.23723723723724      -0.127539297748127      -0.810234211154190     
   2.24724724724725      -0.171159307459357      -0.948246154175129     
   2.25725725725726      -0.257773249314977       -1.12828443971592     
   2.26726726726727      -0.462436723599802       -1.33361730259446     
   2.27727727727728      -0.791220366101907       -1.40442532101945     
   2.28728728728729       -1.07048345942251       -1.33392598040872     
   2.29729729729730       -1.27701590014225       -1.21687053559129     
   2.30730730730731       -1.43229970341387       -1.08749064207977     
   2.31731731731732       -1.55208508786220      -0.956353118284111     
   2.32732732732733       -1.64527597553310      -0.827024924579551     
   2.33733733733734       -1.71789603072918      -0.701594803720522     
   2.34734734734735       -1.77435412723595      -0.580802317993377     
   2.35735735735736       -1.81779543155318      -0.464818833785584     
   2.36736736736737       -1.85053958554323      -0.353571204848133     
   2.37737737737738       -1.87434400499122      -0.246871899396631     
   2.38738738738739       -1.89056699727623      -0.144481792160563     
   2.39739739739740       -1.90027317276656      -4.614256739865422E-002
   2.40740740740741       -1.90430023426658       4.840408506993068E-002
   2.41741741741742       -1.90330610049906       0.139378071882880     
   2.42742742742743       -1.89788079921851       0.226995438763853     
   2.43743743743744       -1.88846227801377       0.311376682706380     
   2.44744744744745       -1.87558030335418       0.392852130182933     
   2.45745745745746       -1.85957602157908       0.471645702676500     
   2.46746746746747       -1.84043706934072       0.548117809722532     
   2.47747747747748       -1.81833595341380       0.622198008458869     
   2.48748748748749       -1.79349372272207       0.694019042906881     
   2.49749749749750       -1.76604351741558       0.763716204841421     
   2.50750750750751       -1.73608688220152       0.831419599395321     
   2.51751751751752       -1.70366651821924       0.897235558319829     
   2.52752752752753       -1.66883344348205       0.961269330195596     
   2.53753753753754       -1.63156002214685        1.02361587377405     
   2.54754754754755       -1.59182215509267        1.08433617855549     
   2.55755755755756       -1.54956611672945        1.14349571217961     
   2.56756756756757       -1.50470288236668        1.20114880488175     
   2.57757757757758       -1.45710659424921        1.25733707327919     
   2.58758758758759       -1.40660883905163        1.31208794387319     
   2.59759759759760       -1.35298977636600        1.36541193030214     
   2.60760760760761       -1.29596521311585        1.41729811948568     
   2.61761761761762       -1.23516771786603        1.46770680691575     
   2.62762762762763       -1.17011850511525        1.51655726057006     
   2.63763763763764       -1.10018438867152        1.56370664608785     
   2.64764764764765       -1.02450944198360        1.60891183454331     
   2.65765765765766      -0.941901570050600        1.65175538256355     
   2.66766766766767      -0.850634177656775        1.69148891286769     
   2.67767767767768      -0.748080082653772        1.72666089018927     
   2.68768768768769      -0.630019931509817        1.75408210161782     
   2.69769769769770      -0.489663031618294        1.76530016800993     
   2.70770770770771      -0.323009237818820        1.73340310391802     
   2.71771771771772      -0.183456915359960        1.62302477255968     
   2.72772772772773      -0.119223401078845        1.50283481017422     
   2.73773773773774      -8.859243614295134E-002   1.40770434786942     
   2.74774774774775      -7.078632715567969E-002   1.33157408313295     
   2.75775775775776      -5.903312256536217E-002   1.26845814801469     
   2.76776776776777      -5.063089785595422E-002   1.21465892290803     
   2.77777777777778      -4.429320595051304E-002   1.16784613382986     
   2.78778778778779      -3.932612525465565E-002   1.12647059655869     
   2.79779779779780      -3.532015954966203E-002   1.08945119377167     
   2.80780780780781      -3.201689918475425E-002   1.05600266205971     
   2.81781781781782      -2.924470317694249E-002   1.02553565024443     
   2.82782782782783      -2.688505194943809E-002  0.997595637079329     
   2.83783783783784      -2.485405204287651E-002  0.971823735948587     
   2.84784784784785      -2.309291760831155E-002  0.947930308069922     
   2.85785785785786      -2.156793099357304E-002  0.925677524232026     
   2.86786786786787      -2.029304092475830E-002  0.904891351842752     
   2.87787787787788      -1.918923091732147E-002  0.885618406466421     
   2.88788788788789      -1.791740244129643E-002  0.867428338149418     
   2.89789789789790      -1.684252508763208E-002  0.850134339336767     
   2.90790790790791      -1.591501935809918E-002  0.833789339819041     
   2.91791791791792      -1.508727315188630E-002  0.818312672943267     
   2.92792792792793      -1.433877315804380E-002  0.803626505162307     
   2.93793793793794      -1.366140293774339E-002  0.789664208305961     
   2.94794794794795      -1.303320211292517E-002  0.776377743907715     
   2.95795795795796      -1.244521747115819E-002  0.763697238932795     
   2.96796796796797      -1.188637881566324E-002  0.751568760219475     
   2.97797797797798      -1.137617651381974E-002  0.739947767020113     
   2.98798798798799      -1.090698658386123E-002  0.728810419959807     
   2.99799799799800      -1.047142655666901E-002  0.718123587199853     
   3.00800800800801      -1.006535067570568E-002  0.707856535660313     
   3.01801801801802      -9.685723400188612E-003  0.697981586349042     
   3.02802802802803      -9.330043684239300E-003  0.688473695721897     
   3.03803803803804      -8.996163068122587E-003  0.679310094416911     
   3.04804804804805      -8.682200810863610E-003  0.670470002906273     
   3.05805805805806      -8.386493967481463E-003  0.661934398209151     
   3.06806806806807      -8.107562947227989E-003  0.653685817788012     
   3.07807807807808      -7.844085441139554E-003  0.645708191808033     
   3.08808808808809      -7.594875686171360E-003  0.637986697939136     
   3.09809809809810      -7.358867551883734E-003  0.630507634532300     
   3.10810810810811      -7.135100603134555E-003  0.623258308966688     
   3.11811811811812      -6.922708648176686E-003  0.616226938553416     
   3.12812812812813      -6.720910527764849E-003  0.609402561727365     
   3.13813813813814      -6.529003139626492E-003  0.602774957398589     
   3.14814814814815      -6.346357016023888E-003  0.596334570240241     
   3.15815815815816      -6.172415328362451E-003  0.590072439244728     
   3.16816816816817      -6.006698302368255E-003  0.583980125810802     
   3.17817817817818      -5.848817483203463E-003  0.578049635319862     
   3.18818818818819      -5.698510260239033E-003  0.572273321229055     
   3.19819819819820      -5.555721141478222E-003  0.566643749945525     
   3.20820820820821      -5.420805242194735E-003  0.561153481232939     
   3.21821821821822      -5.295103176235875E-003  0.555794675846400     
   3.22822822822823      -5.182874084305755E-003  0.550558497263682     
   3.23823823823824      -5.098981169911776E-003  0.545436812112039     
   3.24824824824825      -5.077264515961792E-003  0.540462164724295     
   3.25825825825826      -5.026593226916179E-003  0.535655343396379     
   3.26826826826827      -5.085321930241912E-003  0.531030727833148     
   3.27827827827828      -4.826975102872472E-003  0.526653417239777     
   3.28828828828829      -4.573815216853503E-003  0.522092675756057     
   3.29829829829830      -4.425804335026779E-003  0.517616755573438     
   3.30830830830831      -4.311710692898532E-003  0.513252596244387     
   3.31831831831832      -4.211489992343954E-003  0.508990943124537     
   3.32832832832833      -4.118981691268893E-003  0.504824176138864     
   3.33833833833834      -4.031888476275309E-003  0.500746693222209     
   3.34834834834835      -3.949332018523916E-003  0.496753971460439     
   3.35835835835836      -3.871386461437868E-003  0.492841983223669     
   3.36836836836837      -3.799884994714789E-003  0.489007096424676     
   3.37837837837838      -3.742514293728511E-003  0.485251286956326     
   3.38838838838839      -3.679578404907675E-003  0.481599657595027     
   3.39839839839840      -3.588730214594738E-003  0.477995673169207     
   3.40840840840841      -3.513605976996225E-003  0.474447554889421     
   3.41841841841842      -3.446050921899721E-003  0.470966445852535     
   3.42842842842843      -3.382281992223507E-003  0.467550164461202     
   3.43843843843844      -3.321228861801451E-003  0.464196093030071     
   3.44844844844845      -3.262531275406763E-003  0.460901868806314     
   3.45845845845846      -3.206086690889144E-003  0.457665266618168     
   3.46846846846847      -3.151965611420949E-003  0.454484075291410     
   3.47847847847848      -3.100478180591739E-003  0.451355957917993     
   3.48848848848849      -3.052458283437990E-003  0.448278231067713     
   3.49849849849850      -3.010237564370195E-003  0.445247514018889     
   3.50850850850851      -2.981489168048572E-003  0.442260234676887     
   3.51851851851852      -2.986994874855302E-003  0.439330712547727     
   3.52852852852853      -2.981929638426369E-003  0.436487355125613     
   3.53853853853854      -3.032278880897792E-003  0.433707439916565     
   3.54854854854855      -2.932565236660146E-003  0.431101827521751     
   3.55855855855856      -2.782072298651881E-003  0.428357531070054     
   3.56856856856857      -2.704463126626760E-003  0.425632779326340     
   3.57857857857858      -2.650482426482657E-003  0.422958663392914     
   3.58858858858859      -2.605321425051597E-003  0.420330706709307     
   3.59859859859860      -2.564714368328799E-003  0.417744638316957     
   3.60860860860861      -2.527274293104497E-003  0.415197312200374     
   3.61861861861862      -2.492673528121665E-003  0.412686043406420     
   3.62862862862863      -2.461219626429245E-003  0.410208101076332     
   3.63863863863864      -2.433953625462047E-003  0.407760218769926     
   3.64864864864865      -2.413287217540591E-003  0.405337877481730     
   3.65865865865866      -2.404944065623037E-003  0.402933983125137     
   3.66866866866867      -2.424352200484913E-003  0.400536462035114     
   3.67867867867868      -2.521853476448183E-003  0.398128191629071     
   3.68868868868869      -2.883537345148028E-003  0.395768737203623     
   3.69869869869870      -3.396932445299847E-003  0.394239084898221     
   3.70870870870871      -2.728586083834789E-003  0.392552566168190     
   3.71871871871872      -2.370282501191070E-003  0.390261371741392     
   3.72872872872873      -2.230796540318248E-003  0.388012612474959     
   3.73873873873874      -2.156439672158130E-003  0.385833302513226     
   3.74874874874875      -2.105936058984349E-003  0.383706603067591     
   3.75875875875876      -2.066126073139750E-003  0.381621699271786     
   3.76876876876877      -2.031951336702548E-003  0.379572406962818     
   3.77877877877878      -2.001142071041669E-003  0.377554972662072     
   3.78878878878879      -1.972564135104909E-003  0.375566915010130     
   3.79879879879880      -1.945601962928595E-003  0.373606460837727     
   3.80880880880881      -1.919899775752284E-003  0.371672250292656     
   3.81881881881882      -1.895243294784701E-003  0.369763174391884     
   3.82882882882883      -1.871501969644566E-003  0.367878279588761     
   3.83883883883884      -1.848599916138034E-003  0.366016707126512     
   3.84884884884885      -1.826502077431719E-003  0.364177650165563     
   3.85885885885886      -1.805210002979830E-003  0.362360318592695     
   3.86886886886887      -1.784765784320992E-003  0.360563904336255     
   3.87887887887888      -1.765264100555271E-003  0.358787539981232     
   3.88888888888889      -1.746882603722133E-003  0.357030234978668     
   3.89889889889890      -1.729944082683927E-003  0.355290787623827     
   3.90890890890891      -1.715037457278632E-003  0.353567619711182     
   3.91891891891892      -1.703306698569085E-003  0.351858475967517     
   3.92892892892893      -1.697177596379861E-003  0.350159847984829     
   3.93893893893894      -1.702388400819277E-003  0.348465879571237     
   3.94894894894895      -1.735209943441535E-003  0.346766472827752     
   3.95895895895896      -1.851835983917564E-003  0.345057132318279     
   3.96896896896897      -2.155451667478759E-003  0.343483264961442     
   3.97897897897898      -2.453863516852164E-003  0.342292637200961     
   3.98898898898899      -2.075851462464016E-003  0.341238512396390     
   3.99899899899900      -1.741209669911786E-003  0.339623176423718     
   4.00900900900901      -1.617871166831795E-003  0.337998337779833     
   4.01901901901902      -1.558583680834731E-003  0.336424469464806     
   4.02902902902903      -1.521642378842588E-003  0.334888879869119     
   4.03903903903904      -1.494300505603073E-003  0.333382212969789     
   4.04904904904905      -1.471793174120212E-003  0.331899187970954     
   4.05905905905906      -1.452036313399394E-003  0.330436710521854     
   4.06906906906907      -1.434003872608473E-003  0.328992836015580     
   4.07907907907908      -1.417142717201086E-003  0.327566250698489     
   4.08908908908909      -1.401134841559602E-003  0.326156011592403     
   4.09909909909910      -1.385784056708861E-003  0.324761402085324     
   4.10910910910911      -1.370964042820875E-003  0.323381850115122     
   4.11911911911912      -1.356590054476276E-003  0.322016880406649     
   4.12912912912913      -1.342603179672614E-003  0.320666084610040     
   4.13913913913914      -1.328961253617230E-003  0.319329102042968     
   4.14914914914915      -1.315633443801100E-003  0.318005606807676     
   4.15915915915916      -1.302597023261899E-003  0.316695298832671     
   4.16916916916917      -1.289835686092637E-003  0.315397897635681     
   4.17917917917918      -1.277336929924701E-003  0.314113138882561     
   4.18918918918919      -1.265089402103821E-003  0.312840763633609     
   4.19919919919920      -1.253094127458181E-003  0.311580518060003     
   4.20920920920921      -1.241355225027249E-003  0.310332153665469     
   4.21921921921922      -1.229885055650291E-003  0.309095413608877     
   4.22922922922923      -1.218712853007953E-003  0.307870023897218     
   4.23923923923924      -1.207900200207562E-003  0.306655675385157     
   4.24924924924925      -1.197580340421822E-003  0.305451989366075     
   4.25925925925926      -1.188071197850233E-003  0.304258451452820     
   4.26926926926927      -1.180265944423102E-003  0.303074319640856     
   4.27927927927928      -1.177188107819138E-003  0.301899168658741     
   4.28928928928929      -1.183496862889197E-003  0.300741483795656     
   4.29929929929930      -1.183412031939229E-003  0.299598926177881     
   4.30930930930931      -1.200311332419074E-003  0.298488043892868     
   4.31931931931932      -1.158016406815880E-003  0.297393971269362     
   4.32932932932933      -1.126788880193151E-003  0.296268671798844     
   4.33933933933934      -1.110013303938541E-003  0.295152855008332     
   4.34934934934935      -1.097741078853139E-003  0.294049073828730     
   4.35935935935936      -1.087423764921091E-003  0.292956098372671     
   4.36936936936937      -1.078851176524562E-003  0.291873048176179     
   4.37937937937938      -1.073721341076165E-003  0.290801162831605     
   4.38938938938939      -1.065097969306048E-003  0.289746046068985     
   4.39939939939940      -1.051129206296005E-003  0.288693440594404     
   4.40940940940941      -1.040521579645687E-003  0.287647755999844     
   4.41941941941942      -1.031189094706929E-003  0.286611199425511     
   4.42942942942943      -1.022361917642094E-003  0.285583550298363     
   4.43943943943944      -1.013820156124082E-003  0.284564539664917     
   4.44944944944945      -1.005486640458965E-003  0.283553954593806     
   4.45945945945946      -9.973303294177525E-004  0.282551614404003     
   4.46946946946947      -9.893394646383776E-004  0.281557353495852     
   4.47947947947948      -9.815135266410520E-004  0.280571010746262     
   4.48948948948949      -9.738621817686454E-004  0.279592421010586     
   4.49949949949950      -9.664090771994287E-004  0.278621405353192     
   4.50950950950951      -9.592030267794385E-004  0.277657756144934     
   4.51951951951952      -9.523469709900041E-004  0.276701210413015     
   4.52952952952953      -9.460810786621727E-004  0.275751400037406     
   4.53953953953954      -9.410652183742229E-004  0.274807791299583     
   4.54954954954955      -9.393075928450224E-004  0.273870099685009     
   4.55955955955956      -9.444965095558838E-004  0.272942486798214     
   4.56956956956957      -9.493315029915799E-004  0.272028501050727     
   4.57957957957958      -9.628372926090925E-004  0.271134830668295     
   4.58958958958959      -9.363377988853830E-004  0.270263341192994     
   4.59959959959960      -9.084065458186667E-004  0.269360711104296     
   4.60960960960961      -8.947908956381081E-004  0.268462116429738     
   4.61961961961962      -8.856266521253556E-004  0.267572146635922     
   4.62962962962963      -8.781038985177232E-004  0.266689869836480     
   4.63963963963964      -8.713958924762752E-004  0.265814513200838     
   4.64964964964965      -8.652310196295862E-004  0.264945536854690     
   4.65965965965966      -8.595457643187280E-004  0.264082491844314     
   4.66966966966967      -8.543994913827675E-004  0.263224918346386     
   4.67967967967968      -8.499855884912844E-004  0.262372251492809     
   4.68968968968969      -8.467322801395457E-004  0.261523689693836     
   4.69969969969970      -8.456013400209626E-004  0.260677958789299     
   4.70970970970971      -8.490202103978201E-004  0.259832871457437     
   4.71971971971972      -8.643386762434858E-004  0.258984972451655     
   4.72972972972973      -9.170738658034342E-004  0.258137984123235     
   4.73973973973974      -1.019337974446742E-003  0.257367132908015     
   4.74974974974975      -1.074901955887987E-003  0.256714592056060     
   4.75975975975976      -9.269101496148174E-004  0.256014775039305     
   4.76976976976977      -8.454500602044815E-004  0.255187338570571     
   4.77977977977978      -8.140028083700647E-004  0.254369246190494     
   4.78978978978979      -7.976674175673736E-004  0.253566442016581     
   4.79979979979980      -7.869050186867483E-004  0.252774907736226     
   4.80980980980981      -7.786474676935878E-004  0.251992095676113     
   4.81981981981982      -7.716997987719012E-004  0.251216561406852     
   4.82982982982983      -7.655252368807230E-004  0.250447437628308     
   4.83983983983984      -7.598567486436595E-004  0.249684160235983     
   4.84984984984985      -7.545521297484905E-004  0.248926330903111     
   4.85985985985986      -7.495335679429151E-004  0.248173644735283     
   4.86986986986987      -7.447616999403745E-004  0.247425850376865     
   4.87987987987988      -7.402207553037598E-004  0.246682735665267     
   4.88988988988989      -7.358794323402651E-004  0.245944092273736     
   4.89989989989990      -7.317558337688904E-004  0.245209663964706     
   4.90990990990991      -7.279046966217962E-004  0.244479226429518     
   4.91991991991992      -7.243757359403420E-004  0.243752510577151     
   4.92992992992993      -7.212637943401791E-004  0.243029171826122     
   4.93993993993994      -7.187405858525437E-004  0.242308751175067     
   4.94994994994995      -7.171282254685541E-004  0.241590590951299     
   4.95995995995996      -7.170820353115338E-004  0.240873671682989     
   4.96996996996997      -7.200978450672953E-004  0.240156284957726     
   4.97997997997998      -7.301663466359741E-004  0.239435430039132     
   4.98998998998999      -7.603115940207257E-004  0.238706889040926     
   5.00000000000000      -8.583148607943840E-004  0.237987385039082     
