       441          2          2          0          1
#          21           21
    0.000000000     0.000000000     0.000000000
    0.000000000    0.000000000     0.000000000    0.000000000
    0.000000000    0.000000000    -2.000000000    0.000000000
    0.299199300     0.000000000     0.000000000
    0.022213597    0.000000000     0.000000000    0.000000000
    0.000000000    0.000000000    -1.977786403    0.000000000
    0.598398601     0.000000000     0.000000000
    0.086880613    0.000000000     0.000000000    0.000000000
    0.000000000    0.000000000    -1.913119387    0.000000000
    0.897597901     0.000000000     0.000000000
    0.188255099    0.000000000     0.000000000    0.000000000
    0.000000000    0.000000000    -1.811744901    0.000000000
    1.196797201     0.000000000     0.000000000
    0.317329488    0.000000000     0.000000000    0.000000000
    0.000000000    0.000000000    -1.682670512    0.000000000
    1.495996502     0.000000000     0.000000000
    0.462634953    0.000000000     0.000000000    0.000000000
    0.000000000    0.000000000    -1.537365047    0.000000000
    1.795195802     0.000000000     0.000000000
    0.611260467    0.000000000     0.000000000    0.000000000
    0.000000000    0.000000000    -1.388739533    0.000000000
    2.094395102     0.000000000     0.000000000
    0.750000000    0.000000000     0.000000000    0.000000000
    0.000000000    0.000000000    -1.250000000    0.000000000
    2.393594403     0.000000000     0.000000000
    0.866525936    0.000000000     0.000000000    0.000000000
    0.000000000    0.000000000    -1.133474064    0.000000000
    2.692793703     0.000000000     0.000000000
    0.950484434    0.000000000     0.000000000    0.000000000
    0.000000000    0.000000000    -1.049515566    0.000000000
    2.991993003     0.000000000     0.000000000
    0.994415413    0.000000000     0.000000000    0.000000000
    0.000000000    0.000000000    -1.005584587    0.000000000
    3.291192304     0.000000000     0.000000000
    0.994415413    0.000000000     0.000000000    0.000000000
    0.000000000    0.000000000    -1.005584587    0.000000000
    3.590391604     0.000000000     0.000000000
    0.950484434    0.000000000     0.000000000    0.000000000
    0.000000000    0.000000000    -1.049515566    0.000000000
    3.889590904     0.000000000     0.000000000
    0.866525936    0.000000000     0.000000000    0.000000000
    0.000000000    0.000000000    -1.133474064    0.000000000
    4.188790205     0.000000000     0.000000000
    0.750000000    0.000000000     0.000000000    0.000000000
    0.000000000    0.000000000    -1.250000000    0.000000000
    4.487989505     0.000000000     0.000000000
    0.611260467    0.000000000     0.000000000    0.000000000
    0.000000000    0.000000000    -1.388739533    0.000000000
    4.787188805     0.000000000     0.000000000
    0.462634953    0.000000000     0.000000000    0.000000000
    0.000000000    0.000000000    -1.537365047    0.000000000
    5.086388106     0.000000000     0.000000000
    0.317329488    0.000000000     0.000000000    0.000000000
    0.000000000    0.000000000    -1.682670512    0.000000000
    5.385587406     0.000000000     0.000000000
    0.188255099    0.000000000     0.000000000    0.000000000
    0.000000000    0.000000000    -1.811744901    0.000000000
    5.684786706     0.000000000     0.000000000
    0.086880613    0.000000000     0.000000000    0.000000000
    0.000000000    0.000000000    -1.913119387    0.000000000
    5.983986007     0.000000000     0.000000000
    0.022213597    0.000000000     0.000000000    0.000000000
    0.000000000    0.000000000    -1.977786403    0.000000000
    0.000000000     0.299199300     0.000000000
    0.022213597    0.000000000     0.000000000    0.000000000
    0.000000000    0.000000000    -1.977786403    0.000000000
    0.299199300     0.299199300     0.000000000
    0.044427194    0.000000000     0.000000000    0.000000000
    0.000000000    0.000000000    -1.955572806    0.000000000
    0.598398601     0.299199300     0.000000000
    0.109094210    0.000000000     0.000000000    0.000000000
    0.000000000    0.000000000    -1.890905790    0.000000000
    0.897597901     0.299199300     0.000000000
    0.210468696    0.000000000     0.000000000    0.000000000
    0.000000000    0.000000000    -1.789531304    0.000000000
    1.196797201     0.299199300     0.000000000
    0.339543085    0.000000000     0.000000000    0.000000000
    0.000000000    0.000000000    -1.660456915    0.000000000
    1.495996502     0.299199300     0.000000000
    0.484848550    0.000000000     0.000000000    0.000000000
    0.000000000    0.000000000    -1.515151450    0.000000000
    1.795195802     0.299199300     0.000000000
    0.633474064    0.000000000     0.000000000    0.000000000
    0.000000000    0.000000000    -1.366525936    0.000000000
    2.094395102     0.299199300     0.000000000
    0.772213597    0.000000000     0.000000000    0.000000000
    0.000000000    0.000000000    -1.227786403    0.000000000
    2.393594403     0.299199300     0.000000000
    0.888739533    0.000000000     0.000000000    0.000000000
    0.000000000    0.000000000    -1.111260467    0.000000000
    2.692793703     0.299199300     0.000000000
    0.972698031    0.000000000     0.000000000    0.000000000
    0.000000000    0.000000000    -1.027301969    0.000000000
    2.991993003     0.299199300     0.000000000
    1.016629010    0.000000000     0.000000000    0.000000000
    0.000000000    0.000000000    -0.983370990    0.000000000
    3.291192304     0.299199300     0.000000000
    1.016629010    0.000000000     0.000000000    0.000000000
    0.000000000    0.000000000    -0.983370990    0.000000000
    3.590391604     0.299199300     0.000000000
    0.972698031    0.000000000     0.000000000    0.000000000
    0.000000000    0.000000000    -1.027301969    0.000000000
    3.889590904     0.299199300     0.000000000
    0.888739533    0.000000000     0.000000000    0.000000000
    0.000000000    0.000000000    -1.111260467    0.000000000
    4.188790205     0.299199300     0.000000000
    0.772213597    0.000000000     0.000000000    0.000000000
    0.000000000    0.000000000    -1.227786403    0.000000000
    4.487989505     0.299199300     0.000000000
    0.633474064    0.000000000     0.000000000    0.000000000
    0.000000000    0.000000000    -1.366525936    0.000000000
    4.787188805     0.299199300     0.000000000
    0.484848550    0.000000000     0.000000000    0.000000000
    0.000000000    0.000000000    -1.515151450    0.000000000
    5.086388106     0.299199300     0.000000000
    0.339543085    0.000000000     0.000000000    0.000000000
    0.000000000    0.000000000    -1.660456915    0.000000000
    5.385587406     0.299199300     0.000000000
    0.210468696    0.000000000     0.000000000    0.000000000
    0.000000000    0.000000000    -1.789531304    0.000000000
    5.684786706     0.299199300     0.000000000
    0.109094210    0.000000000     0.000000000    0.000000000
    0.000000000    0.000000000    -1.890905790    0.000000000
    5.983986007     0.299199300     0.000000000
    0.044427194    0.000000000     0.000000000    0.000000000
    0.000000000    0.000000000    -1.955572806    0.000000000
    0.000000000     0.598398601     0.000000000
    0.086880613    0.000000000     0.000000000    0.000000000
    0.000000000    0.000000000    -1.913119387    0.000000000
    0.299199300     0.598398601     0.000000000
    0.109094210    0.000000000     0.000000000    0.000000000
    0.000000000    0.000000000    -1.890905790    0.000000000
    0.598398601     0.598398601     0.000000000
    0.173761226    0.000000000     0.000000000    0.000000000
    0.000000000    0.000000000    -1.826238774    0.000000000
    0.897597901     0.598398601     0.000000000
    0.275135712    0.000000000     0.000000000    0.000000000
    0.000000000    0.000000000    -1.724864288    0.000000000
    1.196797201     0.598398601     0.000000000
    0.404210101    0.000000000     0.000000000    0.000000000
    0.000000000    0.000000000    -1.595789899    0.000000000
    1.495996502     0.598398601     0.000000000
    0.549515566    0.000000000     0.000000000    0.000000000
    0.000000000    0.000000000    -1.450484434    0.000000000
    1.795195802     0.598398601     0.000000000
    0.698141080    0.000000000     0.000000000    0.000000000
    0.000000000    0.000000000    -1.301858920    0.000000000
    2.094395102     0.598398601     0.000000000
    0.836880613    0.000000000     0.000000000    0.000000000
    0.000000000    0.000000000    -1.163119387    0.000000000
    2.393594403     0.598398601     0.000000000
    0.953406549    0.000000000     0.000000000    0.000000000
    0.000000000    0.000000000    -1.046593451    0.000000000
    2.692793703     0.598398601     0.000000000
    1.037365047    0.000000000     0.000000000    0.000000000
    0.000000000    0.000000000    -0.962634953    0.000000000
    2.991993003     0.598398601     0.000000000
    1.081296026    0.000000000     0.000000000    0.000000000
    0.000000000    0.000000000    -0.918703974    0.000000000
    3.291192304     0.598398601     0.000000000
    1.081296026    0.000000000     0.000000000    0.000000000
    0.000000000    0.000000000    -0.918703974    0.000000000
    3.590391604     0.598398601     0.000000000
    1.037365047    0.000000000     0.000000000    0.000000000
    0.000000000    0.000000000    -0.962634953    0.000000000
    3.889590904     0.598398601     0.000000000
    0.953406549    0.000000000     0.000000000    0.000000000
    0.000000000    0.000000000    -1.046593451    0.000000000
    4.188790205     0.598398601     0.000000000
    0.836880613    0.000000000     0.000000000    0.000000000
    0.000000000    0.000000000    -1.163119387    0.000000000
    4.487989505     0.598398601     0.000000000
    0.698141080    0.000000000     0.000000000    0.000000000
    0.000000000    0.000000000    -1.301858920    0.000000000
    4.787188805     0.598398601     0.000000000
    0.549515566    0.000000000     0.000000000    0.000000000
    0.000000000    0.000000000    -1.450484434    0.000000000
    5.086388106     0.598398601     0.000000000
    0.404210101    0.000000000     0.000000000    0.000000000
    0.000000000    0.000000000    -1.595789899    0.000000000
    5.385587406     0.598398601     0.000000000
    0.275135712    0.000000000     0.000000000    0.000000000
    0.000000000    0.000000000    -1.724864288    0.000000000
    5.684786706     0.598398601     0.000000000
    0.173761226    0.000000000     0.000000000    0.000000000
    0.000000000    0.000000000    -1.826238774    0.000000000
    5.983986007     0.598398601     0.000000000
    0.109094210    0.000000000     0.000000000    0.000000000
    0.000000000    0.000000000    -1.890905790    0.000000000
    0.000000000     0.897597901     0.000000000
    0.188255099    0.000000000     0.000000000    0.000000000
    0.000000000    0.000000000    -1.811744901    0.000000000
    0.299199300     0.897597901     0.000000000
    0.210468696    0.000000000     0.000000000    0.000000000
    0.000000000    0.000000000    -1.789531304    0.000000000
    0.598398601     0.897597901     0.000000000
    0.275135712    0.000000000     0.000000000    0.000000000
    0.000000000    0.000000000    -1.724864288    0.000000000
    0.897597901     0.897597901     0.000000000
    0.376510198    0.000000000     0.000000000    0.000000000
    0.000000000    0.000000000    -1.623489802    0.000000000
    1.196797201     0.897597901     0.000000000
    0.505584587    0.000000000     0.000000000    0.000000000
    0.000000000    0.000000000    -1.494415413    0.000000000
    1.495996502     0.897597901     0.000000000
    0.650890052    0.000000000     0.000000000    0.000000000
    0.000000000    0.000000000    -1.349109948    0.000000000
    1.795195802     0.897597901     0.000000000
    0.799515566    0.000000000     0.000000000    0.000000000
    0.000000000    0.000000000    -1.200484434    0.000000000
    2.094395102     0.897597901     0.000000000
    0.938255099    0.000000000     0.000000000    0.000000000
    0.000000000    0.000000000    -1.061744901    0.000000000
    2.393594403     0.897597901     0.000000000
    1.054781035    0.000000000     0.000000000    0.000000000
    0.000000000    0.000000000    -0.945218965    0.000000000
    2.692793703     0.897597901     0.000000000
    1.138739533    0.000000000     0.000000000    0.000000000
    0.000000000    0.000000000    -0.861260467    0.000000000
    2.991993003     0.897597901     0.000000000
    1.182670512    0.000000000     0.000000000    0.000000000
    0.000000000    0.000000000    -0.817329488    0.000000000
    3.291192304     0.897597901     0.000000000
    1.182670512    0.000000000     0.000000000    0.000000000
    0.000000000    0.000000000    -0.817329488    0.000000000
    3.590391604     0.897597901     0.000000000
    1.138739533    0.000000000     0.000000000    0.000000000
    0.000000000    0.000000000    -0.861260467    0.000000000
    3.889590904     0.897597901     0.000000000
    1.054781035    0.000000000     0.000000000    0.000000000
    0.000000000    0.000000000    -0.945218965    0.000000000
    4.188790205     0.897597901     0.000000000
    0.938255099    0.000000000     0.000000000    0.000000000
    0.000000000    0.000000000    -1.061744901    0.000000000
    4.487989505     0.897597901     0.000000000
    0.799515566    0.000000000     0.000000000    0.000000000
    0.000000000    0.000000000    -1.200484434    0.000000000
    4.787188805     0.897597901     0.000000000
    0.650890052    0.000000000     0.000000000    0.000000000
    0.000000000    0.000000000    -1.349109948    0.000000000
    5.086388106     0.897597901     0.000000000
    0.505584587    0.000000000     0.000000000    0.000000000
    0.000000000    0.000000000    -1.494415413    0.000000000
    5.385587406     0.897597901     0.000000000
    0.376510198    0.000000000     0.000000000    0.000000000
    0.000000000    0.000000000    -1.623489802    0.000000000
    5.684786706     0.897597901     0.000000000
    0.275135712    0.000000000     0.000000000    0.000000000
    0.000000000    0.000000000    -1.724864288    0.000000000
    5.983986007     0.897597901     0.000000000
    0.210468696    0.000000000     0.000000000    0.000000000
    0.000000000    0.000000000    -1.789531304    0.000000000
    0.000000000     1.196797201     0.000000000
    0.317329488    0.000000000     0.000000000    0.000000000
    0.000000000    0.000000000    -1.682670512    0.000000000
    0.299199300     1.196797201     0.000000000
    0.339543085    0.000000000     0.000000000    0.000000000
    0.000000000    0.000000000    -1.660456915    0.000000000
    0.598398601     1.196797201     0.000000000
    0.404210101    0.000000000     0.000000000    0.000000000
    0.000000000    0.000000000    -1.595789899    0.000000000
    0.897597901     1.196797201     0.000000000
    0.505584587    0.000000000     0.000000000    0.000000000
    0.000000000    0.000000000    -1.494415413    0.000000000
    1.196797201     1.196797201     0.000000000
    0.634658976    0.000000000     0.000000000    0.000000000
    0.000000000    0.000000000    -1.365341024    0.000000000
    1.495996502     1.196797201     0.000000000
    0.779964441    0.000000000     0.000000000    0.000000000
    0.000000000    0.000000000    -1.220035559    0.000000000
    1.795195802     1.196797201     0.000000000
    0.928589955    0.000000000     0.000000000    0.000000000
    0.000000000    0.000000000    -1.071410045    0.000000000
    2.094395102     1.196797201     0.000000000
    1.067329488    0.000000000     0.000000000    0.000000000
    0.000000000    0.000000000    -0.932670512    0.000000000
    2.393594403     1.196797201     0.000000000
    1.183855424    0.000000000     0.000000000    0.000000000
    0.000000000    0.000000000    -0.816144576    0.000000000
    2.692793703     1.196797201     0.000000000
    1.267813922    0.000000000     0.000000000    0.000000000
    0.000000000    0.000000000    -0.732186078    0.000000000
    2.991993003     1.196797201     0.000000000
    1.311744901    0.000000000     0.000000000    0.000000000
    0.000000000    0.000000000    -0.688255099    0.000000000
    3.291192304     1.196797201     0.000000000
    1.311744901    0.000000000     0.000000000    0.000000000
    0.000000000    0.000000000    -0.688255099    0.000000000
    3.590391604     1.196797201     0.000000000
    1.267813922    0.000000000     0.000000000    0.000000000
    0.000000000    0.000000000    -0.732186078    0.000000000
    3.889590904     1.196797201     0.000000000
    1.183855424    0.000000000     0.000000000    0.000000000
    0.000000000    0.000000000    -0.816144576    0.000000000
    4.188790205     1.196797201     0.000000000
    1.067329488    0.000000000     0.000000000    0.000000000
    0.000000000    0.000000000    -0.932670512    0.000000000
    4.487989505     1.196797201     0.000000000
    0.928589955    0.000000000     0.000000000    0.000000000
    0.000000000    0.000000000    -1.071410045    0.000000000
    4.787188805     1.196797201     0.000000000
    0.779964441    0.000000000     0.000000000    0.000000000
    0.000000000    0.000000000    -1.220035559    0.000000000
    5.086388106     1.196797201     0.000000000
    0.634658976    0.000000000     0.000000000    0.000000000
    0.000000000    0.000000000    -1.365341024    0.000000000
    5.385587406     1.196797201     0.000000000
    0.505584587    0.000000000     0.000000000    0.000000000
    0.000000000    0.000000000    -1.494415413    0.000000000
    5.684786706     1.196797201     0.000000000
    0.404210101    0.000000000     0.000000000    0.000000000
    0.000000000    0.000000000    -1.595789899    0.000000000
    5.983986007     1.196797201     0.000000000
    0.339543085    0.000000000     0.000000000    0.000000000
    0.000000000    0.000000000    -1.660456915    0.000000000
    0.000000000     1.495996502     0.000000000
    0.462634953    0.000000000     0.000000000    0.000000000
    0.000000000    0.000000000    -1.537365047    0.000000000
    0.299199300     1.495996502     0.000000000
    0.484848550    0.000000000     0.000000000    0.000000000
    0.000000000    0.000000000    -1.515151450    0.000000000
    0.598398601     1.495996502     0.000000000
    0.549515566    0.000000000     0.000000000    0.000000000
    0.000000000    0.000000000    -1.450484434    0.000000000
    0.897597901     1.495996502     0.000000000
    0.650890052    0.000000000     0.000000000    0.000000000
    0.000000000    0.000000000    -1.349109948    0.000000000
    1.196797201     1.495996502     0.000000000
    0.779964441    0.000000000     0.000000000    0.000000000
    0.000000000    0.000000000    -1.220035559    0.000000000
    1.495996502     1.495996502     0.000000000
    0.925269906    0.000000000     0.000000000    0.000000000
    0.000000000    0.000000000    -1.074730094    0.000000000
    1.795195802     1.495996502     0.000000000
    1.073895420    0.000000000     0.000000000    0.000000000
    0.000000000    0.000000000    -0.926104580    0.000000000
    2.094395102     1.495996502     0.000000000
    1.212634953    0.000000000     0.000000000    0.000000000
    0.000000000    0.000000000    -0.787365047    0.000000000
    2.393594403     1.495996502     0.000000000
    1.329160889    0.000000000     0.000000000    0.000000000
    0.000000000    0.000000000    -0.670839111    0.000000000
    2.692793703     1.495996502     0.000000000
    1.413119387    0.000000000     0.000000000    0.000000000
    0.000000000    0.000000000    -0.586880613    0.000000000
    2.991993003     1.495996502     0.000000000
    1.457050366    0.000000000     0.000000000    0.000000000
    0.000000000    0.000000000    -0.542949634    0.000000000
    3.291192304     1.495996502     0.000000000
    1.457050366    0.000000000     0.000000000    0.000000000
    0.000000000    0.000000000    -0.542949634    0.000000000
    3.590391604     1.495996502     0.000000000
    1.413119387    0.000000000     0.000000000    0.000000000
    0.000000000    0.000000000    -0.586880613    0.000000000
    3.889590904     1.495996502     0.000000000
    1.329160889    0.000000000     0.000000000    0.000000000
    0.000000000    0.000000000    -0.670839111    0.000000000
    4.188790205     1.495996502     0.000000000
    1.212634953    0.000000000     0.000000000    0.000000000
    0.000000000    0.000000000    -0.787365047    0.000000000
    4.487989505     1.495996502     0.000000000
    1.073895420    0.000000000     0.000000000    0.000000000
    0.000000000    0.000000000    -0.926104580    0.000000000
    4.787188805     1.495996502     0.000000000
    0.925269906    0.000000000     0.000000000    0.000000000
    0.000000000    0.000000000    -1.074730094    0.000000000
    5.086388106     1.495996502     0.000000000
    0.779964441    0.000000000     0.000000000    0.000000000
    0.000000000    0.000000000    -1.220035559    0.000000000
    5.385587406     1.495996502     0.000000000
    0.650890052    0.000000000     0.000000000    0.000000000
    0.000000000    0.000000000    -1.349109948    0.000000000
    5.684786706     1.495996502     0.000000000
    0.549515566    0.000000000     0.000000000    0.000000000
    0.000000000    0.000000000    -1.450484434    0.000000000
    5.983986007     1.495996502     0.000000000
    0.484848550    0.000000000     0.000000000    0.000000000
    0.000000000    0.000000000    -1.515151450    0.000000000
    0.000000000     1.795195802     0.000000000
    0.611260467    0.000000000     0.000000000    0.000000000
    0.000000000    0.000000000    -1.388739533    0.000000000
    0.299199300     1.795195802     0.000000000
    0.633474064    0.000000000     0.000000000    0.000000000
    0.000000000    0.000000000    -1.366525936    0.000000000
    0.598398601     1.795195802     0.000000000
    0.698141080    0.000000000     0.000000000    0.000000000
    0.000000000    0.000000000    -1.301858920    0.000000000
    0.897597901     1.795195802     0.000000000
    0.799515566    0.000000000     0.000000000    0.000000000
    0.000000000    0.000000000    -1.200484434    0.000000000
    1.196797201     1.795195802     0.000000000
    0.928589955    0.000000000     0.000000000    0.000000000
    0.000000000    0.000000000    -1.071410045    0.000000000
    1.495996502     1.795195802     0.000000000
    1.073895420    0.000000000     0.000000000    0.000000000
    0.000000000    0.000000000    -0.926104580    0.000000000
    1.795195802     1.795195802     0.000000000
    1.222520934    0.000000000     0.000000000    0.000000000
    0.000000000    0.000000000    -0.777479066    0.000000000
    2.094395102     1.795195802     0.000000000
    1.361260467    0.000000000     0.000000000    0.000000000
    0.000000000    0.000000000    -0.638739533    0.000000000
    2.393594403     1.795195802     0.000000000
    1.477786403    0.000000000     0.000000000    0.000000000
    0.000000000    0.000000000    -0.522213597    0.000000000
    2.692793703     1.795195802     0.000000000
    1.561744901    0.000000000     0.000000000    0.000000000
    0.000000000    0.000000000    -0.438255099    0.000000000
    2.991993003     1.795195802     0.000000000
    1.605675880    0.000000000     0.000000000    0.000000000
    0.000000000    0.000000000    -0.394324120    0.000000000
    3.291192304     1.795195802     0.000000000
    1.605675880    0.000000000     0.000000000    0.000000000
    0.000000000    0.000000000    -0.394324120    0.000000000
    3.590391604     1.795195802     0.000000000
    1.561744901    0.000000000     0.000000000    0.000000000
    0.000000000    0.000000000    -0.438255099    0.000000000
    3.889590904     1.795195802     0.000000000
    1.477786403    0.000000000     0.000000000    0.000000000
    0.000000000    0.000000000    -0.522213597    0.000000000
    4.188790205     1.795195802     0.000000000
    1.361260467    0.000000000     0.000000000    0.000000000
    0.000000000    0.000000000    -0.638739533    0.000000000
    4.487989505     1.795195802     0.000000000
    1.222520934    0.000000000     0.000000000    0.000000000
    0.000000000    0.000000000    -0.777479066    0.000000000
    4.787188805     1.795195802     0.000000000
    1.073895420    0.000000000     0.000000000    0.000000000
    0.000000000    0.000000000    -0.926104580    0.000000000
    5.086388106     1.795195802     0.000000000
    0.928589955    0.000000000     0.000000000    0.000000000
    0.000000000    0.000000000    -1.071410045    0.000000000
    5.385587406     1.795195802     0.000000000
    0.799515566    0.000000000     0.000000000    0.000000000
    0.000000000    0.000000000    -1.200484434    0.000000000
    5.684786706     1.795195802     0.000000000
    0.698141080    0.000000000     0.000000000    0.000000000
    0.000000000    0.000000000    -1.301858920    0.000000000
    5.983986007     1.795195802     0.000000000
    0.633474064    0.000000000     0.000000000    0.000000000
    0.000000000    0.000000000    -1.366525936    0.000000000
    0.000000000     2.094395102     0.000000000
    0.750000000    0.000000000     0.000000000    0.000000000
    0.000000000    0.000000000    -1.250000000    0.000000000
    0.299199300     2.094395102     0.000000000
    0.772213597    0.000000000     0.000000000    0.000000000
    0.000000000    0.000000000    -1.227786403    0.000000000
    0.598398601     2.094395102     0.000000000
    0.836880613    0.000000000     0.000000000    0.000000000
    0.000000000    0.000000000    -1.163119387    0.000000000
    0.897597901     2.094395102     0.000000000
    0.938255099    0.000000000     0.000000000    0.000000000
    0.000000000    0.000000000    -1.061744901    0.000000000
    1.196797201     2.094395102     0.000000000
    1.067329488    0.000000000     0.000000000    0.000000000
    0.000000000    0.000000000    -0.932670512    0.000000000
    1.495996502     2.094395102     0.000000000
    1.212634953    0.000000000     0.000000000    0.000000000
    0.000000000    0.000000000    -0.787365047    0.000000000
    1.795195802     2.094395102     0.000000000
    1.361260467    0.000000000     0.000000000    0.000000000
    0.000000000    0.000000000    -0.638739533    0.000000000
    2.094395102     2.094395102     0.000000000
    1.500000000    0.000000000     0.000000000    0.000000000
    0.000000000    0.000000000    -0.500000000    0.000000000
    2.393594403     2.094395102     0.000000000
    1.616525936    0.000000000     0.000000000    0.000000000
    0.000000000    0.000000000    -0.383474064    0.000000000
    2.692793703     2.094395102     0.000000000
    1.700484434    0.000000000     0.000000000    0.000000000
    0.000000000    0.000000000    -0.299515566    0.000000000
    2.991993003     2.094395102     0.000000000
    1.744415413    0.000000000     0.000000000    0.000000000
    0.000000000    0.000000000    -0.255584587    0.000000000
    3.291192304     2.094395102     0.000000000
    1.744415413    0.000000000     0.000000000    0.000000000
    0.000000000    0.000000000    -0.255584587    0.000000000
    3.590391604     2.094395102     0.000000000
    1.700484434    0.000000000     0.000000000    0.000000000
    0.000000000    0.000000000    -0.299515566    0.000000000
    3.889590904     2.094395102     0.000000000
    1.616525936    0.000000000     0.000000000    0.000000000
    0.000000000    0.000000000    -0.383474064    0.000000000
    4.188790205     2.094395102     0.000000000
    1.500000000    0.000000000     0.000000000    0.000000000
    0.000000000    0.000000000    -0.500000000    0.000000000
    4.487989505     2.094395102     0.000000000
    1.361260467    0.000000000     0.000000000    0.000000000
    0.000000000    0.000000000    -0.638739533    0.000000000
    4.787188805     2.094395102     0.000000000
    1.212634953    0.000000000     0.000000000    0.000000000
    0.000000000    0.000000000    -0.787365047    0.000000000
    5.086388106     2.094395102     0.000000000
    1.067329488    0.000000000     0.000000000    0.000000000
    0.000000000    0.000000000    -0.932670512    0.000000000
    5.385587406     2.094395102     0.000000000
    0.938255099    0.000000000     0.000000000    0.000000000
    0.000000000    0.000000000    -1.061744901    0.000000000
    5.684786706     2.094395102     0.000000000
    0.836880613    0.000000000     0.000000000    0.000000000
    0.000000000    0.000000000    -1.163119387    0.000000000
    5.983986007     2.094395102     0.000000000
    0.772213597    0.000000000     0.000000000    0.000000000
    0.000000000    0.000000000    -1.227786403    0.000000000
    0.000000000     2.393594403     0.000000000
    0.866525936    0.000000000     0.000000000    0.000000000
    0.000000000    0.000000000    -1.133474064    0.000000000
    0.299199300     2.393594403     0.000000000
    0.888739533    0.000000000     0.000000000    0.000000000
    0.000000000    0.000000000    -1.111260467    0.000000000
    0.598398601     2.393594403     0.000000000
    0.953406549    0.000000000     0.000000000    0.000000000
    0.000000000    0.000000000    -1.046593451    0.000000000
    0.897597901     2.393594403     0.000000000
    1.054781035    0.000000000     0.000000000    0.000000000
    0.000000000    0.000000000    -0.945218965    0.000000000
    1.196797201     2.393594403     0.000000000
    1.183855424    0.000000000     0.000000000    0.000000000
    0.000000000    0.000000000    -0.816144576    0.000000000
    1.495996502     2.393594403     0.000000000
    1.329160889    0.000000000     0.000000000    0.000000000
    0.000000000    0.000000000    -0.670839111    0.000000000
    1.795195802     2.393594403     0.000000000
    1.477786403    0.000000000     0.000000000    0.000000000
    0.000000000    0.000000000    -0.522213597    0.000000000
    2.094395102     2.393594403     0.000000000
    1.616525936    0.000000000     0.000000000    0.000000000
    0.000000000    0.000000000    -0.383474064    0.000000000
    2.393594403     2.393594403     0.000000000
    1.733051872    0.000000000     0.000000000    0.000000000
    0.000000000    0.000000000    -0.266948128    0.000000000
    2.692793703     2.393594403     0.000000000
    1.817010370    0.000000000     0.000000000    0.000000000
    0.000000000    0.000000000    -0.182989630    0.000000000
    2.991993003     2.393594403     0.000000000
    1.860941349    0.000000000     0.000000000    0.000000000
    0.000000000    0.000000000    -0.139058651    0.000000000
    3.291192304     2.393594403     0.000000000
    1.860941349    0.000000000     0.000000000    0.000000000
    0.000000000    0.000000000    -0.139058651    0.000000000
    3.590391604     2.393594403     0.000000000
    1.817010370    0.000000000     0.000000000    0.000000000
    0.000000000    0.000000000    -0.182989630    0.000000000
    3.889590904     2.393594403     0.000000000
    1.733051872    0.000000000     0.000000000    0.000000000
    0.000000000    0.000000000    -0.266948128    0.000000000
    4.188790205     2.393594403     0.000000000
    1.616525936    0.000000000     0.000000000    0.000000000
    0.000000000    0.000000000    -0.383474064    0.000000000
    4.487989505     2.393594403     0.000000000
    1.477786403    0.000000000     0.000000000    0.000000000
    0.000000000    0.000000000    -0.522213597    0.000000000
    4.787188805     2.393594403     0.000000000
    1.329160889    0.000000000     0.000000000    0.000000000
    0.000000000    0.000000000    -0.670839111    0.000000000
    5.086388106     2.393594403     0.000000000
    1.183855424    0.000000000     0.000000000    0.000000000
    0.000000000    0.000000000    -0.816144576    0.000000000
    5.385587406     2.393594403     0.000000000
    1.054781035    0.000000000     0.000000000    0.000000000
    0.000000000    0.000000000    -0.945218965    0.000000000
    5.684786706     2.393594403     0.000000000
    0.953406549    0.000000000     0.000000000    0.000000000
    0.000000000    0.000000000    -1.046593451    0.000000000
    5.983986007     2.393594403     0.000000000
    0.888739533    0.000000000     0.000000000    0.000000000
    0.000000000    0.000000000    -1.111260467    0.000000000
    0.000000000     2.692793703     0.000000000
    0.950484434    0.000000000     0.000000000    0.000000000
    0.000000000    0.000000000    -1.049515566    0.000000000
    0.299199300     2.692793703     0.000000000
    0.972698031    0.000000000     0.000000000    0.000000000
    0.000000000    0.000000000    -1.027301969    0.000000000
    0.598398601     2.692793703     0.000000000
    1.037365047    0.000000000     0.000000000    0.000000000
    0.000000000    0.000000000    -0.962634953    0.000000000
    0.897597901     2.692793703     0.000000000
    1.138739533    0.000000000     0.000000000    0.000000000
    0.000000000    0.000000000    -0.861260467    0.000000000
    1.196797201     2.692793703     0.000000000
    1.267813922    0.000000000     0.000000000    0.000000000
    0.000000000    0.000000000    -0.732186078    0.000000000
    1.495996502     2.692793703     0.000000000
    1.413119387    0.000000000     0.000000000    0.000000000
    0.000000000    0.000000000    -0.586880613    0.000000000
    1.795195802     2.692793703     0.000000000
    1.561744901    0.000000000     0.000000000    0.000000000
    0.000000000    0.000000000    -0.438255099    0.000000000
    2.094395102     2.692793703     0.000000000
    1.700484434    0.000000000     0.000000000    0.000000000
    0.000000000    0.000000000    -0.299515566    0.000000000
    2.393594403     2.692793703     0.000000000
    1.817010370    0.000000000     0.000000000    0.000000000
    0.000000000    0.000000000    -0.182989630    0.000000000
    2.692793703     2.692793703     0.000000000
    1.900968868    0.000000000     0.000000000    0.000000000
    0.000000000    0.000000000    -0.099031132    0.000000000
    2.991993003     2.692793703     0.000000000
    1.944899847    0.000000000     0.000000000    0.000000000
    0.000000000    0.000000000    -0.055100153    0.000000000
    3.291192304     2.692793703     0.000000000
    1.944899847    0.000000000     0.000000000    0.000000000
    0.000000000    0.000000000    -0.055100153    0.000000000
    3.590391604     2.692793703     0.000000000
    1.900968868    0.000000000     0.000000000    0.000000000
    0.000000000    0.000000000    -0.099031132    0.000000000
    3.889590904     2.692793703     0.000000000
    1.817010370    0.000000000     0.000000000    0.000000000
    0.000000000    0.000000000    -0.182989630    0.000000000
    4.188790205     2.692793703     0.000000000
    1.700484434    0.000000000     0.000000000    0.000000000
    0.000000000    0.000000000    -0.299515566    0.000000000
    4.487989505     2.692793703     0.000000000
    1.561744901    0.000000000     0.000000000    0.000000000
    0.000000000    0.000000000    -0.438255099    0.000000000
    4.787188805     2.692793703     0.000000000
    1.413119387    0.000000000     0.000000000    0.000000000
    0.000000000    0.000000000    -0.586880613    0.000000000
    5.086388106     2.692793703     0.000000000
    1.267813922    0.000000000     0.000000000    0.000000000
    0.000000000    0.000000000    -0.732186078    0.000000000
    5.385587406     2.692793703     0.000000000
    1.138739533    0.000000000     0.000000000    0.000000000
    0.000000000    0.000000000    -0.861260467    0.000000000
    5.684786706     2.692793703     0.000000000
    1.037365047    0.000000000     0.000000000    0.000000000
    0.000000000    0.000000000    -0.962634953    0.000000000
    5.983986007     2.692793703     0.000000000
    0.972698031    0.000000000     0.000000000    0.000000000
    0.000000000    0.000000000    -1.027301969    0.000000000
    0.000000000     2.991993003     0.000000000
    0.994415413    0.000000000     0.000000000    0.000000000
    0.000000000    0.000000000    -1.005584587    0.000000000
    0.299199300     2.991993003     0.000000000
    1.016629010    0.000000000     0.000000000    0.000000000
    0.000000000    0.000000000    -0.983370990    0.000000000
    0.598398601     2.991993003     0.000000000
    1.081296026    0.000000000     0.000000000    0.000000000
    0.000000000    0.000000000    -0.918703974    0.000000000
    0.897597901     2.991993003     0.000000000
    1.182670512    0.000000000     0.000000000    0.000000000
    0.000000000    0.000000000    -0.817329488    0.000000000
    1.196797201     2.991993003     0.000000000
    1.311744901    0.000000000     0.000000000    0.000000000
    0.000000000    0.000000000    -0.688255099    0.000000000
    1.495996502     2.991993003     0.000000000
    1.457050366    0.000000000     0.000000000    0.000000000
    0.000000000    0.000000000    -0.542949634    0.000000000
    1.795195802     2.991993003     0.000000000
    1.605675880    0.000000000     0.000000000    0.000000000
    0.000000000    0.000000000    -0.394324120    0.000000000
    2.094395102     2.991993003     0.000000000
    1.744415413    0.000000000     0.000000000    0.000000000
    0.000000000    0.000000000    -0.255584587    0.000000000
    2.393594403     2.991993003     0.000000000
    1.860941349    0.000000000     0.000000000    0.000000000
    0.000000000    0.000000000    -0.139058651    0.000000000
    2.692793703     2.991993003     0.000000000
    1.944899847    0.000000000     0.000000000    0.000000000
    0.000000000    0.000000000    -0.055100153    0.000000000
    2.991993003     2.991993003     0.000000000
    1.988830826    0.000000000     0.000000000    0.000000000
    0.000000000    0.000000000    -0.011169174    0.000000000
    3.291192304     2.991993003     0.000000000
    1.988830826    0.000000000     0.000000000    0.000000000
    0.000000000    0.000000000    -0.011169174    0.000000000
    3.590391604     2.991993003     0.000000000
    1.944899847    0.000000000     0.000000000    0.000000000
    0.000000000    0.000000000    -0.055100153    0.000000000
    3.889590904     2.991993003     0.000000000
    1.860941349    0.000000000     0.000000000    0.000000000
    0.000000000    0.000000000    -0.139058651    0.000000000
    4.188790205     2.991993003     0.000000000
    1.744415413    0.000000000     0.000000000    0.000000000
    0.000000000    0.000000000    -0.255584587    0.000000000
    4.487989505     2.991993003     0.000000000
    1.605675880    0.000000000     0.000000000    0.000000000
    0.000000000    0.000000000    -0.394324120    0.000000000
    4.787188805     2.991993003     0.000000000
    1.457050366    0.000000000     0.000000000    0.000000000
    0.000000000    0.000000000    -0.542949634    0.000000000
    5.086388106     2.991993003     0.000000000
    1.311744901    0.000000000     0.000000000    0.000000000
    0.000000000    0.000000000    -0.688255099    0.000000000
    5.385587406     2.991993003     0.000000000
    1.182670512    0.000000000     0.000000000    0.000000000
    0.000000000    0.000000000    -0.817329488    0.000000000
    5.684786706     2.991993003     0.000000000
    1.081296026    0.000000000     0.000000000    0.000000000
    0.000000000    0.000000000    -0.918703974    0.000000000
    5.983986007     2.991993003     0.000000000
    1.016629010    0.000000000     0.000000000    0.000000000
    0.000000000    0.000000000    -0.983370990    0.000000000
    0.000000000     3.291192304     0.000000000
    0.994415413    0.000000000     0.000000000    0.000000000
    0.000000000    0.000000000    -1.005584587    0.000000000
    0.299199300     3.291192304     0.000000000
    1.016629010    0.000000000     0.000000000    0.000000000
    0.000000000    0.000000000    -0.983370990    0.000000000
    0.598398601     3.291192304     0.000000000
    1.081296026    0.000000000     0.000000000    0.000000000
    0.000000000    0.000000000    -0.918703974    0.000000000
    0.897597901     3.291192304     0.000000000
    1.182670512    0.000000000     0.000000000    0.000000000
    0.000000000    0.000000000    -0.817329488    0.000000000
    1.196797201     3.291192304     0.000000000
    1.311744901    0.000000000     0.000000000    0.000000000
    0.000000000    0.000000000    -0.688255099    0.000000000
    1.495996502     3.291192304     0.000000000
    1.457050366    0.000000000     0.000000000    0.000000000
    0.000000000    0.000000000    -0.542949634    0.000000000
    1.795195802     3.291192304     0.000000000
    1.605675880    0.000000000     0.000000000    0.000000000
    0.000000000    0.000000000    -0.394324120    0.000000000
    2.094395102     3.291192304     0.000000000
    1.744415413    0.000000000     0.000000000    0.000000000
    0.000000000    0.000000000    -0.255584587    0.000000000
    2.393594403     3.291192304     0.000000000
    1.860941349    0.000000000     0.000000000    0.000000000
    0.000000000    0.000000000    -0.139058651    0.000000000
    2.692793703     3.291192304     0.000000000
    1.944899847    0.000000000     0.000000000    0.000000000
    0.000000000    0.000000000    -0.055100153    0.000000000
    2.991993003     3.291192304     0.000000000
    1.988830826    0.000000000     0.000000000    0.000000000
    0.000000000    0.000000000    -0.011169174    0.000000000
    3.291192304     3.291192304     0.000000000
    1.988830826    0.000000000     0.000000000    0.000000000
    0.000000000    0.000000000    -0.011169174    0.000000000
    3.590391604     3.291192304     0.000000000
    1.944899847    0.000000000     0.000000000    0.000000000
    0.000000000    0.000000000    -0.055100153    0.000000000
    3.889590904     3.291192304     0.000000000
    1.860941349    0.000000000     0.000000000    0.000000000
    0.000000000    0.000000000    -0.139058651    0.000000000
    4.188790205     3.291192304     0.000000000
    1.744415413    0.000000000     0.000000000    0.000000000
    0.000000000    0.000000000    -0.255584587    0.000000000
    4.487989505     3.291192304     0.000000000
    1.605675880    0.000000000     0.000000000    0.000000000
    0.000000000    0.000000000    -0.394324120    0.000000000
    4.787188805     3.291192304     0.000000000
    1.457050366    0.000000000     0.000000000    0.000000000
    0.000000000    0.000000000    -0.542949634    0.000000000
    5.086388106     3.291192304     0.000000000
    1.311744901    0.000000000     0.000000000    0.000000000
    0.000000000    0.000000000    -0.688255099    0.000000000
    5.385587406     3.291192304     0.000000000
    1.182670512    0.000000000     0.000000000    0.000000000
    0.000000000    0.000000000    -0.817329488    0.000000000
    5.684786706     3.291192304     0.000000000
    1.081296026    0.000000000     0.000000000    0.000000000
    0.000000000    0.000000000    -0.918703974    0.000000000
    5.983986007     3.291192304     0.000000000
    1.016629010    0.000000000     0.000000000    0.000000000
    0.000000000    0.000000000    -0.983370990    0.000000000
    0.000000000     3.590391604     0.000000000
    0.950484434    0.000000000     0.000000000    0.000000000
    0.000000000    0.000000000    -1.049515566    0.000000000
    0.299199300     3.590391604     0.000000000
    0.972698031    0.000000000     0.000000000    0.000000000
    0.000000000    0.000000000    -1.027301969    0.000000000
    0.598398601     3.590391604     0.000000000
    1.037365047    0.000000000     0.000000000    0.000000000
    0.000000000    0.000000000    -0.962634953    0.000000000
    0.897597901     3.590391604     0.000000000
    1.138739533    0.000000000     0.000000000    0.000000000
    0.000000000    0.000000000    -0.861260467    0.000000000
    1.196797201     3.590391604     0.000000000
    1.267813922    0.000000000     0.000000000    0.000000000
    0.000000000    0.000000000    -0.732186078    0.000000000
    1.495996502     3.590391604     0.000000000
    1.413119387    0.000000000     0.000000000    0.000000000
    0.000000000    0.000000000    -0.586880613    0.000000000
    1.795195802     3.590391604     0.000000000
    1.561744901    0.000000000     0.000000000    0.000000000
    0.000000000    0.000000000    -0.438255099    0.000000000
    2.094395102     3.590391604     0.000000000
    1.700484434    0.000000000     0.000000000    0.000000000
    0.000000000    0.000000000    -0.299515566    0.000000000
    2.393594403     3.590391604     0.000000000
    1.817010370    0.000000000     0.000000000    0.000000000
    0.000000000    0.000000000    -0.182989630    0.000000000
    2.692793703     3.590391604     0.000000000
    1.900968868    0.000000000     0.000000000    0.000000000
    0.000000000    0.000000000    -0.099031132    0.000000000
    2.991993003     3.590391604     0.000000000
    1.944899847    0.000000000     0.000000000    0.000000000
    0.000000000    0.000000000    -0.055100153    0.000000000
    3.291192304     3.590391604     0.000000000
    1.944899847    0.000000000     0.000000000    0.000000000
    0.000000000    0.000000000    -0.055100153    0.000000000
    3.590391604     3.590391604     0.000000000
    1.900968868    0.000000000     0.000000000    0.000000000
    0.000000000    0.000000000    -0.099031132    0.000000000
    3.889590904     3.590391604     0.000000000
    1.817010370    0.000000000     0.000000000    0.000000000
    0.000000000    0.000000000    -0.182989630    0.000000000
    4.188790205     3.590391604     0.000000000
    1.700484434    0.000000000     0.000000000    0.000000000
    0.000000000    0.000000000    -0.299515566    0.000000000
    4.487989505     3.590391604     0.000000000
    1.561744901    0.000000000     0.000000000    0.000000000
    0.000000000    0.000000000    -0.438255099    0.000000000
    4.787188805     3.590391604     0.000000000
    1.413119387    0.000000000     0.000000000    0.000000000
    0.000000000    0.000000000    -0.586880613    0.000000000
    5.086388106     3.590391604     0.000000000
    1.267813922    0.000000000     0.000000000    0.000000000
    0.000000000    0.000000000    -0.732186078    0.000000000
    5.385587406     3.590391604     0.000000000
    1.138739533    0.000000000     0.000000000    0.000000000
    0.000000000    0.000000000    -0.861260467    0.000000000
    5.684786706     3.590391604     0.000000000
    1.037365047    0.000000000     0.000000000    0.000000000
    0.000000000    0.000000000    -0.962634953    0.000000000
    5.983986007     3.590391604     0.000000000
    0.972698031    0.000000000     0.000000000    0.000000000
    0.000000000    0.000000000    -1.027301969    0.000000000
    0.000000000     3.889590904     0.000000000
    0.866525936    0.000000000     0.000000000    0.000000000
    0.000000000    0.000000000    -1.133474064    0.000000000
    0.299199300     3.889590904     0.000000000
    0.888739533    0.000000000     0.000000000    0.000000000
    0.000000000    0.000000000    -1.111260467    0.000000000
    0.598398601     3.889590904     0.000000000
    0.953406549    0.000000000     0.000000000    0.000000000
    0.000000000    0.000000000    -1.046593451    0.000000000
    0.897597901     3.889590904     0.000000000
    1.054781035    0.000000000     0.000000000    0.000000000
    0.000000000    0.000000000    -0.945218965    0.000000000
    1.196797201     3.889590904     0.000000000
    1.183855424    0.000000000     0.000000000    0.000000000
    0.000000000    0.000000000    -0.816144576    0.000000000
    1.495996502     3.889590904     0.000000000
    1.329160889    0.000000000     0.000000000    0.000000000
    0.000000000    0.000000000    -0.670839111    0.000000000
    1.795195802     3.889590904     0.000000000
    1.477786403    0.000000000     0.000000000    0.000000000
    0.000000000    0.000000000    -0.522213597    0.000000000
    2.094395102     3.889590904     0.000000000
    1.616525936    0.000000000     0.000000000    0.000000000
    0.000000000    0.000000000    -0.383474064    0.000000000
    2.393594403     3.889590904     0.000000000
    1.733051872    0.000000000     0.000000000    0.000000000
    0.000000000    0.000000000    -0.266948128    0.000000000
    2.692793703     3.889590904     0.000000000
    1.817010370    0.000000000     0.000000000    0.000000000
    0.000000000    0.000000000    -0.182989630    0.000000000
    2.991993003     3.889590904     0.000000000
    1.860941349    0.000000000     0.000000000    0.000000000
    0.000000000    0.000000000    -0.139058651    0.000000000
    3.291192304     3.889590904     0.000000000
    1.860941349    0.000000000     0.000000000    0.000000000
    0.000000000    0.000000000    -0.139058651    0.000000000
    3.590391604     3.889590904     0.000000000
    1.817010370    0.000000000     0.000000000    0.000000000
    0.000000000    0.000000000    -0.182989630    0.000000000
    3.889590904     3.889590904     0.000000000
    1.733051872    0.000000000     0.000000000    0.000000000
    0.000000000    0.000000000    -0.266948128    0.000000000
    4.188790205     3.889590904     0.000000000
    1.616525936    0.000000000     0.000000000    0.000000000
    0.000000000    0.000000000    -0.383474064    0.000000000
    4.487989505     3.889590904     0.000000000
    1.477786403    0.000000000     0.000000000    0.000000000
    0.000000000    0.000000000    -0.522213597    0.000000000
    4.787188805     3.889590904     0.000000000
    1.329160889    0.000000000     0.000000000    0.000000000
    0.000000000    0.000000000    -0.670839111    0.000000000
    5.086388106     3.889590904     0.000000000
    1.183855424    0.000000000     0.000000000    0.000000000
    0.000000000    0.000000000    -0.816144576    0.000000000
    5.385587406     3.889590904     0.000000000
    1.054781035    0.000000000     0.000000000    0.000000000
    0.000000000    0.000000000    -0.945218965    0.000000000
    5.684786706     3.889590904     0.000000000
    0.953406549    0.000000000     0.000000000    0.000000000
    0.000000000    0.000000000    -1.046593451    0.000000000
    5.983986007     3.889590904     0.000000000
    0.888739533    0.000000000     0.000000000    0.000000000
    0.000000000    0.000000000    -1.111260467    0.000000000
    0.000000000     4.188790205     0.000000000
    0.750000000    0.000000000     0.000000000    0.000000000
    0.000000000    0.000000000    -1.250000000    0.000000000
    0.299199300     4.188790205     0.000000000
    0.772213597    0.000000000     0.000000000    0.000000000
    0.000000000    0.000000000    -1.227786403    0.000000000
    0.598398601     4.188790205     0.000000000
    0.836880613    0.000000000     0.000000000    0.000000000
    0.000000000    0.000000000    -1.163119387    0.000000000
    0.897597901     4.188790205     0.000000000
    0.938255099    0.000000000     0.000000000    0.000000000
    0.000000000    0.000000000    -1.061744901    0.000000000
    1.196797201     4.188790205     0.000000000
    1.067329488    0.000000000     0.000000000    0.000000000
    0.000000000    0.000000000    -0.932670512    0.000000000
    1.495996502     4.188790205     0.000000000
    1.212634953    0.000000000     0.000000000    0.000000000
    0.000000000    0.000000000    -0.787365047    0.000000000
    1.795195802     4.188790205     0.000000000
    1.361260467    0.000000000     0.000000000    0.000000000
    0.000000000    0.000000000    -0.638739533    0.000000000
    2.094395102     4.188790205     0.000000000
    1.500000000    0.000000000     0.000000000    0.000000000
    0.000000000    0.000000000    -0.500000000    0.000000000
    2.393594403     4.188790205     0.000000000
    1.616525936    0.000000000     0.000000000    0.000000000
    0.000000000    0.000000000    -0.383474064    0.000000000
    2.692793703     4.188790205     0.000000000
    1.700484434    0.000000000     0.000000000    0.000000000
    0.000000000    0.000000000    -0.299515566    0.000000000
    2.991993003     4.188790205     0.000000000
    1.744415413    0.000000000     0.000000000    0.000000000
    0.000000000    0.000000000    -0.255584587    0.000000000
    3.291192304     4.188790205     0.000000000
    1.744415413    0.000000000     0.000000000    0.000000000
    0.000000000    0.000000000    -0.255584587    0.000000000
    3.590391604     4.188790205     0.000000000
    1.700484434    0.000000000     0.000000000    0.000000000
    0.000000000    0.000000000    -0.299515566    0.000000000
    3.889590904     4.188790205     0.000000000
    1.616525936    0.000000000     0.000000000    0.000000000
    0.000000000    0.000000000    -0.383474064    0.000000000
    4.188790205     4.188790205     0.000000000
    1.500000000    0.000000000     0.000000000    0.000000000
    0.000000000    0.000000000    -0.500000000    0.000000000
    4.487989505     4.188790205     0.000000000
    1.361260467    0.000000000     0.000000000    0.000000000
    0.000000000    0.000000000    -0.638739533    0.000000000
    4.787188805     4.188790205     0.000000000
    1.212634953    0.000000000     0.000000000    0.000000000
    0.000000000    0.000000000    -0.787365047    0.000000000
    5.086388106     4.188790205     0.000000000
    1.067329488    0.000000000     0.000000000    0.000000000
    0.000000000    0.000000000    -0.932670512    0.000000000
    5.385587406     4.188790205     0.000000000
    0.938255099    0.000000000     0.000000000    0.000000000
    0.000000000    0.000000000    -1.061744901    0.000000000
    5.684786706     4.188790205     0.000000000
    0.836880613    0.000000000     0.000000000    0.000000000
    0.000000000    0.000000000    -1.163119387    0.000000000
    5.983986007     4.188790205     0.000000000
    0.772213597    0.000000000     0.000000000    0.000000000
    0.000000000    0.000000000    -1.227786403    0.000000000
    0.000000000     4.487989505     0.000000000
    0.611260467    0.000000000     0.000000000    0.000000000
    0.000000000    0.000000000    -1.388739533    0.000000000
    0.299199300     4.487989505     0.000000000
    0.633474064    0.000000000     0.000000000    0.000000000
    0.000000000    0.000000000    -1.366525936    0.000000000
    0.598398601     4.487989505     0.000000000
    0.698141080    0.000000000     0.000000000    0.000000000
    0.000000000    0.000000000    -1.301858920    0.000000000
    0.897597901     4.487989505     0.000000000
    0.799515566    0.000000000     0.000000000    0.000000000
    0.000000000    0.000000000    -1.200484434    0.000000000
    1.196797201     4.487989505     0.000000000
    0.928589955    0.000000000     0.000000000    0.000000000
    0.000000000    0.000000000    -1.071410045    0.000000000
    1.495996502     4.487989505     0.000000000
    1.073895420    0.000000000     0.000000000    0.000000000
    0.000000000    0.000000000    -0.926104580    0.000000000
    1.795195802     4.487989505     0.000000000
    1.222520934    0.000000000     0.000000000    0.000000000
    0.000000000    0.000000000    -0.777479066    0.000000000
    2.094395102     4.487989505     0.000000000
    1.361260467    0.000000000     0.000000000    0.000000000
    0.000000000    0.000000000    -0.638739533    0.000000000
    2.393594403     4.487989505     0.000000000
    1.477786403    0.000000000     0.000000000    0.000000000
    0.000000000    0.000000000    -0.522213597    0.000000000
    2.692793703     4.487989505     0.000000000
    1.561744901    0.000000000     0.000000000    0.000000000
    0.000000000    0.000000000    -0.438255099    0.000000000
    2.991993003     4.487989505     0.000000000
    1.605675880    0.000000000     0.000000000    0.000000000
    0.000000000    0.000000000    -0.394324120    0.000000000
    3.291192304     4.487989505     0.000000000
    1.605675880    0.000000000     0.000000000    0.000000000
    0.000000000    0.000000000    -0.394324120    0.000000000
    3.590391604     4.487989505     0.000000000
    1.561744901    0.000000000     0.000000000    0.000000000
    0.000000000    0.000000000    -0.438255099    0.000000000
    3.889590904     4.487989505     0.000000000
    1.477786403    0.000000000     0.000000000    0.000000000
    0.000000000    0.000000000    -0.522213597    0.000000000
    4.188790205     4.487989505     0.000000000
    1.361260467    0.000000000     0.000000000    0.000000000
    0.000000000    0.000000000    -0.638739533    0.000000000
    4.487989505     4.487989505     0.000000000
    1.222520934    0.000000000     0.000000000    0.000000000
    0.000000000    0.000000000    -0.777479066    0.000000000
    4.787188805     4.487989505     0.000000000
    1.073895420    0.000000000     0.000000000    0.000000000
    0.000000000    0.000000000    -0.926104580    0.000000000
    5.086388106     4.487989505     0.000000000
    0.928589955    0.000000000     0.000000000    0.000000000
    0.000000000    0.000000000    -1.071410045    0.000000000
    5.385587406     4.487989505     0.000000000
    0.799515566    0.000000000     0.000000000    0.000000000
    0.000000000    0.000000000    -1.200484434    0.000000000
    5.684786706     4.487989505     0.000000000
    0.698141080    0.000000000     0.000000000    0.000000000
    0.000000000    0.000000000    -1.301858920    0.000000000
    5.983986007     4.487989505     0.000000000
    0.633474064    0.000000000     0.000000000    0.000000000
    0.000000000    0.000000000    -1.366525936    0.000000000
    0.000000000     4.787188805     0.000000000
    0.462634953    0.000000000     0.000000000    0.000000000
    0.000000000    0.000000000    -1.537365047    0.000000000
    0.299199300     4.787188805     0.000000000
    0.484848550    0.000000000     0.000000000    0.000000000
    0.000000000    0.000000000    -1.515151450    0.000000000
    0.598398601     4.787188805     0.000000000
    0.549515566    0.000000000     0.000000000    0.000000000
    0.000000000    0.000000000    -1.450484434    0.000000000
    0.897597901     4.787188805     0.000000000
    0.650890052    0.000000000     0.000000000    0.000000000
    0.000000000    0.000000000    -1.349109948    0.000000000
    1.196797201     4.787188805     0.000000000
    0.779964441    0.000000000     0.000000000    0.000000000
    0.000000000    0.000000000    -1.220035559    0.000000000
    1.495996502     4.787188805     0.000000000
    0.925269906    0.000000000     0.000000000    0.000000000
    0.000000000    0.000000000    -1.074730094    0.000000000
    1.795195802     4.787188805     0.000000000
    1.073895420    0.000000000     0.000000000    0.000000000
    0.000000000    0.000000000    -0.926104580    0.000000000
    2.094395102     4.787188805     0.000000000
    1.212634953    0.000000000     0.000000000    0.000000000
    0.000000000    0.000000000    -0.787365047    0.000000000
    2.393594403     4.787188805     0.000000000
    1.329160889    0.000000000     0.000000000    0.000000000
    0.000000000    0.000000000    -0.670839111    0.000000000
    2.692793703     4.787188805     0.000000000
    1.413119387    0.000000000     0.000000000    0.000000000
    0.000000000    0.000000000    -0.586880613    0.000000000
    2.991993003     4.787188805     0.000000000
    1.457050366    0.000000000     0.000000000    0.000000000
    0.000000000    0.000000000    -0.542949634    0.000000000
    3.291192304     4.787188805     0.000000000
    1.457050366    0.000000000     0.000000000    0.000000000
    0.000000000    0.000000000    -0.542949634    0.000000000
    3.590391604     4.787188805     0.000000000
    1.413119387    0.000000000     0.000000000    0.000000000
    0.000000000    0.000000000    -0.586880613    0.000000000
    3.889590904     4.787188805     0.000000000
    1.329160889    0.000000000     0.000000000    0.000000000
    0.000000000    0.000000000    -0.670839111    0.000000000
    4.188790205     4.787188805     0.000000000
    1.212634953    0.000000000     0.000000000    0.000000000
    0.000000000    0.000000000    -0.787365047    0.000000000
    4.487989505     4.787188805     0.000000000
    1.073895420    0.000000000     0.000000000    0.000000000
    0.000000000    0.000000000    -0.926104580    0.000000000
    4.787188805     4.787188805     0.000000000
    0.925269906    0.000000000     0.000000000    0.000000000
    0.000000000    0.000000000    -1.074730094    0.000000000
    5.086388106     4.787188805     0.000000000
    0.779964441    0.000000000     0.000000000    0.000000000
    0.000000000    0.000000000    -1.220035559    0.000000000
    5.385587406     4.787188805     0.000000000
    0.650890052    0.000000000     0.000000000    0.000000000
    0.000000000    0.000000000    -1.349109948    0.000000000
    5.684786706     4.787188805     0.000000000
    0.549515566    0.000000000     0.000000000    0.000000000
    0.000000000    0.000000000    -1.450484434    0.000000000
    5.983986007     4.787188805     0.000000000
    0.484848550    0.000000000     0.000000000    0.000000000
    0.000000000    0.000000000    -1.515151450    0.000000000
    0.000000000     5.086388106     0.000000000
    0.317329488    0.000000000     0.000000000    0.000000000
    0.000000000    0.000000000    -1.682670512    0.000000000
    0.299199300     5.086388106     0.000000000
    0.339543085    0.000000000     0.000000000    0.000000000
    0.000000000    0.000000000    -1.660456915    0.000000000
    0.598398601     5.086388106     0.000000000
    0.404210101    0.000000000     0.000000000    0.000000000
    0.000000000    0.000000000    -1.595789899    0.000000000
    0.897597901     5.086388106     0.000000000
    0.505584587    0.000000000     0.000000000    0.000000000
    0.000000000    0.000000000    -1.494415413    0.000000000
    1.196797201     5.086388106     0.000000000
    0.634658976    0.000000000     0.000000000    0.000000000
    0.000000000    0.000000000    -1.365341024    0.000000000
    1.495996502     5.086388106     0.000000000
    0.779964441    0.000000000     0.000000000    0.000000000
    0.000000000    0.000000000    -1.220035559    0.000000000
    1.795195802     5.086388106     0.000000000
    0.928589955    0.000000000     0.000000000    0.000000000
    0.000000000    0.000000000    -1.071410045    0.000000000
    2.094395102     5.086388106     0.000000000
    1.067329488    0.000000000     0.000000000    0.000000000
    0.000000000    0.000000000    -0.932670512    0.000000000
    2.393594403     5.086388106     0.000000000
    1.183855424    0.000000000     0.000000000    0.000000000
    0.000000000    0.000000000    -0.816144576    0.000000000
    2.692793703     5.086388106     0.000000000
    1.267813922    0.000000000     0.000000000    0.000000000
    0.000000000    0.000000000    -0.732186078    0.000000000
    2.991993003     5.086388106     0.000000000
    1.311744901    0.000000000     0.000000000    0.000000000
    0.000000000    0.000000000    -0.688255099    0.000000000
    3.291192304     5.086388106     0.000000000
    1.311744901    0.000000000     0.000000000    0.000000000
    0.000000000    0.000000000    -0.688255099    0.000000000
    3.590391604     5.086388106     0.000000000
    1.267813922    0.000000000     0.000000000    0.000000000
    0.000000000    0.000000000    -0.732186078    0.000000000
    3.889590904     5.086388106     0.000000000
    1.183855424    0.000000000     0.000000000    0.000000000
    0.000000000    0.000000000    -0.816144576    0.000000000
    4.188790205     5.086388106     0.000000000
    1.067329488    0.000000000     0.000000000    0.000000000
    0.000000000    0.000000000    -0.932670512    0.000000000
    4.487989505     5.086388106     0.000000000
    0.928589955    0.000000000     0.000000000    0.000000000
    0.000000000    0.000000000    -1.071410045    0.000000000
    4.787188805     5.086388106     0.000000000
    0.779964441    0.000000000     0.000000000    0.000000000
    0.000000000    0.000000000    -1.220035559    0.000000000
    5.086388106     5.086388106     0.000000000
    0.634658976    0.000000000     0.000000000    0.000000000
    0.000000000    0.000000000    -1.365341024    0.000000000
    5.385587406     5.086388106     0.000000000
    0.505584587    0.000000000     0.000000000    0.000000000
    0.000000000    0.000000000    -1.494415413    0.000000000
    5.684786706     5.086388106     0.000000000
    0.404210101    0.000000000     0.000000000    0.000000000
    0.000000000    0.000000000    -1.595789899    0.000000000
    5.983986007     5.086388106     0.000000000
    0.339543085    0.000000000     0.000000000    0.000000000
    0.000000000    0.000000000    -1.660456915    0.000000000
    0.000000000     5.385587406     0.000000000
    0.188255099    0.000000000     0.000000000    0.000000000
    0.000000000    0.000000000    -1.811744901    0.000000000
    0.299199300     5.385587406     0.000000000
    0.210468696    0.000000000     0.000000000    0.000000000
    0.000000000    0.000000000    -1.789531304    0.000000000
    0.598398601     5.385587406     0.000000000
    0.275135712    0.000000000     0.000000000    0.000000000
    0.000000000    0.000000000    -1.724864288    0.000000000
    0.897597901     5.385587406     0.000000000
    0.376510198    0.000000000     0.000000000    0.000000000
    0.000000000    0.000000000    -1.623489802    0.000000000
    1.196797201     5.385587406     0.000000000
    0.505584587    0.000000000     0.000000000    0.000000000
    0.000000000    0.000000000    -1.494415413    0.000000000
    1.495996502     5.385587406     0.000000000
    0.650890052    0.000000000     0.000000000    0.000000000
    0.000000000    0.000000000    -1.349109948    0.000000000
    1.795195802     5.385587406     0.000000000
    0.799515566    0.000000000     0.000000000    0.000000000
    0.000000000    0.000000000    -1.200484434    0.000000000
    2.094395102     5.385587406     0.000000000
    0.938255099    0.000000000     0.000000000    0.000000000
    0.000000000    0.000000000    -1.061744901    0.000000000
    2.393594403     5.385587406     0.000000000
    1.054781035    0.000000000     0.000000000    0.000000000
    0.000000000    0.000000000    -0.945218965    0.000000000
    2.692793703     5.385587406     0.000000000
    1.138739533    0.000000000     0.000000000    0.000000000
    0.000000000    0.000000000    -0.861260467    0.000000000
    2.991993003     5.385587406     0.000000000
    1.182670512    0.000000000     0.000000000    0.000000000
    0.000000000    0.000000000    -0.817329488    0.000000000
    3.291192304     5.385587406     0.000000000
    1.182670512    0.000000000     0.000000000    0.000000000
    0.000000000    0.000000000    -0.817329488    0.000000000
    3.590391604     5.385587406     0.000000000
    1.138739533    0.000000000     0.000000000    0.000000000
    0.000000000    0.000000000    -0.861260467    0.000000000
    3.889590904     5.385587406     0.000000000
    1.054781035    0.000000000     0.000000000    0.000000000
    0.000000000    0.000000000    -0.945218965    0.000000000
    4.188790205     5.385587406     0.000000000
    0.938255099    0.000000000     0.000000000    0.000000000
    0.000000000    0.000000000    -1.061744901    0.000000000
    4.487989505     5.385587406     0.000000000
    0.799515566    0.000000000     0.000000000    0.000000000
    0.000000000    0.000000000    -1.200484434    0.000000000
    4.787188805     5.385587406     0.000000000
    0.650890052    0.000000000     0.000000000    0.000000000
    0.000000000    0.000000000    -1.349109948    0.000000000
    5.086388106     5.385587406     0.000000000
    0.505584587    0.000000000     0.000000000    0.000000000
    0.000000000    0.000000000    -1.494415413    0.000000000
    5.385587406     5.385587406     0.000000000
    0.376510198    0.000000000     0.000000000    0.000000000
    0.000000000    0.000000000    -1.623489802    0.000000000
    5.684786706     5.385587406     0.000000000
    0.275135712    0.000000000     0.000000000    0.000000000
    0.000000000    0.000000000    -1.724864288    0.000000000
    5.983986007     5.385587406     0.000000000
    0.210468696    0.000000000     0.000000000    0.000000000
    0.000000000    0.000000000    -1.789531304    0.000000000
    0.000000000     5.684786706     0.000000000
    0.086880613    0.000000000     0.000000000    0.000000000
    0.000000000    0.000000000    -1.913119387    0.000000000
    0.299199300     5.684786706     0.000000000
    0.109094210    0.000000000     0.000000000    0.000000000
    0.000000000    0.000000000    -1.890905790    0.000000000
    0.598398601     5.684786706     0.000000000
    0.173761226    0.000000000     0.000000000    0.000000000
    0.000000000    0.000000000    -1.826238774    0.000000000
    0.897597901     5.684786706     0.000000000
    0.275135712    0.000000000     0.000000000    0.000000000
    0.000000000    0.000000000    -1.724864288    0.000000000
    1.196797201     5.684786706     0.000000000
    0.404210101    0.000000000     0.000000000    0.000000000
    0.000000000    0.000000000    -1.595789899    0.000000000
    1.495996502     5.684786706     0.000000000
    0.549515566    0.000000000     0.000000000    0.000000000
    0.000000000    0.000000000    -1.450484434    0.000000000
    1.795195802     5.684786706     0.000000000
    0.698141080    0.000000000     0.000000000    0.000000000
    0.000000000    0.000000000    -1.301858920    0.000000000
    2.094395102     5.684786706     0.000000000
    0.836880613    0.000000000     0.000000000    0.000000000
    0.000000000    0.000000000    -1.163119387    0.000000000
    2.393594403     5.684786706     0.000000000
    0.953406549    0.000000000     0.000000000    0.000000000
    0.000000000    0.000000000    -1.046593451    0.000000000
    2.692793703     5.684786706     0.000000000
    1.037365047    0.000000000     0.000000000    0.000000000
    0.000000000    0.000000000    -0.962634953    0.000000000
    2.991993003     5.684786706     0.000000000
    1.081296026    0.000000000     0.000000000    0.000000000
    0.000000000    0.000000000    -0.918703974    0.000000000
    3.291192304     5.684786706     0.000000000
    1.081296026    0.000000000     0.000000000    0.000000000
    0.000000000    0.000000000    -0.918703974    0.000000000
    3.590391604     5.684786706     0.000000000
    1.037365047    0.000000000     0.000000000    0.000000000
    0.000000000    0.000000000    -0.962634953    0.000000000
    3.889590904     5.684786706     0.000000000
    0.953406549    0.000000000     0.000000000    0.000000000
    0.000000000    0.000000000    -1.046593451    0.000000000
    4.188790205     5.684786706     0.000000000
    0.836880613    0.000000000     0.000000000    0.000000000
    0.000000000    0.000000000    -1.163119387    0.000000000
    4.487989505     5.684786706     0.000000000
    0.698141080    0.000000000     0.000000000    0.000000000
    0.000000000    0.000000000    -1.301858920    0.000000000
    4.787188805     5.684786706     0.000000000
    0.549515566    0.000000000     0.000000000    0.000000000
    0.000000000    0.000000000    -1.450484434    0.000000000
    5.086388106     5.684786706     0.000000000
    0.404210101    0.000000000     0.000000000    0.000000000
    0.000000000    0.000000000    -1.595789899    0.000000000
    5.385587406     5.684786706     0.000000000
    0.275135712    0.000000000     0.000000000    0.000000000
    0.000000000    0.000000000    -1.724864288    0.000000000
    5.684786706     5.684786706     0.000000000
    0.173761226    0.000000000     0.000000000    0.000000000
    0.000000000    0.000000000    -1.826238774    0.000000000
    5.983986007     5.684786706     0.000000000
    0.109094210    0.000000000     0.000000000    0.000000000
    0.000000000    0.000000000    -1.890905790    0.000000000
    0.000000000     5.983986007     0.000000000
    0.022213597    0.000000000     0.000000000    0.000000000
    0.000000000    0.000000000    -1.977786403    0.000000000
    0.299199300     5.983986007     0.000000000
    0.044427194    0.000000000     0.000000000    0.000000000
    0.000000000    0.000000000    -1.955572806    0.000000000
    0.598398601     5.983986007     0.000000000
    0.109094210    0.000000000     0.000000000    0.000000000
    0.000000000    0.000000000    -1.890905790    0.000000000
    0.897597901     5.983986007     0.000000000
    0.210468696    0.000000000     0.000000000    0.000000000
    0.000000000    0.000000000    -1.789531304    0.000000000
    1.196797201     5.983986007     0.000000000
    0.339543085    0.000000000     0.000000000    0.000000000
    0.000000000    0.000000000    -1.660456915    0.000000000
    1.495996502     5.983986007     0.000000000
    0.484848550    0.000000000     0.000000000    0.000000000
    0.000000000    0.000000000    -1.515151450    0.000000000
    1.795195802     5.983986007     0.000000000
    0.633474064    0.000000000     0.000000000    0.000000000
    0.000000000    0.000000000    -1.366525936    0.000000000
    2.094395102     5.983986007     0.000000000
    0.772213597    0.000000000     0.000000000    0.000000000
    0.000000000    0.000000000    -1.227786403    0.000000000
    2.393594403     5.983986007     0.000000000
    0.888739533    0.000000000     0.000000000    0.000000000
    0.000000000    0.000000000    -1.111260467    0.000000000
    2.692793703     5.983986007     0.000000000
    0.972698031    0.000000000     0.000000000    0.000000000
    0.000000000    0.000000000    -1.027301969    0.000000000
    2.991993003     5.983986007     0.000000000
    1.016629010    0.000000000     0.000000000    0.000000000
    0.000000000    0.000000000    -0.983370990    0.000000000
    3.291192304     5.983986007     0.000000000
    1.016629010    0.000000000     0.000000000    0.000000000
    0.000000000    0.000000000    -0.983370990    0.000000000
    3.590391604     5.983986007     0.000000000
    0.972698031    0.000000000     0.000000000    0.000000000
    0.000000000    0.000000000    -1.027301969    0.000000000
    3.889590904     5.983986007     0.000000000
    0.888739533    0.000000000     0.000000000    0.000000000
    0.000000000    0.000000000    -1.111260467    0.000000000
    4.188790205     5.983986007     0.000000000
    0.772213597    0.000000000     0.000000000    0.000000000
    0.000000000    0.000000000    -1.227786403    0.000000000
    4.487989505     5.983986007     0.000000000
    0.633474064    0.000000000     0.000000000    0.000000000
    0.000000000    0.000000000    -1.366525936    0.000000000
    4.787188805     5.983986007     0.000000000
    0.484848550    0.000000000     0.000000000    0.000000000
    0.000000000    0.000000000    -1.515151450    0.000000000
    5.086388106     5.983986007     0.000000000
    0.339543085    0.000000000     0.000000000    0.000000000
    0.000000000    0.000000000    -1.660456915    0.000000000
    5.385587406     5.983986007     0.000000000
    0.210468696    0.000000000     0.000000000    0.000000000
    0.000000000    0.000000000    -1.789531304    0.000000000
    5.684786706     5.983986007     0.000000000
    0.109094210    0.000000000     0.000000000    0.000000000
    0.000000000    0.000000000    -1.890905790    0.000000000
    5.983986007     5.983986007     0.000000000
    0.044427194    0.000000000     0.000000000    0.000000000
    0.000000000    0.000000000    -1.955572806    0.000000000
