  -5.00000000000000      -8.646497343794453E-004 -0.224309254618098     
  -4.98998998998999      -7.996574194477296E-004 -0.225127868885103     
  -4.97997997997998      -7.605187695971151E-004 -0.225900355557728     
  -4.96996996996997      -7.374008243528287E-004 -0.226644533539937     
  -4.95995995995996      -7.256779059548988E-004 -0.227372507836153     
  -4.94994994994995      -7.238085186962900E-004 -0.228093755764444     
  -4.93993993993994      -7.330910617252292E-004 -0.228817354191440     
  -4.92992992992993      -7.595041296247483E-004 -0.229554376728567     
  -4.91991991991992      -8.210902876715891E-004 -0.230321297864011     
  -4.90990990990991      -9.775790966579376E-004 -0.231139906935877     
  -4.89989989989990      -1.432826180914896E-003 -0.231934078754025     
  -4.88988988988989      -2.091286878556460E-003 -0.232076011081767     
  -4.87987987987988      -1.830230580499890E-003 -0.231706577053645     
  -4.86986986986987      -1.121356933540037E-003 -0.232327961862175     
  -4.85985985985986      -8.719185669427086E-004 -0.233172695323016     
  -4.84984984984985      -7.796255976009997E-004 -0.233958832681276     
  -4.83983983983984      -7.371223714192480E-004 -0.234702398428522     
  -4.82982982982983      -7.155329966806699E-004 -0.235422274987889     
  -4.81981981981982      -7.036432245505088E-004 -0.236128991225600     
  -4.80980980980981      -6.973988361792370E-004 -0.236828389001453     
  -4.79979979979980      -6.944810207024393E-004 -0.237523923348080     
  -4.78978978978979      -6.937020598145136E-004 -0.238217968856854     
  -4.77977977977978      -6.944283550787159E-004 -0.238912184604979     
  -4.76976976976977      -6.963115711162317E-004 -0.239607812653237     
  -4.75975975975976      -6.991729387753792E-004 -0.240305863392643     
  -4.74974974974975      -7.029543272240022E-004 -0.241007240344691     
  -4.73973973973974      -7.077080747298256E-004 -0.241712841106856     
  -4.72972972972973      -7.136237181635996E-004 -0.242423662025704     
  -4.71971971971972      -7.211194012590283E-004 -0.243140936422289     
  -4.70970970970971      -7.311140966052709E-004 -0.243866336971882     
  -4.69969969969970      -7.459698028098235E-004 -0.244602032117640     
  -4.68968968968969      -7.707615753098756E-004 -0.245347033594859     
  -4.67967967967968      -7.981761837969612E-004 -0.246100104179189     
  -4.66966966966967      -8.347725362246446E-004 -0.246888288388053     
  -4.65965965965966      -9.268615531094700E-004 -0.247725873735390     
  -4.64964964964965      -1.182044231226948E-003 -0.248594283794031     
  -4.63963963963964      -1.692332638750553E-003 -0.249163659477889     
  -4.62962962962963      -1.812140268714726E-003 -0.249226178724868     
  -4.61961961961962      -1.413132171651579E-003 -0.249794120675342     
  -4.60960960960961      -1.428465648075960E-003 -0.250420007298737     
  -4.59959959959960      -1.097513223322627E-003 -0.251011639724290     
  -4.58958958958959      -9.119548758729695E-004 -0.251877435711156     
  -4.57957957957958      -8.462967578186895E-004 -0.252726933306481     
  -4.56956956956957      -8.188025573327307E-004 -0.253550387356117     
  -4.55955955955956      -8.061705997669065E-004 -0.254359470308705     
  -4.54954954954955      -8.005420963401046E-004 -0.255161502987888     
  -4.53953953953954      -7.987006836833757E-004 -0.255960711605487     
  -4.52952952952953      -7.991353900515467E-004 -0.256759666070493     
  -4.51951951951952      -8.010724058165835E-004 -0.257560042151186     
  -4.50950950950951      -8.041097555080744E-004 -0.258363022745524     
  -4.49949949949950      -8.080838728108510E-004 -0.259169532100818     
  -4.48948948948949      -8.130855234034193E-004 -0.259980402170591     
  -4.47947947947948      -8.197613416751691E-004 -0.260796475214178     
  -4.46946946946947      -8.303114697261342E-004 -0.261617717643012     
  -4.45945945945946      -8.460722543765002E-004 -0.262440923685713     
  -4.44944944944945      -8.664543766076163E-004 -0.263255967671830     
  -4.43943943943944      -8.635799108484630E-004 -0.264069158896568     
  -4.42942942942943      -8.567003397099797E-004 -0.264909671692456     
  -4.41941941941942      -8.615734728385753E-004 -0.265763640341289     
  -4.40940940940941      -8.785175411944659E-004 -0.266626451952601     
  -4.39939939939940      -9.246025155416424E-004 -0.267491606277154     
  -4.38938938938939      -9.841704534572357E-004 -0.268277716454833     
  -4.37937937937938      -9.232875424005718E-004 -0.269093521361371     
  -4.36936936936937      -8.960260686121380E-004 -0.269978120210674     
  -4.35935935935936      -8.908711843476769E-004 -0.270867008596553     
  -4.34934934934935      -8.923649647044942E-004 -0.271757823204586     
  -4.33933933933934      -8.963456366371469E-004 -0.272652375165526     
  -4.32932932932933      -9.014815042558220E-004 -0.273551834996414     
  -4.31931931931932      -9.072574919165599E-004 -0.274456898784628     
  -4.30930930930931      -9.134452380839858E-004 -0.275368016469288     
  -4.29929929929930      -9.199349979131918E-004 -0.276285511292086     
  -4.28928928928929      -9.266745926046794E-004 -0.277209641249148     
  -4.27927927927928      -9.336473044732945E-004 -0.278140634277145     
  -4.26926926926927      -9.408717577666289E-004 -0.279078712348653     
  -4.25925925925926      -9.484353498001476E-004 -0.280024096565415     
  -4.24924924924925      -9.564504945155876E-004 -0.280976873497273     
  -4.23923923923924      -9.649019971472674E-004 -0.281937524405291     
  -4.22922922922923      -9.743868514081144E-004 -0.282906161827130     
  -4.21921921921922      -9.858893398732242E-004 -0.283884332579230     
  -4.20920920920921      -1.006211830894265E-003 -0.284870625786743     
  -4.19919919919920      -1.035180400992895E-003 -0.285841945678600     
  -4.18918918918919      -1.029349481599691E-003 -0.286816834261115     
  -4.17917917917918      -1.023427539546736E-003 -0.287819563578757     
  -4.16916916916917      -1.024054742697797E-003 -0.288837322615949     
  -4.15915915915916      -1.029387514844859E-003 -0.289862517292627     
  -4.14914914914915      -1.036326889001993E-003 -0.290895563692352     
  -4.13913913913914      -1.044258295926802E-003 -0.291936596205565     
  -4.12912912912913      -1.052695896990208E-003 -0.292985956353616     
  -4.11911911911912      -1.061462309093759E-003 -0.294043974199307     
  -4.10910910910911      -1.070486564665766E-003 -0.295110915914454     
  -4.09909909909910      -1.079737840700948E-003 -0.296187013005738     
  -4.08908908908909      -1.089203456318369E-003 -0.297272480951867     
  -4.07907907907908      -1.098880268198936E-003 -0.298367529679221     
  -4.06906906906907      -1.108770932350587E-003 -0.299472369923417     
  -4.05905905905906      -1.118882227741520E-003 -0.300587217600006     
  -4.04904904904905      -1.129224393798770E-003 -0.301712297279711     
  -4.03903903903904      -1.139811085387820E-003 -0.302847845398581     
  -4.02902902902903      -1.150659888685927E-003 -0.303994113650889     
  -4.01901901901902      -1.161793774984097E-003 -0.305151372979106     
  -4.00900900900901      -1.173245338042733E-003 -0.306319918311052     
  -3.99899899899900      -1.185072059137143E-003 -0.307500067739617     
  -3.98898898898899      -1.197349745318786E-003 -0.308692080415002     
  -3.97897897897898      -1.209887293315406E-003 -0.309896379621330     
  -3.96896896896897      -1.223028891859777E-003 -0.311113629029516     
  -3.95895895895896      -1.237018788637333E-003 -0.312343857472109     
  -3.94894894894895      -1.251023842113610E-003 -0.313587628591304     
  -3.93893893893894      -1.265726048648816E-003 -0.314846557267791     
  -3.92892892892893      -1.281611315757554E-003 -0.316120987807539     
  -3.91891891891892      -1.298779970483061E-003 -0.317411884788691     
  -3.90890890890891      -1.317539665762350E-003 -0.318720597403003     
  -3.89889889889890      -1.338392329071604E-003 -0.320048876359893     
  -3.88888888888889      -1.362111140002648E-003 -0.321399059897853     
  -3.87887887887888      -1.389915162298074E-003 -0.322774381354315     
  -3.86886886886887      -1.423810454608725E-003 -0.324179485658519     
  -3.85885885885886      -1.467285264581210E-003 -0.325621338661740     
  -3.84884884884885      -1.526840272724504E-003 -0.327110911715543     
  -3.83883883883884      -1.615711138732987E-003 -0.328666465810850     
  -3.82882882882883      -1.764162894084589E-003 -0.330320164601249     
  -3.81881881881882      -2.053056596878010E-003 -0.332130191772830     
  -3.80880880880881      -2.746418398803009E-003 -0.334177351589654     
  -3.79879879879880      -4.784505527318380E-003 -0.336093640001156     
  -3.78878878878879      -7.268104176335028E-003 -0.334260331813961     
  -3.77877877877878      -4.920041867039286E-003 -0.333281521884817     
  -3.76876876876877      -3.099487932350140E-003 -0.334690212745585     
  -3.75875875875876      -2.246348793652538E-003 -0.336759739350329     
  -3.74874874874875      -1.930815995942448E-003 -0.338707911860811     
  -3.73873873873874      -1.794419782043914E-003 -0.340521083563828     
  -3.72872872872873      -1.728316161267027E-003 -0.342262231805827     
  -3.71871871871872      -1.697018759580844E-003 -0.343965988074224     
  -3.70870870870871      -1.684438940539254E-003 -0.345652372999509     
  -3.69869869869870      -1.683042800156815E-003 -0.347333980276319     
  -3.68868868868869      -1.689104675066034E-003 -0.349019104822305     
  -3.67867867867868      -1.700637013666163E-003 -0.350713640568263     
  -3.66866866866867      -1.716630360511413E-003 -0.352422231161111     
  -3.65865865865866      -1.736707749359658E-003 -0.354148925548209     
  -3.64864864864865      -1.760992525555682E-003 -0.355897668223418     
  -3.63863863863864      -1.790125593790457E-003 -0.357672749186783     
  -3.62862862862863      -1.825434635808446E-003 -0.359479330586184     
  -3.61861861861862      -1.869339365952516E-003 -0.361324200111141     
  -3.60860860860861      -1.926227253793749E-003 -0.363217005851892     
  -3.59859859859860      -2.004414132414526E-003 -0.365172474072644     
  -3.58858858858859      -2.120915841820028E-003 -0.367214641636117     
  -3.57857857857858      -2.314258842044743E-003 -0.369385403514699     
  -3.56856856856857      -2.686878334087144E-003 -0.371761141096809     
  -3.55855855855856      -3.568977786443817E-003 -0.374454624753280     
  -3.54854854854855      -6.177383197908380E-003 -0.377109865576171     
  -3.53853853853854      -1.008686730271059E-002 -0.374708468422953     
  -3.52852852852853      -6.185202360291847E-003 -0.372647787048209     
  -3.51851851851852      -3.660668400075863E-003 -0.375322060926831     
  -3.50850850850851      -2.823418314643907E-003 -0.378124477724753     
  -3.49849849849850      -2.497085492623285E-003 -0.380659915626334     
  -3.48848848848849      -2.350153760347011E-003 -0.383037307750670     
  -3.47847847847848      -2.280031468248079E-003 -0.385332327506972     
  -3.46846846846847      -2.248060468108963E-003 -0.387586876579465     
  -3.45845845845846      -2.237286891653408E-003 -0.389824957512614     
  -3.44844844844845      -2.239398577372992E-003 -0.392061219975369     
  -3.43843843843844      -2.249977544326878E-003 -0.394305210249272     
  -3.42842842842843      -2.266551105905054E-003 -0.396563568511231     
  -3.41841841841842      -2.287726535579696E-003 -0.398841243185391     
  -3.40840840840841      -2.312815791877938E-003 -0.401142230889317     
  -3.39839839839840      -2.341767809936995E-003 -0.403470114039306     
  -3.38838838838839      -2.375507686444269E-003 -0.405828587162638     
  -3.37837837837838      -2.417445241525714E-003 -0.408222088473375     
  -3.36836836836837      -2.479901596636189E-003 -0.410655055232297     
  -3.35835835835836      -2.603928702957566E-003 -0.413101576660000     
  -3.34834834834835      -2.683226708041462E-003 -0.415432006916433     
  -3.33833833833834      -2.642854638795313E-003 -0.417904410023180     
  -3.32832832832833      -2.639361839051486E-003 -0.420441240643343     
  -3.31831831831832      -2.644248035843599E-003 -0.423046771009052     
  -3.30830830830831      -2.675503090494306E-003 -0.425699234862778     
  -3.29829829829830      -2.720628223605416E-003 -0.428394711003454     
  -3.28828828828829      -2.778372660327454E-003 -0.431140536976551     
  -3.27827827827828      -2.856796275478447E-003 -0.433947796619640     
  -3.26826826826827      -2.984757986707599E-003 -0.436833081879161     
  -3.25825825825826      -3.269864759347252E-003 -0.439796766553051     
  -3.24824824824825      -3.933999347707664E-003 -0.442442338580658     
  -3.23823823823824      -3.710376742018616E-003 -0.444521618976322     
  -3.22822822822823      -3.290394028778117E-003 -0.447531917755511     
  -3.21821821821822      -3.188416417644895E-003 -0.450684885283582     
  -3.20820820820821      -3.183742886523567E-003 -0.453847754060142     
  -3.19819819819820      -3.211318820062540E-003 -0.457037815312873     
  -3.18818818818819      -3.254373345603726E-003 -0.460269044108921     
  -3.17817817817818      -3.306112020030868E-003 -0.463549634686564     
  -3.16816816816817      -3.363824656246534E-003 -0.466885700596310     
  -3.15815815815816      -3.426608960268065E-003 -0.470282209678201     
  -3.14814814814815      -3.494685552749139E-003 -0.473743861533264     
  -3.13813813813814      -3.569717384026544E-003 -0.477275875916279     
  -3.12812812812813      -3.656884413621013E-003 -0.480884955498185     
  -3.11811811811812      -3.773721982616750E-003 -0.484578929463232     
  -3.10810810810811      -3.982626515115850E-003 -0.488332246003401     
  -3.09809809809810      -4.187014440228296E-003 -0.491912926800770     
  -3.08808808808809      -4.125483718199808E-003 -0.495696021591973     
  -3.07807807807808      -4.128945048738904E-003 -0.499636456706423     
  -3.06806806806807      -4.150463527565661E-003 -0.503717572746248     
  -3.05805805805806      -4.217387489152659E-003 -0.507891733997423     
  -3.04804804804805      -4.302579079587749E-003 -0.512150620306095     
  -3.03803803803804      -4.397269411097139E-003 -0.516501606970369     
  -3.02802802802803      -4.498920989338819E-003 -0.520951404421506     
  -3.01801801801802      -4.607093867000337E-003 -0.525505836730117     
  -3.00800800800801      -4.721608841030850E-003 -0.530168881234495     
  -2.99799799799800      -4.839191798801782E-003 -0.534948002926899     
  -2.98798798798799      -4.963577806142481E-003 -0.539850901143256     
  -2.97797797797798      -5.095235602731396E-003 -0.544882284550109     
  -2.96796796796797      -5.234403272953252E-003 -0.550049009761329     
  -2.95795795795796      -5.381821599636873E-003 -0.555358785977641     
  -2.94794794794795      -5.538612847868315E-003 -0.560820255725679     
  -2.93793793793794      -5.706414093529189E-003 -0.566443345412290     
  -2.92792792792793      -5.887731334306485E-003 -0.572239835812823     
  -2.91791791791792      -6.086714021401139E-003 -0.578224343495801     
  -2.90790790790791      -6.310980885666398E-003 -0.584416113308237     
  -2.89789789789790      -6.576558868707200E-003 -0.590842268058589     
  -2.88788788788789      -6.922661380801865E-003 -0.597540465508854     
  -2.87787787787788      -7.431829217062721E-003 -0.604551589252930     
  -2.86786786786787      -8.340537226285843E-003 -0.611947971608808     
  -2.85785785785786      -1.060220983450140E-002 -0.619322336136867     
  -2.84784784784785      -1.259120367783911E-002 -0.622917008400916     
  -2.83783783783784      -9.904791689148479E-003 -0.629044035255664     
  -2.82782782782783      -8.961549584704916E-003 -0.637543608767441     
  -2.81781781781782      -8.900911440210399E-003 -0.646179925169818     
  -2.80780780780781      -9.045768543034152E-003 -0.654852835850960     
  -2.79779779779780      -9.235910272159703E-003 -0.663836066616417     
  -2.78778778778779      -9.512324558949114E-003 -0.673139761164316     
  -2.77777777777778      -9.854248456099276E-003 -0.682798398260426     
  -2.76776776776777      -1.024945757188339E-002 -0.692839493026466     
  -2.75775775775776      -1.068974075739362E-002 -0.703301290591522     
  -2.74774774774775      -1.117374285505732E-002 -0.714225439208082     
  -2.73773773773774      -1.170356973298042E-002 -0.725655711417014     
  -2.72772772772773      -1.228318506028060E-002 -0.737639306281526     
  -2.71771771771772      -1.291796960871795E-002 -0.750228186748351     
  -2.70770770770771      -1.361467046749615E-002 -0.763480364680948     
  -2.69769769769770      -1.438153189242957E-002 -0.777461273182307     
  -2.68768768768769      -1.522855358262679E-002 -0.792245343574125     
  -2.67767767767768      -1.616787365788775E-002 -0.807917898427248     
  -2.66766766766767      -1.721430042889496E-002 -0.824577487632696     
  -2.65765765765766      -1.838604039445362E-002 -0.842338829630546     
  -2.64764764764765      -1.970569904285941E-002 -0.861336577946004     
  -2.63763763763764      -2.120167412011692E-002 -0.881730223430556     
  -2.62762762762763      -2.291012976763714E-002 -0.903710582431986     
  -2.61761761761762      -2.487785481594516E-002 -0.927508541099861     
  -2.60760760760761      -2.716650854773769E-002 -0.953407080343985     
  -2.59759759759760      -2.985912108946705E-002 -0.981758190966179     
  -2.58758758758759      -3.307039549871491E-002  -1.01300727765261     
  -2.57757757757758      -3.696359969559199E-002  -1.04772933987101     
  -2.56756756756757      -4.177954185499776E-002  -1.08668575134152     
  -2.55755755755756      -4.789247384973625E-002  -1.13091397499032     
  -2.54754754754755      -5.591662696924543E-002  -1.18187891812619     
  -2.53753753753754      -6.694376733549959E-002  -1.24174386638073     
  -2.52752752752753      -8.313433992691137E-002  -1.31387303504514     
  -2.51751751751752      -0.109463122513528       -1.40373811287895     
  -2.50750750750751      -0.159997698409077       -1.51939058897071     
  -2.49749749749750      -0.276066241149587       -1.65317034758290     
  -2.48748748748749      -0.464249918814336       -1.72079971823560     
  -2.47747747747748      -0.636852217392429       -1.71527852749526     
  -2.46746746746747      -0.780908868672078       -1.68116437950902     
  -2.45745745745746      -0.904734266745101       -1.63399811264433     
  -2.44744744744745       -1.01396197470825       -1.57886992072563     
  -2.43743743743744       -1.11146021612170       -1.51789297033244     
  -2.42742742742743       -1.19894870106912       -1.45432823719222     
  -2.41741741741742       -1.28135588758951       -1.38713259714963     
  -2.40740740740741       -1.35766713724549       -1.31627525604051     
  -2.39739739739740       -1.42933107641191       -1.24068369202417     
  -2.38738738738739       -1.49549680124338       -1.16060709164319     
  -2.37737737737738       -1.55656253021296       -1.07629412335259     
  -2.36736736736737       -1.61275714849345      -0.987552534691852     
  -2.35735735735736       -1.66407016554947      -0.894022304518616     
  -2.34734734734735       -1.71030939967820      -0.795316963552034     
  -2.33733733733734       -1.75112845085053      -0.690970152826826     
  -2.32732732732733       -1.78598864720317      -0.580442825283202     
  -2.31731731731732       -1.81412123936231      -0.463119343722973     
  -2.30730730730731       -1.83446543010993      -0.338306150456212     
  -2.29729729729730       -1.84557610943292      -0.205234575197314     
  -2.28728728728729       -1.84548493851024      -6.307523826680317E-002
  -2.27727727727728       -1.83148804497674       8.902153848772164E-002
  -2.26726726726727       -1.79981239387310       0.251828068461782     
  -2.25725725725726       -1.74507143912772       0.425811073383471     
  -2.24724724724725       -1.65933533687992       0.610584892750633     
  -2.23723723723724       -1.53046558323215       0.803502384753257     
  -2.22722722722723       -1.33910160335780       0.995538391346020     
  -2.21721721721722       -1.05499359396045        1.15696750132993     
  -2.20720720720721      -0.664183565316821        1.18879228385880     
  -2.19719719719720      -0.347510308775890       0.997230738103419     
  -2.18718718718719      -0.211189803447058       0.784433778175545     
  -2.17717717717718      -0.148503836094886       0.623665530701001     
  -2.16716716716717      -0.113703999021759       0.500342742792779     
  -2.15715715715716      -9.216928565963879E-002  0.401545897838688     
  -2.14714714714715      -7.884275051396593E-002  0.319872882708193     
  -2.13713713713714      -6.991504192293158E-002  0.253762418686783     
  -2.12712712712713      -6.008119927483509E-002  0.195082419499781     
  -2.11711711711712      -5.493281346411068E-002  0.143229613366645     
  -2.10710710710711      -4.796653964356992E-002  9.884406412082926E-002
  -2.09709709709710      -4.201871043772789E-002  5.582936164116310E-002
  -2.08708708708709      -3.801054872815720E-002  1.636678865433544E-002
  -2.07707707707708      -3.494642178552665E-002 -1.984259381038826E-002
  -2.06706706706707      -3.247000582650803E-002 -5.337807144289740E-002
  -2.05705705705706      -3.041955022828793E-002 -8.469858570134814E-002
  -2.04704704704705      -2.870066580084919E-002 -0.114164309647537     
  -2.03703703703704      -2.724979271557024E-002 -0.142065152116698     
  -2.02702702702703      -2.602075454220379E-002 -0.168641351691433     
  -2.01701701701702      -2.498058503508701E-002 -0.194094057697707     
  -2.00700700700701      -2.410436278601800E-002 -0.218592015252727     
  -1.99699699699700      -2.336217341305257E-002 -0.242280681148345     
  -1.98698698698699      -2.274111963567102E-002 -0.265302566964432     
  -1.97697697697698      -2.223311911508587E-002 -0.287767397992426     
  -1.96696696696697      -2.182530759145684E-002 -0.309777690395056     
  -1.95695695695696      -2.150890274165472E-002 -0.331429384996108     
  -1.94694694694695      -2.127773202829171E-002 -0.352809760044814     
  -1.93693693693694      -2.112662359263447E-002 -0.374000674262302     
  -1.92692692692693      -2.105191750920715E-002 -0.395079935755016     
  -1.91691691691692      -2.105125717161468E-002 -0.416122120217215     
  -1.90690690690691      -2.112315933775972E-002 -0.437200256150810     
  -1.89689689689690      -2.126748554277370E-002 -0.458386515833301     
  -1.88688688688689      -2.148505657175079E-002 -0.479753340915909     
  -1.87687687687688      -2.177778043912915E-002 -0.501374538607548     
  -1.86686686686687      -2.214871720155285E-002 -0.523326368441560     
  -1.85685685685686      -2.260218823223706E-002 -0.545688728043099     
  -1.84684684684685      -2.314393965334018E-002 -0.568546472719772     
  -1.83683683683684      -2.378137211126903E-002 -0.591990925142802     
  -1.82682682682683      -2.452385774011836E-002 -0.616121646223951     
  -1.81681681681682      -2.538317928542118E-002 -0.641048546434521     
  -1.80680680680681      -2.637402014390734E-002 -0.666894415343273     
  -1.79679679679680      -2.751472782537587E-002 -0.693798546547669     
  -1.78678678678679      -2.882883105401648E-002 -0.721920470941013     
  -1.77677677677678      -3.034605195805635E-002 -0.751445429401866     
  -1.76676676676677      -3.210477013039447E-002 -0.782591720938018     
  -1.75675675675676      -3.415536759920237E-002 -0.815620343851501     
  -1.74674674674675      -3.656535997800859E-002 -0.850848570294735     
  -1.73673673673674      -3.942785464524899E-002 -0.888669384849891     
  -1.72672672672673      -4.287673932570642E-002 -0.929580218514735     
  -1.71671671671672      -4.711890456626553E-002 -0.974225446515893     
  -1.70670670670671      -5.251807547698775E-002  -1.02343476529425     
  -1.69669669669670      -5.958682048854805E-002  -1.07808595871771     
  -1.68668668668669      -6.876163920277852E-002  -1.13964891752882     
  -1.67667667667668      -8.083407172165835E-002  -1.21063873135599     
  -1.66666666666667      -9.856569093411634E-002  -1.29542043643879     
  -1.65665665665666      -0.128713274782216       -1.40018284045991     
  -1.64664664664665      -0.190283126356037       -1.53269066984032     
  -1.63663663663664      -0.331039052394881       -1.66927311638846     
  -1.62662662662663      -0.522855977601668       -1.72024497243024     
  -1.61661661661662      -0.685894006955050       -1.71000318658493     
  -1.60660660660661      -0.819150654524025       -1.67790174568569     
  -1.59659659659660      -0.931496948855183       -1.63666114790610     
  -1.58658658658659       -1.02870008014619       -1.59089155470783     
  -1.57657657657658       -1.11436773073339       -1.54263117088008     
  -1.56656656656657       -1.19087889803932       -1.49291471808671     
  -1.55655655655656       -1.25988712525224       -1.44231890225788     
  -1.54654654654655       -1.32259262997648       -1.39118628319045     
  -1.53653653653654       -1.37989736194508       -1.33972923611537     
  -1.52652652652653       -1.43249828180725       -1.28808297657296     
  -1.51651651651652       -1.48094623940905       -1.23633465402124     
  -1.50650650650651       -1.52568470036646       -1.18454026967549     
  -1.49649649649650       -1.56707612684872       -1.13273498720043     
  -1.48648648648649       -1.60542049412704       -1.08093966194799     
  -1.47647647647648       -1.64096862475259       -1.02916510628408     
  -1.46646646646647       -1.67393200449274      -0.977414945115577     
  -1.45645645645646       -1.70449014554687      -0.925687560679441     
  -1.44644644644645       -1.73279619743922      -0.873977425621784     
  -1.43643643643644       -1.75898127482691      -0.822276003627605     
  -1.42642642642643       -1.78315781762072      -0.770572317581644     
  -1.41641641641642       -1.80542218576694      -0.718853220974300     
  -1.40640640640641       -1.82585658487149      -0.667103334134225     
  -1.39639639639640       -1.84453026185359      -0.615304485066093     
  -1.38638638638639       -1.86149953625676      -0.563434239211657     
  -1.37637637637638       -1.87680501769086      -0.511462503477519     
  -1.36636636636637       -1.89045913370769      -0.459344498599912     
  -1.35635635635636       -1.90239824577277      -0.407016703712507     
  -1.34634634634635       -1.91227434157421      -0.354471958685839     
  -1.33633633633634       -1.91962112959027      -0.303263919066220     
  -1.32632632632633       -1.92834028346395      -0.252839218668963     
  -1.31631631631632       -1.93549871206643      -0.200221836703719     
  -1.30630630630631       -1.94052276432385      -0.147297808411942     
  -1.29629629629630       -1.94385036264621      -9.427405259054288E-002
  -1.28628628628629       -1.94560606696606      -4.111466969816755E-002
  -1.27627627627628       -1.94581971778072       1.221714173002618E-002
  -1.26626626626627       -1.94448802183841       6.574877956063709E-002
  -1.25625625625626       -1.94159281784111       0.119494890601843     
  -1.24624624624625       -1.93712403339205       0.173476588255771     
  -1.23623623623624       -1.93103960063202       0.227719348773165     
  -1.22622622622623       -1.92329781515651       0.282241807671721     
  -1.21621621621622       -1.91384310818326       0.337055748114113     
  -1.20620620620621       -1.90261905829998       0.392173514049387     
  -1.19619619619620       -1.88955999973276       0.447607643327428     
  -1.18618618618619       -1.87459036689978       0.503371077937701     
  -1.17617617617618       -1.85762314596698       0.559475909966347     
  -1.16616616616617       -1.83855883617999       0.615933036539998     
  -1.15615615615616       -1.81728380252930       0.672751911734770     
  -1.14614614614615       -1.79366814182143       0.729940179841203     
  -1.13613613613614       -1.76756300310846       0.787503159189920     
  -1.12612612612613       -1.73879721998495       0.845443132467570     
  -1.11611611611612       -1.70717304299152       0.903758372095850     
  -1.10610610610611       -1.67246066996425       0.962441790276761     
  -1.09609609609610       -1.63439113980747        1.02147904303258     
  -1.08608608608609       -1.59264695325026        1.08084581943023     
  -1.07607607607608       -1.54684946687212        1.14050388111198     
  -1.06606606606607       -1.49654159308444        1.20039512535845     
  -1.05605605605606       -1.44116347977933        1.26043240992569     
  -1.04604604604605       -1.38001735330447        1.32048484920955     
  -1.03603603603604       -1.31221501535799        1.38035319921361     
  -1.02602602602603       -1.23659638919731        1.43972640104854     
  -1.01601601601602       -1.15159738216683        1.49809963882353     
  -1.00600600600601       -1.05502421052055        1.55460640278682     
 -0.995995995995996      -0.943646190065268        1.60763501231165     
 -0.985985985985986      -0.812432970449459        1.65381753988209     
 -0.975975975975976      -0.653299283655917        1.68480672070127     
 -0.965965965965966      -0.457072431585251        1.67512013277144     
 -0.955955955955956      -0.262120951153442        1.56927957074880     
 -0.945945945945946      -0.160892075026071        1.41813410229934     
 -0.935935935935936      -0.115704354625474        1.29488294707980     
 -0.925925925925926      -9.102125411821750E-002   1.19739799389165     
 -0.915915915915916      -7.520532310308786E-002   1.11736359633736     
 -0.905905905905906      -6.413403032294071E-002   1.04949019346842     
 -0.895895895895896      -5.598134551700713E-002  0.990574818762193     
 -0.885885885885886      -4.961949450673292E-002  0.938601731321692     
 -0.875875875875876      -4.455085248448014E-002  0.892032193603906     
 -0.865865865865866      -4.041453185568567E-002  0.849882961721217     
 -0.855855855855856      -3.699188002071711E-002  0.811401020207454     
 -0.845845845845846      -3.410856025602246E-002  0.776012935956672     
 -0.835835835835836      -3.164546338189923E-002  0.743259198707200     
 -0.825825825825826      -2.951848736340756E-002  0.712772801234760     
 -0.815815815815816      -2.766561490579037E-002  0.684255884184747     
 -0.805805805805806      -2.603986705073820E-002  0.657462848119882     
 -0.795795795795796      -2.460495399358765E-002  0.632188304792164     
 -0.785785785785786      -2.333241111904493E-002  0.608258291241191     
 -0.775775775775776      -2.219963995974134E-002  0.585523718936075     
 -0.765765765765765      -2.118853250909732E-002  0.563855388662337     
 -0.755755755755755      -2.028448629884692E-002  0.543140123495997     
 -0.745745745745745      -1.947568942933279E-002  0.523277712156201     
 -0.735735735735735      -1.875259742634963E-002  0.504178445615882     
 -0.725725725725725      -1.810755041152035E-002  0.485761089639935     
 -0.715715715715715      -1.753449635534400E-002  0.467951175831430     
 -0.705705705705705      -1.702879789717272E-002  0.450679520367507     
 -0.695695695695695      -1.658710860152172E-002  0.433880896886005     
 -0.685685685685685      -1.620731100052704E-002  0.417492800314513     
 -0.675675675675675      -1.588851435131350E-002  0.401454243099049     
 -0.665665665665665      -1.563111553736907E-002  0.385704524744890     
 -0.655655655655655      -1.543693279054252E-002  0.370181909530781     
 -0.645645645645645      -1.530942991890167E-002  0.354822134569484     
 -0.635635635635635      -1.525405994329008E-002  0.339556648827234     
 -0.625625625625625      -1.527877374428934E-002  0.324310449399098     
 -0.615615615615615      -1.539476528097709E-002  0.308999327740365     
 -0.605605605605605      -1.561756671228832E-002  0.293526254710546     
 -0.595595595595595      -1.596867607884994E-002  0.277776500504330     
 -0.585585585585585      -1.647801889027949E-002  0.261610871259241     
 -0.575575575575575      -1.718775495619108E-002  0.244856090072396     
 -0.565565565565565      -1.815832706800122E-002  0.227290748820056     
 -0.555555555555555      -1.947838445627687E-002  0.208624203297799     
 -0.545545545545545      -2.128168851241141E-002  0.188463870870210     
 -0.535535535535535      -2.377722587290262E-002  0.166262776790147     
 -0.525525525525525      -2.730578130080582E-002  0.141232073271857     
 -0.515515515515515      -3.245333350728970E-002  0.112188595997981     
 -0.505505505505505      -4.029724115394633E-002  7.727663556148948E-002
 -0.495495495495495      -5.298831230850612E-002  3.343732572679566E-002
 -0.485485485485485      -7.533771972064213E-002 -2.468261513766317E-002
 -0.475475475475475      -0.119945075696915      -0.106640179628466     
 -0.465465465465465      -0.226907201566490      -0.225655448387772     
 -0.455455455455455      -0.525721366036928      -0.328008795181623     
 -0.445445445445445      -0.949386398119137      -2.935929248934110E-002
 -0.435435435435435      -0.913632441009715       0.529736716731142     
 -0.425425425425425      -0.499110849179254       0.777886717863313     
 -0.415415415415415      -0.218024235803876       0.676269606942231     
 -0.405405405405405      -0.115609621767370       0.561041816309493     
 -0.395395395395395      -7.246115684805340E-002  0.481902653410107     
 -0.385385385385385      -5.059104921576059E-002  0.426140206785757     
 -0.375375375375375      -3.800555330382617E-002  0.384523559021482     
 -0.365365365365365      -3.009348430011341E-002  0.351885177162064     
 -0.355355355355355      -2.478719871944418E-002  0.325255194049741     
 -0.345345345345345      -2.104866327900626E-002  0.302833811250099     
 -0.335335335335335      -1.831037408556141E-002  0.283474075958020     
 -0.325325325325325      -1.624077461297594E-002  0.266412641197436     
 -0.315315315315315      -1.463558721335086E-002  0.251122375926335     
 -0.305305305305305      -1.336335886166226E-002  0.237227643290713     
 -0.295295295295295      -1.233637641546904E-002  0.224453427947263     
 -0.285285285285285      -1.149428936278659E-002  0.212593596938204     
 -0.275275275275275      -1.079446865964781E-002  0.201490424172891     
 -0.265265265265265      -1.020611156554942E-002  0.191020987699668     
 -0.255255255255255      -9.706517081855295E-003  0.181087895325252     
 -0.245245245245245      -9.278664870089957E-003  0.171612813322736     
 -0.235235235235235      -8.909601920839963E-003  0.162531855791712     
 -0.225225225225225      -8.589344029170566E-003  0.153792236225143     
 -0.215215215215215      -8.310113897600101E-003  0.145349791657354     
 -0.205205205205205      -8.065804782211637E-003  0.137167119698935     
 -0.195195195195195      -7.851599045465379E-003  0.129212151308326     
 -0.185185185185185      -7.663696152392117E-003  0.121457035397009     
 -0.175175175175175      -7.499120942284418E-003  0.113877245898969     
 -0.165165165165165      -7.355594219770742E-003  0.106450843961279     
 -0.155155155155155      -7.231456316658129E-003  9.915784091402306E-002
 -0.145145145145145      -7.125642259082387E-003  9.197961320937244E-002
 -0.135135135135135      -7.037716739378165E-003  8.489831838666116E-002
 -0.125125125125125      -6.967991718812494E-003  7.789624889587321E-002
 -0.115115115115115      -6.917776091244241E-003  7.095503207601360E-002
 -0.105105105105105      -6.889861095020622E-003  6.405452590146572E-002
 -9.509509509509506E-002 -6.889466100419999E-003  5.717114072357760E-002
 -8.508508508508505E-002 -6.926163387201561E-003  5.027506794195562E-002
 -7.507507507507505E-002 -7.018088634876499E-003  4.332535781090417E-002
 -6.506506506506504E-002 -7.202117200393093E-003  3.626061930903588E-002
 -5.505505505505504E-002 -7.561717587449639E-003  2.898089901184643E-002
 -4.504504504504503E-002 -8.317851698854005E-003  2.131493314005252E-002
 -3.503503503503502E-002 -1.019168905981900E-002  1.304526386648950E-002
 -2.502502502502502E-002 -1.560472621076313E-002  5.410580229585038E-003
 -1.501501501501501E-002 -1.990490070136915E-002  6.126134224520369E-003
 -5.005005005005003E-003 -1.820769904975728E-002  1.996271719629245E-003
  5.005005005005003E-003 -1.822536923979685E-002 -1.700113040817597E-003
  1.501501501501501E-002 -1.998089509693173E-002 -5.943646152887934E-003
  2.502502502502502E-002 -1.590605565694369E-002 -4.946765454281393E-003
  3.503503503503502E-002 -1.030196672523364E-002 -1.249104621733990E-002
  4.504504504504503E-002 -8.361407545250501E-003 -2.079002615159643E-002
  5.505505505505504E-002 -7.583090500540766E-003 -2.847787271503024E-002
  6.506506506506504E-002 -7.214478282842985E-003 -3.577111555441428E-002
  7.507507507507505E-002 -7.026298525756505E-003 -4.284479550368177E-002
  8.508508508508505E-002 -6.932420262883187E-003 -4.980108332925706E-002
  9.509509509509506E-002 -6.894955454359073E-003 -5.670264575118963E-002
  0.105105105105105      -6.895347241962860E-003 -6.359125003590589E-002
  0.115115115115115      -6.923847946867195E-003 -7.049731162923419E-002
  0.125125125125125      -6.975181507256591E-003 -7.744494454914574E-002
  0.135135135135135      -7.046567887002345E-003 -8.445480607379358E-002
  0.145145145145145      -7.136756880810885E-003 -9.154582423864009E-002
  0.155155155155155      -7.245536267785234E-003 -9.873634216206965E-002
  0.165165165165165      -7.373483441140689E-003 -0.106044957172552     
  0.175175175175175      -7.521854604570526E-003 -0.113491210618220     
  0.185185185185185      -7.692561769428892E-003 -0.121096224809366     
  0.195195195195195      -7.888215556504298E-003 -0.128883355412352     
  0.205205205205205      -8.112227471752359E-003 -0.136878916715799     
  0.215215215215215      -8.368976147476842E-003 -0.145113037401266     
  0.225225225225225      -8.664051821791703E-003 -0.153620713703620     
  0.235235235235235      -9.004604714665113E-003 -0.162443145628939     
  0.245245245245245      -9.399838639897512E-003 -0.171629472942219     
  0.255255255255255      -9.861714888830225E-003 -0.181239076434560     
  0.265265265265265      -1.040596917868645E-002 -0.191344686208134     
  0.275275275275275      -1.105360689641628E-002 -0.202036659095660     
  0.285285285285285      -1.183314855016690E-002 -0.213428981073439     
  0.295295295295295      -1.278408576195552E-002 -0.225667869893434     
  0.305305305305305      -1.396235314130789E-002 -0.238944394434743     
  0.315315315315315      -1.544927915778438E-002 -0.253513473935584     
  0.325325325325325      -1.736679244027902E-002 -0.269723335275362     
  0.335335335335335      -1.990442577241421E-002 -0.288062737737591     
  0.345345345345345      -2.336986076910883E-002 -0.309239631219159     
  0.355355355355355      -2.828973024955958E-002 -0.334318006619583     
  0.365365365365365      -3.562695366624686E-002 -0.364967884206881     
  0.375375375375375      -4.729758056026852E-002 -0.403945642145728     
  0.385385385385385      -6.756507943477655E-002 -0.456050034012610     
  0.395395395395395      -0.107470444711346      -0.529883153683462     
  0.405405405405405      -0.201802749564943      -0.637757856021317     
  0.415415415415415      -0.463775124737990      -0.739009787220855     
  0.425425425425425      -0.872017453522153      -0.500207568287287     
  0.435435435435435      -0.879823256286725       5.692707255015084E-002
  0.445445445445445      -0.452143015832390       0.295100065308076     
  0.455455455455455      -0.197122943561541       0.184161035096915     
  0.465465465465465      -0.106499308330757       7.619666625060265E-002
  0.475475475475475      -6.788605236290397E-002  2.173028720712121E-003
  0.485485485485485      -4.826562886300696E-002 -5.070529868283433E-002
  0.495495495495495      -3.702581279980421E-002 -9.090764438844201E-002
  0.505505505505505      -3.004239990337843E-002 -0.123154341560790     
  0.515515515515515      -2.544408886798826E-002 -0.150157024825750     
  0.525525525525525      -2.228635918059407E-002 -0.173567764210294     
  0.535535535535535      -2.005199385850549E-002 -0.194443873864415     
  0.545545545545545      -1.843867089901228E-002 -0.213492713260665     
  0.555555555555555      -1.726027428861281E-002 -0.231206247319446     
  0.565565565565565      -1.639732390990724E-002 -0.247938560055563     
  0.575575575575575      -1.577045085942496E-002 -0.263952489717865     
  0.585585585585585      -1.532544353237458E-002 -0.279448788642840     
  0.595595595595595      -1.502443965478422E-002 -0.294584989596007     
  0.605605605605605      -1.484054222238941E-002 -0.309487991861676     
  0.615615615615615      -1.475442286279107E-002 -0.324262696304402     
  0.625625625625625      -1.475212105566997E-002 -0.338998088046523     
  0.635635635635635      -1.482358640551868E-002 -0.353771632910281     
  0.645645645645645      -1.496169641543753E-002 -0.368652539463113     
  0.655655655655655      -1.516158721146049E-002 -0.383704247851060     
  0.665665665665665      -1.542019614729267E-002 -0.398986388224905     
  0.675675675675675      -1.573595233453953E-002 -0.414556376665962     
  0.685685685685685      -1.610857424379244E-002 -0.430470768538021     
  0.695695695695695      -1.653894838998587E-002 -0.446786458385671     
  0.705705705705705      -1.702907309324137E-002 -0.463561796052256     
  0.715715715715715      -1.758205840265948E-002 -0.480857677126508     
  0.725725725725725      -1.820217876025148E-002 -0.498738660125248     
  0.735735735735735      -1.889497974860741E-002 -0.517274161928910     
  0.745745745745745      -1.966744501285133E-002 -0.536539786576228     
  0.755755755755755      -2.052823485472302E-002 -0.556618850895259     
  0.765765765765765      -2.148801486616415E-002 -0.577604184576222     
  0.775775775775776      -2.255990240823052E-002 -0.599600304016567     
  0.785785785785786      -2.376007244122987E-002 -0.622726091676086     
  0.795795795795796      -2.510858494528781E-002 -0.647118160807713     
  0.805805805805806      -2.663052872970413E-002 -0.672935157537455     
  0.815815815815816      -2.835762958878793E-002 -0.700363362163938     
  0.825825825825826      -3.033056182063178E-002 -0.729624122983548     
  0.835835835835836      -3.260236915702427E-002 -0.760983930924065     
  0.845845845845846      -3.524374370388233E-002 -0.794768395003241     
  0.855855855855856      -3.835176332450304E-002 -0.831382085385846     
  0.865865865865866      -4.206638401478448E-002 -0.871336365060300     
  0.875875875875876      -4.659888077739045E-002 -0.915274872828670     
  0.885885885885886      -5.222521881580169E-002 -0.964033933902587     
  0.895895895895896      -5.935505293436306E-002  -1.01872878473841     
  0.905905905905906      -6.857358752247159E-002  -1.08112681233113     
  0.915915915915916      -8.128946388555457E-002  -1.15388639569032     
  0.925925925925926      -0.100262707458188       -1.24094054047185     
  0.935935935935936      -0.132000148205041       -1.34872848217744     
  0.945945945945946      -0.195470629490265       -1.48587100061449     
  0.955955955955956      -0.341245269627694       -1.63194277651819     
  0.965965965965966      -0.549086665339239       -1.68883081157608     
  0.975975975975976      -0.727548042428909       -1.67494939291499     
  0.985985985985986      -0.872493530913426       -1.63570437793761     
  0.995995995995996      -0.993734459284703       -1.58609352208983     
   1.00600600600601       -1.09777888971735       -1.53149584972889     
   1.01601601601602       -1.18869842201128       -1.47427516008214     
   1.02602602602603       -1.26917512542401       -1.41563106045931     
   1.03603603603604       -1.34107290173377       -1.35623530113309     
   1.04604604604605       -1.40574598135821       -1.29649070853387     
   1.05605605605606       -1.46421415840900       -1.23665070805773     
   1.06606606606607       -1.51726788363664       -1.17688004241899     
   1.07607607607608       -1.56553441945675       -1.11728800999123     
   1.08608608608609       -1.60952125220564       -1.05794777875982     
   1.09609609609610       -1.64964560864431      -0.998908167756298     
   1.10610610610611       -1.68625514264847      -0.940201128097587     
   1.11611611611612       -1.71964281666267      -0.881846655489951     
   1.12612612612613       -1.75005785122818      -0.823856108545918     
   1.13613613613614       -1.77771394083062      -0.766234504306768     
   1.14614614614615       -1.80279552451717      -0.708982138152673     
   1.15615615615616       -1.82546264310416      -0.652095745469592     
   1.16616616616617       -1.84585474937223      -0.595569344429110     
   1.17617617617618       -1.86409372769189      -0.539394850391077     
   1.18618618618619       -1.88028630263731      -0.483562519903547     
   1.19619619619620       -1.89452595265357      -0.428061258528536     
   1.20620620620621       -1.90689435037906      -0.372878823514154     
   1.21621621621622       -1.91746217600076      -0.318002290757509     
   1.22622622622623       -1.92629120659044      -0.263419080105512     
   1.23623623623624       -1.93343352804184      -0.209117848901618     
   1.24624624624625       -1.93894312263116      -0.155082281323817     
   1.25625625625626       -1.94285710032468      -0.101297484771126     
   1.26626626626627       -1.94520816440239      -4.772878818196215E-002
   1.27627627627628       -1.94600180807214       5.640799961313100E-003
   1.28628628628629       -1.94524239753357       5.883582719403849E-002
   1.29629629629630       -1.94289316030313       0.111895181491762     
   1.30630630630631       -1.93878755296086       0.164842570863477     
   1.31631631631632       -1.93240670305445       0.217212263874702     
   1.32632632632633       -1.92559756283087       0.267308453179054     
   1.33633633633634       -1.91906538666151       0.319278285588122     
   1.34634634634635       -1.90998461854512       0.371763881795265     
   1.35635635635636       -1.89904957008065       0.424004824152950     
   1.36636636636637       -1.88647049788545       0.476053149073093     
   1.37637637637638       -1.87228353321494       0.527962339860499     
   1.38638638638639       -1.85647292566985       0.579769936527372     
   1.39639639639640       -1.83900145068981       0.631502480312781     
   1.40640640640641       -1.81981862835920       0.683180698863755     
   1.41641641641642       -1.79886252158113       0.734822013047975     
   1.42642642642643       -1.77605954766392       0.786441630644777     
   1.43643643643644       -1.75132340846574       0.838052965375456     
   1.44644644644645       -1.72455343626898       0.889667678615341     
   1.45645645645646       -1.69563239220849       0.941295461328774     
   1.46646646646647       -1.66442363890579       0.992943584667382     
   1.47647647647648       -1.63076752918253        1.04461619348210     
   1.48648648648649       -1.59447676793368        1.09631327027379     
   1.49649649649650       -1.55533039084529        1.14802914096140     
   1.50650650650651       -1.51306583654250        1.19975031142958     
   1.51651651651652       -1.46736833035165        1.25145229005814     
   1.52652652652653       -1.41785638380357        1.30309482109464     
   1.53653653653654       -1.36406152795018        1.35461453749710     
   1.54654654654655       -1.30539921980081        1.40591325238224     
   1.55655655655656       -1.24112575292723        1.45683852649193     
   1.56656656656657       -1.17027205984236        1.50714977101472     
   1.57657657657658       -1.09153754732747        1.55645535555205     
   1.58658658658659       -1.00311111374715        1.60408646227462     
   1.59659659659660      -0.902352282034044        1.64881725404715     
   1.60660660660661      -0.785195665645968        1.68815543096790     
   1.61661661661662      -0.645088464911947        1.71619190549660     
   1.62662662662663      -0.472842010775489        1.71564143290340     
   1.63663663663664      -0.283414379040477        1.63847907388593     
   1.64664664664665      -0.168566098364691        1.49489236262384     
   1.65665665665666      -0.118945434705396        1.37052952727865     
   1.66666666666667      -9.311005098300512E-002   1.27207803130409     
   1.67667667667668      -7.699790911262698E-002   1.19171429425850     
   1.68668668668669      -6.561371074880340E-002   1.12327654817409     
   1.69669669669670      -5.748224546863542E-002   1.06358646520962     
   1.70670670670671      -5.096031409138219E-002   1.01076680321597     
   1.71671671671672      -4.586538410614869E-002  0.962941624052142     
   1.72672672672673      -4.184731082379289E-002  0.919412170911484     
   1.73673673673674      -3.856692889071052E-002  0.879428151057190     
   1.74674674674675      -3.583409814615612E-002  0.842390607537992     
   1.75675675675676      -3.352610808315332E-002  0.807833494266445     
   1.76676676676677      -3.155728682771505E-002  0.775386558923368     
   1.77677677677678      -2.986517790301753E-002  0.744749452442675     
   1.78678678678679      -2.840296308138055E-002  0.715674046505055     
   1.79679679679680      -2.713481910312901E-002  0.687952058513185     
   1.80680680680681      -2.603289220670616E-002  0.661406139959723     
   1.81681681681682      -2.507504239502549E-002  0.635883074013658     
   1.82682682682683      -2.424400568983909E-002  0.611248685971048     
   1.83683683683684      -2.352592316128594E-002  0.587384408183889     
   1.84684684684685      -2.290965513127128E-002  0.564183830618874     
   1.85685685685686      -2.238633845499051E-002  0.541550330590497     
   1.86686686686687      -2.194897840049134E-002  0.519395076901366     
   1.87687687687688      -2.159215474819331E-002  0.497635347710542     
   1.88688688688689      -2.131180912096855E-002  0.476193090294883     
   1.89689689689690      -2.110509449564711E-002  0.454993656665046     
   1.90690690690691      -2.097027651074781E-002  0.433964663710054     
   1.91691691691692      -2.090666146388716E-002  0.413034956072958     
   1.92692692692693      -2.091450137005536E-002  0.392133420131995     
   1.93693693693694      -2.099540679953087E-002  0.371188229577719     
   1.94694694694695      -2.115173433316115E-002  0.350125678434407     
   1.95695695695696      -2.138723419220773E-002  0.328868901114551     
   1.96696696696697      -2.170712676229515E-002  0.307336960428858     
   1.97697697697698      -2.211748861291566E-002  0.285443450517635     
   1.98698698698699      -2.262724792674006E-002  0.263093195996824     
   1.99699699699700      -2.324931693768556E-002  0.240184865412058     
   2.00700700700701      -2.399085336025038E-002  0.216609348898596     
   2.01701701701702      -2.486616172225395E-002  0.192224577396163     
   2.02702702702703      -2.590447725250209E-002  0.166886822369024     
   2.03703703703704      -2.713076646117095E-002  0.140427586792945     
   2.04704704704705      -2.857943060915394E-002  0.112646343798661     
   2.05705705705706      -3.029773843588980E-002  8.330395761255584E-002
   2.06706706706707      -3.235175607898995E-002  5.210930810171315E-002
   2.07707707707708      -3.484739398711709E-002  1.869591408441340E-002
   2.08708708708709      -3.798539103941054E-002 -1.740331430501098E-002
   2.09709709709710      -4.227352088595566E-002 -5.673843054214591E-002
   2.10710710710711      -4.894844743342636E-002 -9.887021257313175E-002
   2.11711711711712      -5.479120169434189E-002 -0.142358586942622     
   2.12712712712713      -6.009159369940267E-002 -0.192391931490866     
   2.13713713713714      -6.595552078736143E-002 -0.251369811146872     
   2.14714714714715      -7.587913134093696E-002 -0.320395003462253     
   2.15715715715716      -9.049228079969732E-002 -0.401331049157303     
   2.16716716716717      -0.112106234148599      -0.498868062907226     
   2.17717717717718      -0.146310708109438      -0.620625302562332     
   2.18718718718719      -0.207284821175976      -0.779210415649350     
   2.19719719719720      -0.338547035738226      -0.989624124527646     
   2.20720720720721      -0.646297888625506       -1.18671032914957     
   2.21721721721722       -1.03909519657691       -1.16434035084783     
   2.22722722722723       -1.32767684209004       -1.00617825302954     
   2.23723723723724       -1.52235286371455      -0.815120778665984     
   2.24724724724725       -1.65365205491628      -0.622403846563449     
   2.25725725725726       -1.74124851574094      -0.437511523382673     
   2.26726726726727       -1.79746782846781      -0.263263245508657     
   2.27727727727728       -1.83035279161902      -0.100121235446101     
   2.28728728728729       -1.84536224825734       5.234315214646730E-002
   2.29729729729730       -1.84631817458950       0.194881895786832     
   2.30730730730731       -1.83595921038534       0.328333392387180     
   2.31731731731732       -1.81627943735098       0.453520717469799     
   2.32732732732733       -1.78874376289622       0.571209140051552     
   2.33733733733734       -1.75442878610075       0.682090606960862     
   2.34734734734735       -1.71411637746299       0.786780361974647     
   2.35735735735736       -1.66835635482782       0.885817958165578     
   2.36736736736737       -1.61750562925283       0.979671310172520     
   2.37737737737738       -1.56176141236470        1.06872758909911     
   2.38738738738739       -1.50115363199413        1.15334507840041     
   2.39739739739740       -1.43545805782107        1.23373012659040     
   2.40740740740741       -1.36426030993224        1.30964997249558     
   2.41741741741742       -1.28841949696554        1.38066514403079     
   2.42742742742743       -1.20678488147606        1.44814746736489     
   2.43743743743744       -1.12015668695683        1.51212610067992     
   2.44744744744745       -1.02346852480323        1.57371210459708     
   2.45745745745746      -0.915261245040877        1.62934818676671     
   2.46746746746747      -0.792939356850931        1.67731066906517     
   2.47747747747748      -0.651048731502196        1.71297201611421     
   2.48748748748749      -0.481306311173220        1.72235780302381     
   2.49749749749750      -0.291574538281475        1.66351303131489     
   2.50750750750751      -0.166933302684283        1.53131198824174     
   2.51751751751752      -0.112724211939725        1.41297899858508     
   2.52752752752753      -8.500899974126486E-002   1.32111222958433     
   2.53753753753754      -6.816818009608859E-002   1.24762505520438     
   2.54754754754755      -5.678337465322783E-002   1.18679680517674     
   2.55755755755756      -4.854026164619692E-002   1.13511591150483     
   2.56756756756757      -4.228289988477547E-002   1.09033536230074     
   2.57757757757758      -3.736597054249555E-002   1.05094019985263     
   2.58758758758759      -3.339951844657581E-002   1.01586105131700     
   2.59759759759760      -3.013328130627381E-002  0.984316248537940     
   2.60760760760761      -2.739825805706036E-002  0.955716339750325     
   2.61761761761762      -2.507617725518239E-002  0.929605750539169     
   2.62762762762763      -2.308163041603673E-002  0.905625077098713     
   2.63763763763764      -2.135132372574603E-002  0.883485793252942     
   2.64764764764765      -1.983731454354697E-002  0.862952777656360     
   2.65765765765766      -1.850260495103581E-002  0.843831920569051     
   2.66766766766767      -1.731818243630895E-002  0.825961128959617     
   2.67767767767768      -1.626098044446661E-002  0.809203663464875     
   2.68768768768769      -1.531244185997297E-002  0.793443111269236     
   2.69769769769770      -1.445748904674806E-002  0.778579528366655     
   2.70770770770771      -1.368377604992252E-002  0.764526430117172     
   2.71771771771772      -1.298114363569240E-002  0.751208402657129     
   2.72772772772773      -1.234122853847926E-002  0.738559167830802     
   2.73773773773774      -1.175720410555876E-002  0.726519971763632     
   2.74774774774775      -1.122365413769831E-002  0.715038201048705     
   2.75775775775776      -1.073651782243228E-002  0.704066053109112     
   2.76776776776777      -1.029370756179455E-002  0.693558973038945     
   2.77777777777778      -9.896540391262056E-003  0.683474350173205     
   2.78778778778779      -9.554926974836880E-003  0.673771117197599     
   2.79779779779780      -9.287884572701481E-003  0.664426314741575     
   2.80780780780781      -9.092374536296417E-003  0.655413437332949     
   2.81781781781782      -8.962466532933465E-003  0.646661357371936     
   2.82782782782783      -9.105271205251321E-003  0.637956215878967     
   2.83783783783784      -1.029471265284608E-002  0.629480003053308     
   2.84784784784785      -1.283563059310102E-002  0.624022132800647     
   2.85785785785786      -1.037336559232148E-002  0.619916201622768     
   2.86786786786787      -8.251265238831578E-003  0.612427465231992     
   2.87787787787788      -7.375270255243832E-003  0.604976503516932     
   2.88788788788789      -6.904075367266202E-003  0.597933555215438     
   2.89789789789790      -6.578733239138330E-003  0.591226520718455     
   2.90790790790791      -6.319902899535259E-003  0.584791195527086     
   2.91791791791792      -6.097976548737211E-003  0.578588210658252     
   2.92792792792793      -5.899743046528438E-003  0.572591625357437     
   2.93793793793794      -5.718509964905766E-003  0.566782882008102     
   2.94794794794795      -5.550491060633597E-003  0.561147706957534     
   2.95795795795796      -5.393342337535001E-003  0.555674487004917     
   2.96796796796797      -5.245507526247165E-003  0.550353373409070     
   2.97797797797798      -5.105913738034596E-003  0.545175752881333     
   2.98798798798799      -4.973877487860386E-003  0.540133924200695     
   2.99799799799800      -4.849291466419044E-003  0.535221156767559     
   3.00800800800801      -4.730940685838436E-003  0.530433102154346     
   3.01801801801802      -4.615785651692233E-003  0.525760479451980     
   3.02802802802803      -4.507344163122456E-003  0.521197311731102     
   3.03803803803804      -4.405343409076501E-003  0.516739235480432     
   3.04804804804805      -4.310284568814814E-003  0.512380343415148     
   3.05805805805806      -4.224694933900757E-003  0.508113913726444     
   3.06806806806807      -4.157237288670245E-003  0.503932539743800     
   3.07807807807808      -4.134848311342951E-003  0.499844059471047     
   3.08808808808809      -4.131120845386685E-003  0.495896293381393     
   3.09809809809810      -4.193780875874798E-003  0.492102330951670     
   3.10810810810811      -3.994456558855455E-003  0.488522274382482     
   3.11811811811812      -3.781469129951983E-003  0.484764821317985     
   3.12812812812813      -3.663106479819185E-003  0.481064751996343     
   3.13813813813814      -3.575262400936395E-003  0.477449982896583     
   3.14814814814815      -3.499799646018944E-003  0.473912693999463     
   3.15815815815816      -3.431373357161177E-003  0.470446116913263     
   3.16816816816817      -3.368259499702142E-003  0.467045005043694     
   3.17817817817818      -3.310208691674222E-003  0.463704667186942     
   3.18818818818819      -3.258140101430636E-003  0.460420212511174     
   3.19819819819820      -3.214776565103171E-003  0.457186119811937     
   3.20820820820821      -3.184635108625144E-003  0.453994427642257     
   3.21821821821822      -3.185616234539574E-003  0.450829370253885     
   3.22822822822823      -3.277336664176049E-003  0.447676011343616     
   3.23823823823824      -3.667067344589911E-003  0.444642810965760     
   3.24824824824825      -3.950657257922887E-003  0.442513812424875     
   3.25825825825826      -3.288856965432556E-003  0.439911742668881     
   3.26826826826827      -2.992998778436774E-003  0.436947008643713     
   3.27827827827828      -2.862338053134863E-003  0.434056875659208     
   3.28828828828829      -2.783385344116400E-003  0.431244897794715     
   3.29829829829830      -2.726062902386072E-003  0.428494252897854     
   3.30830830830831      -2.682615402364262E-003  0.425793473105019     
   3.31831831831832      -2.656302311731458E-003  0.423135728605156     
   3.32832832832833      -2.659655340616340E-003  0.420532935590493     
   3.33833833833834      -2.666628245146681E-003  0.417995011315116     
   3.34834834834835      -2.708151852899034E-003  0.415567790230783     
   3.35835835835836      -2.572326591937210E-003  0.413191264853545     
   3.36836836836837      -2.472477488600903E-003  0.410723352206107     
   3.37837837837838      -2.418638317538707E-003  0.408287354800768     
   3.38838838838839      -2.380000141206851E-003  0.405889829807848     
   3.39839839839840      -2.348346558124097E-003  0.403525599039870     
   3.40840840840841      -2.321417516376463E-003  0.401190211462081     
   3.41841841841842      -2.298817787001107E-003  0.398879656702705     
   3.42842842842843      -2.281075077500677E-003  0.396589679233313     
   3.43843843843844      -2.269548436077401E-003  0.394315135397549     
   3.44844844844845      -2.266776827373286E-003  0.392049178930077     
   3.45845845845846      -2.277398724456395E-003  0.389781960019793     
   3.46846846846847      -2.310294446327174E-003  0.387498274603351     
   3.47847847847848      -2.383928976029804E-003  0.385172992415189     
   3.48848848848849      -2.541447471174992E-003  0.382761862139856     
   3.49849849849850      -2.901094587603878E-003  0.380185347474495     
   3.50850850850851      -3.859296737476077E-003  0.377346703080839     
   3.51851851851852      -6.760589975848183E-003  0.374967229212587     
   3.52852852852853      -9.502404581144604E-003  0.378081138516146     
   3.53853853853854      -5.265388093707224E-003  0.378793524023964     
   3.54854854854855      -3.273943189197280E-003  0.376012525930398     
   3.55855855855856      -2.577794774258352E-003  0.373401518137038     
   3.56856856856857      -2.269294589654517E-003  0.371073877801439     
   3.57857857857858      -2.103144719763474E-003  0.368924697538898     
   3.58858858858859      -2.000016279009421E-003  0.366889658079526     
   3.59859859859860      -1.928959305267021E-003  0.364933186883686     
   3.60860860860861      -1.876063986173820E-003  0.363034679895456     
   3.61861861861862      -1.834397435566305E-003  0.361181410438260     
   3.62862862862863      -1.800197603313548E-003  0.359364967254766     
   3.63863863863864      -1.771389673279912E-003  0.357579365023164     
   3.64864864864865      -1.746798168103566E-003  0.355820112756563     
   3.65865865865866      -1.725792740912839E-003  0.354083508778485     
   3.66866866866867      -1.708151525811174E-003  0.352366229858499     
   3.67867867867868      -1.694011314001712E-003  0.350664994045120     
   3.68868868868869      -1.683912641389926E-003  0.348976221856001     
   3.69869869869870      -1.678962906878776E-003  0.347295619359317     
   3.70870870870871      -1.681174338026978E-003  0.345617564019853     
   3.71871871871872      -1.694281782854299E-003  0.343933993213303     
   3.72872872872873      -1.725620566902093E-003  0.342232610680298     
   3.73873873873874      -1.790910092458874E-003  0.340493276788804     
   3.74874874874875      -1.929055439348538E-003  0.338682854017816     
   3.75875875875876      -2.237941713604075E-003  0.336761795689429     
   3.76876876876877      -2.988632836734707E-003  0.334722541193082     
   3.77877877877878      -4.639537739957922E-003  0.333012153398543     
   3.78878878878879      -7.569418241491635E-003  0.333696125213793     
   3.79879879879880      -5.236716038045604E-003  0.336207130112227     
   3.80880880880881      -2.905106140413343E-003  0.334359337730198     
   3.81881881881882      -2.118039519731201E-003  0.332262502838019     
   3.82882882882883      -1.796823108793286E-003  0.330418216308723     
   3.83883883883884      -1.634614153960928E-003  0.328743436085253     
   3.84884884884885      -1.538894459206182E-003  0.327174287296488     
   3.85885885885886      -1.475527174189786E-003  0.325675443150416     
   3.86886886886887      -1.429749404715165E-003  0.324226954578375     
   3.87887887887888      -1.394373927218107E-003  0.322816907335122     
   3.88888888888889      -1.365571373091947E-003  0.321437779747009     
   3.89889889889890      -1.341152385874122E-003  0.320084582726328     
   3.90890890890891      -1.319793107505143E-003  0.318753860564632     
   3.91891891891892      -1.300657596923661E-003  0.317443125975517     
   3.92892892892893      -1.283205984597918E-003  0.316150525366844     
   3.93893893893894      -1.267112238645048E-003  0.314874642002217     
   3.94894894894895      -1.252230285892412E-003  0.313614512013845     
   3.95895895895896      -1.237969507287063E-003  0.312369554206740     
   3.96896896896897      -1.223993616068999E-003  0.311138244757988     
   3.97897897897898      -1.210877858889504E-003  0.309920271588985     
   3.98898898898899      -1.198056378396788E-003  0.308715209783939     
   3.99899899899900      -1.185739415832677E-003  0.307522379153693     
   4.00900900900901      -1.173880320830663E-003  0.306341558284425     
   4.01901901901902      -1.162387946205225E-003  0.305172396810214     
   4.02902902902903      -1.151215634469175E-003  0.304014563453375     
   4.03903903903904      -1.140332568751705E-003  0.302867757786132     
   4.04904904904905      -1.129715661118293E-003  0.301731704378560     
   4.05905905905906      -1.119346869828726E-003  0.300606147662564     
   4.06906906906907      -1.109212081258675E-003  0.299490847857431     
   4.07907907907908      -1.099300674921944E-003  0.298385577486532     
   4.08908908908909      -1.089605594626201E-003  0.297290118067261     
   4.09909909909910      -1.080124037243590E-003  0.296204256525357     
   4.10910910910911      -1.070859187787771E-003  0.295127780687550     
   4.11911911911912      -1.061824104662802E-003  0.294060472719230     
   4.12912912912913      -1.053050717253056E-003  0.293002098304484     
   4.13913913913914      -1.044613020738012E-003  0.291952387403494     
   4.14914914914915      -1.036697583973730E-003  0.290911004863206     
   4.15915915915916      -1.029812584378527E-003  0.289877617067991     
   4.16916916916917      -1.024577741321507E-003  0.288852054182295     
   4.17917917917918      -1.024416878679705E-003  0.287834107168576     
   4.18918918918919      -1.030616759368969E-003  0.286831944189721     
   4.19919919919920      -1.034409665824116E-003  0.285858116413717     
   4.20920920920921      -1.005049433854003E-003  0.284883976233464     
   4.21921921921922      -9.857227429190211E-004  0.283897217998120     
   4.22922922922923      -9.745373601587528E-004  0.282919013195376     
   4.23923923923924      -9.650941658577590E-004  0.281950175001474     
   4.24924924924925      -9.566772703145074E-004  0.280989353585230     
   4.25925925925926      -9.486700857131832E-004  0.280036277364918     
   4.26926926926927      -9.411511428775204E-004  0.279090615547439     
   4.27927927927928      -9.339659254719873E-004  0.278152239190163     
   4.28928928928929      -9.270441830344517E-004  0.277220909561951     
   4.29929929929930      -9.203824765741190E-004  0.276296386164532     
   4.30930930930931      -9.140214173809100E-004  0.275378408388836     
   4.31931931931932      -9.080605818193855E-004  0.274466659209034     
   4.32932932932933      -9.027158262299391E-004  0.273560704852287     
   4.33933933933934      -8.984841844508825E-004  0.272659879868626     
   4.34934934934935      -8.966743683868962E-004  0.271763072106466     
   4.35935935935936      -9.014588563403279E-004  0.270868630968596     
   4.36936936936937      -9.283470749995614E-004  0.269980087622513     
   4.37937937937938      -9.789095612345638E-004  0.269163163319124     
   4.38938938938939      -9.182463810093591E-004  0.268354774513915     
   4.39939939939940      -8.791152676854041E-004  0.267483832843056     
   4.40940940940941      -8.632271288694603E-004  0.266617837552078     
   4.41941941941942      -8.554040911819686E-004  0.265760378075315     
   4.42942942942943      -8.540415409020289E-004  0.264909750060481     
   4.43943943943944      -8.625254738466826E-004  0.264071696481348     
   4.44944944944945      -8.655017096642631E-004  0.263259421995704     
   4.45945945945946      -8.469344176517391E-004  0.262445562806915     
   4.46946946946947      -8.303463215528182E-004  0.261623989711955     
   4.47947947947948      -8.195394450341973E-004  0.260802850501706     
   4.48948948948949      -8.128246105519630E-004  0.259987014298707     
   4.49949949949950      -8.077783094632257E-004  0.259176418851336     
   4.50950950950951      -8.037289051582663E-004  0.258370236196109     
   4.51951951951952      -8.005651548810565E-004  0.257567673305324     
   4.52952952952953      -7.984206346428722E-004  0.256767865450784     
   4.53953953953954      -7.976433541656062E-004  0.255969723014030     
   4.54954954954955      -7.989002560599684E-004  0.255171725038673     
   4.55955955955956      -8.034703415351391E-004  0.254371574414969     
   4.56956956956957      -8.140028822492886E-004  0.253565551265163     
   4.57957957957958      -8.367279522808219E-004  0.252747268821531     
   4.58958958958959      -8.892104437298937E-004  0.251905990800308     
   4.59959959959960      -1.032094723726590E-003  0.251037731696533     
   4.60960960960961      -1.374096374770975E-003  0.250337437777710     
   4.61961961961962      -1.387417667740005E-003  0.249824484391343     
   4.62962962962963      -1.622953387676882E-003  0.249090673370146     
   4.63963963963964      -1.913674678258590E-003  0.248923049378366     
   4.64964964964965      -1.340811938903995E-003  0.248656151360910     
   4.65965965965966      -9.811900242516290E-004  0.247789960528791     
   4.66966966966967      -8.578250110974795E-004  0.246932296423256     
   4.67967967967968      -8.109769319267915E-004  0.246130439737890     
   4.68968968968969      -7.807153452933012E-004  0.245370668897300     
   4.69969969969970      -7.522841451308381E-004  0.244622355374662     
   4.70970970970971      -7.351836282812033E-004  0.243882648157349     
   4.71971971971972      -7.241640287734776E-004  0.243154029000478     
   4.72972972972973      -7.161609973068511E-004  0.242434117751396     
   4.73973973973974      -7.100229694869501E-004  0.241720965686957     
   4.74974974974975      -7.052486243037850E-004  0.241013135651031     
   4.75975975975976      -7.016282521688465E-004  0.240309459748070     
   4.76976976976977      -6.991312158380088E-004  0.239608864945325     
   4.77977977977978      -6.978824260247167E-004  0.238910233350144     
   4.78978978978979      -6.981962261175247E-004  0.238212254914475     
   4.79979979979980      -7.006840783647775E-004  0.237513226507637     
   4.80980980980981      -7.065111542245203E-004  0.236810726586752     
   4.81981981981982      -7.180327399872205E-004  0.236101058062833     
   4.82982982982983      -7.402514013365262E-004  0.235378538758395     
   4.83983983983984      -7.839650439605433E-004  0.234632651905166     
   4.84984984984985      -8.816318191606744E-004  0.233845645735475     
   4.85985985985986      -1.148901384960116E-003  0.233004897103363     
   4.86986986986987      -1.882023059375048E-003  0.232470341218603     
   4.87987987987988      -1.974853022190191E-003  0.232847868931990     
   4.88988988988989      -1.289942710111927E-003  0.232549969742511     
   4.89989989989990      -9.238920729356846E-004  0.231732756406627     
   4.90990990990991      -7.966492935833011E-004  0.230932956495351     
   4.91991991991992      -7.441561917530083E-004  0.230181037461164     
   4.92992992992993      -7.202745857717379E-004  0.229456300216026     
   4.93993993993994      -7.104701447033040E-004  0.228744762462527     
   4.94994994994995      -7.096119286967883E-004  0.228037309331346     
   4.95995995995996      -7.162033116436141E-004  0.227326814731838     
   4.96996996996997      -7.307608279834225E-004  0.226606318281590     
   4.97997997997998      -7.556387305908675E-004  0.225867549575631     
   4.98998998998999      -7.958280702059714E-004  0.225099158177470     
   5.00000000000000      -8.612573492573563E-004  0.224283877393021     
