  -5.00000000000000      -4.704367912917208E-004 -0.210977323943040     
  -4.98998998998999      -4.726561791676558E-004 -0.211449323724155     
  -4.97997997997998      -4.748933889529183E-004 -0.211923562691532     
  -4.96996996996997      -4.771502822294475E-004 -0.212400052913425     
  -4.95995995995996      -4.794268221218246E-004 -0.212878811323377     
  -4.94994994994995      -4.817274083871533E-004 -0.213359854634982     
  -4.93993993993994      -4.840574811947124E-004 -0.213843182499972     
  -4.92992992992993      -4.863715570389924E-004 -0.214328812145756     
  -4.91991991991992      -4.886973399087185E-004 -0.214816808549656     
  -4.90990990990991      -4.910525510597902E-004 -0.215307162995360     
  -4.89989989989990      -4.934294800216902E-004 -0.215799888277103     
  -4.88988988988989      -4.958259202141160E-004 -0.216295003110999     
  -4.87987987987988      -4.982413839202362E-004 -0.216792526386862     
  -4.86986986986987      -5.006758600783644E-004 -0.217292477019437     
  -4.85985985985986      -5.031295306660338E-004 -0.217794874064053     
  -4.84984984984985      -5.056027426548959E-004 -0.218299736815784     
  -4.83983983983984      -5.080961776283486E-004 -0.218807084915380     
  -4.82982982982983      -5.106116286860486E-004 -0.219316938340621     
  -4.81981981981982      -5.131547264199395E-004 -0.219829314477866     
  -4.80980980980981      -5.157204964311498E-004 -0.220344214859699     
  -4.79979979979980      -5.182790798462338E-004 -0.220861678759060     
  -4.78978978978979      -5.208611969291625E-004 -0.221381748581735     
  -4.77977977977978      -5.234743096214459E-004 -0.221904426586444     
  -4.76976976976977      -5.261171818490384E-004 -0.222429733264456     
  -4.75975975975976      -5.288028098932516E-004 -0.222957690734136     
  -4.74974974974975      -5.315655103123824E-004 -0.223488274097779     
  -4.73973973973974      -5.342524212384128E-004 -0.224021432891134     
  -4.72972972972973      -5.368884688623435E-004 -0.224557425475003     
  -4.71971971971972      -5.396009859218207E-004 -0.225096181056903     
  -4.70970970970971      -5.423555512795168E-004 -0.225637686226643     
  -4.69969969969970      -5.451413916190958E-004 -0.226181966091166     
  -4.68968968968969      -5.479598134377598E-004 -0.226729047702148     
  -4.67967967967968      -5.508264087587837E-004 -0.227278954996386     
  -4.66966966966967      -5.537712557745492E-004 -0.227831655707405     
  -4.65965965965966      -5.566413630440218E-004 -0.228387121209828     
  -4.64964964964965      -5.594537576767314E-004 -0.228945592212667     
  -4.63963963963964      -5.623464778167088E-004 -0.229507020854653     
  -4.62962962962963      -5.652870238017033E-004 -0.230071385213504     
  -4.61961961961962      -5.682641359265405E-004 -0.230638711321854     
  -4.60960960960961      -5.712838769787583E-004 -0.231209018688628     
  -4.59959959959960      -5.743191207787393E-004 -0.231782309392039     
  -4.58958958958959      -5.773640344733326E-004 -0.232358645818140     
  -4.57957957957958      -5.804155504846972E-004 -0.232938062285391     
  -4.56956956956957      -5.835071392251680E-004 -0.233520586969134     
  -4.55955955955956      -5.866330399336894E-004 -0.234106229567844     
  -4.54954954954955      -5.897886741744876E-004 -0.234695017100900     
  -4.53953953953954      -5.929731593856182E-004 -0.235286977959629     
  -4.52952952952953      -5.961867343597116E-004 -0.235882140807831     
  -4.51951951951952      -5.994303453627538E-004 -0.236480534869103     
  -4.50950950950951      -6.027062361191808E-004 -0.237082190311401     
  -4.49949949949950      -6.060209271349573E-004 -0.237687137946971     
  -4.48948948948949      -6.093925343832666E-004 -0.238295394937643     
  -4.47947947947948      -6.127798679195888E-004 -0.238906955688503     
  -4.46946946946947      -6.162029836532931E-004 -0.239521898978541     
  -4.45945945945946      -6.195830810519806E-004 -0.240140231985067     
  -4.44944944944945      -6.230122882064663E-004 -0.240762093786763     
  -4.43943943943944      -6.265227077972440E-004 -0.241387451944056     
  -4.42942942942943      -6.301271895309415E-004 -0.242016347232089     
  -4.41941941941942      -6.339291286581589E-004 -0.242648792594787     
  -4.40940940940941      -6.378794994141245E-004 -0.243284492443259     
  -4.39939939939940      -6.417049852399712E-004 -0.243923825172698     
  -4.38938938938939      -6.452985739068898E-004 -0.244566578254931     
  -4.37937937937938      -6.489607989146874E-004 -0.245213751471686     
  -4.36936936936937      -6.536031088504346E-004 -0.245864892500989     
  -4.35935935935936      -6.602171346288149E-004 -0.246518422560518     
  -4.34934934934935      -6.638281773450533E-004 -0.247171797095152     
  -4.33933933933934      -6.647678946244397E-004 -0.247832985143768     
  -4.32932932932933      -6.675876098548150E-004 -0.248499149478814     
  -4.31931931931932      -6.711186413775867E-004 -0.249168985108483     
  -4.30930930930931      -6.749432068065108E-004 -0.249842582706261     
  -4.29929929929930      -6.790400820864730E-004 -0.250520058660025     
  -4.28928928928929      -6.836317801672775E-004 -0.251201178739637     
  -4.27927927927928      -6.877535707985917E-004 -0.251885363438759     
  -4.26926926926927      -6.910848566818370E-004 -0.252574287533420     
  -4.25925925925926      -6.948643646537587E-004 -0.253267719601884     
  -4.24924924924925      -6.988853446362211E-004 -0.253965225190461     
  -4.23923923923924      -7.030110764602224E-004 -0.254666841081557     
  -4.22922922922923      -7.072042350537523E-004 -0.255372629397499     
  -4.21921921921922      -7.114536964992269E-004 -0.256082645605849     
  -4.20920920920921      -7.157579499502305E-004 -0.256796941891604     
  -4.19919919919920      -7.201245437010902E-004 -0.257515570175663     
  -4.18918918918919      -7.245859961998713E-004 -0.258238573633921     
  -4.17917917917918      -7.291615656708971E-004 -0.258965875920456     
  -4.16916916916917      -7.335979464770618E-004 -0.259697633734918     
  -4.15915915915916      -7.382434372480913E-004 -0.260434004412138     
  -4.14914914914915      -7.428773413188402E-004 -0.261174618775223     
  -4.13913913913914      -7.473064847544015E-004 -0.261920106176424     
  -4.12912912912913      -7.519751613724145E-004 -0.262670385513361     
  -4.11911911911912      -7.568933026082169E-004 -0.263425389130040     
  -4.10910910910911      -7.622084156271475E-004 -0.264184838351011     
  -4.09909909909910      -7.669578118037877E-004 -0.264948708792695     
  -4.08908908908909      -7.720143378962109E-004 -0.265717888566756     
  -4.07907907907908      -7.767623180844594E-004 -0.266491410041562     
  -4.06906906906907      -7.813443020415811E-004 -0.267270669963106     
  -4.05905905905906      -7.863822525815484E-004 -0.268055149239932     
  -4.04904904904905      -7.917596576736066E-004 -0.268844838588457     
  -4.03903903903904      -7.977058442199932E-004 -0.269639954591269     
  -4.02902902902903      -8.052672463047368E-004 -0.270440530343037     
  -4.01901901901902      -8.161495866926992E-004 -0.271242955834365     
  -4.00900900900901      -8.208256319946181E-004 -0.272044691504228     
  -3.99899899899900      -8.207920660461176E-004 -0.272858705560008     
  -3.98898898898899      -8.242678612093394E-004 -0.273680635493821     
  -3.97897897897898      -8.292815153874458E-004 -0.274507773056736     
  -3.96896896896897      -8.352477310022568E-004 -0.275340287342193     
  -3.95895895895896      -8.428359679091783E-004 -0.276177608362098     
  -3.94894894894895      -8.492295051484542E-004 -0.277017786356851     
  -3.93893893893894      -8.552020629750294E-004 -0.277865008626408     
  -3.92892892892893      -8.592314775574626E-004 -0.278716773052266     
  -3.91891891891892      -8.633694949992108E-004 -0.279577229277786     
  -3.90890890890891      -8.688338275513241E-004 -0.280443790299532     
  -3.89889889889890      -8.749724681211211E-004 -0.281316230763931     
  -3.88888888888889      -8.820594609559346E-004 -0.282194402019589     
  -3.87887887887888      -8.887885187992795E-004 -0.283076763695872     
  -3.86886886886887      -8.939150143016559E-004 -0.283966872227123     
  -3.85885885885886      -9.003455438441724E-004 -0.284864170972524     
  -3.84884884884885      -9.083003961943536E-004 -0.285767371499157     
  -3.83883883883884      -9.151803217928539E-004 -0.286674593595314     
  -3.82882882882883      -9.204629247983443E-004 -0.287590958830132     
  -3.81881881881882      -9.272925018442152E-004 -0.288515124910498     
  -3.80880880880881      -9.353687344612270E-004 -0.289446712332827     
  -3.79879879879880      -9.458024949951075E-004 -0.290386221470883     
  -3.78878878878879      -9.625371945670155E-004 -0.291330899269973     
  -3.77877877877878      -9.747661576781089E-004 -0.292272220797908     
  -3.76876876876877      -9.880642747946019E-004 -0.293229474739465     
  -3.75875875875876      -9.977623471133818E-004 -0.294176910711125     
  -3.74874874874875      -9.951407743741805E-004 -0.295152256839596     
  -3.73873873873874      -1.011441964943676E-003 -0.296143457753925     
  -3.72872872872873      -1.050913886329047E-003 -0.297122442524107     
  -3.71871871871872      -1.055098168378753E-003 -0.298088188962434     
  -3.70870870870871      -1.076101905024240E-003 -0.299075723356126     
  -3.69869869869870      -1.057126929056553E-003 -0.300052769225849     
  -3.68868868868869      -1.043167106255415E-003 -0.301081146218969     
  -3.67867867867868      -1.048586273114877E-003 -0.302121390997934     
  -3.66866866866867      -1.068508843429812E-003 -0.303169820974646     
  -3.65865865865866      -1.110252803578216E-003 -0.304206177569723     
  -3.64864864864865      -1.113131501688297E-003 -0.305232033027050     
  -3.63863863863864      -1.138787758546144E-003 -0.306301173388796     
  -3.62862862862863      -1.165033907171214E-003 -0.307320259198854     
  -3.61861861861862      -1.139880317966961E-003 -0.308398546121738     
  -3.60860860860861      -1.167274633292803E-003 -0.309513628458444     
  -3.59859859859860      -1.231407684723055E-003 -0.310581253842582     
  -3.58858858858859      -1.221469854942112E-003 -0.311672280285328     
  -3.57857857857858      -1.299977095861706E-003 -0.312833279213696     
  -3.56856856856857      -1.497338938214531E-003 -0.313836359937724     
  -3.55855855855856      -1.415947780337955E-003 -0.314705263955580     
  -3.54854854854855      -1.251856839026502E-003 -0.315833637011632     
  -3.53853853853854      -1.198894593237662E-003 -0.317022682216877     
  -3.52852852852853      -1.184939452659847E-003 -0.318206056333179     
  -3.51851851851852      -1.184559727181467E-003 -0.319387894269010     
  -3.50850850850851      -1.191904188798479E-003 -0.320572053594921     
  -3.49849849849850      -1.200467360545148E-003 -0.321755433428005     
  -3.48848848848849      -1.203916421496393E-003 -0.322951051052898     
  -3.47847847847848      -1.211335181334154E-003 -0.324158215374882     
  -3.46846846846847      -1.220872144477178E-003 -0.325374857997099     
  -3.45845845845846      -1.231771744050268E-003 -0.326601832854027     
  -3.44844844844845      -1.244236836381544E-003 -0.327840197235329     
  -3.43843843843844      -1.259723903153642E-003 -0.329091016125916     
  -3.42842842842843      -1.282894658081714E-003 -0.330351819729414     
  -3.41841841841842      -1.301144315101189E-003 -0.331611647317027     
  -3.40840840840841      -1.314509922641445E-003 -0.332901282758437     
  -3.39839839839840      -1.354575174250114E-003 -0.334204268252837     
  -3.38838838838839      -1.385455885275435E-003 -0.335476897086214     
  -3.37837837837838      -1.386169457243454E-003 -0.336806965745265     
  -3.36836836836837      -1.442418761330628E-003 -0.338161863442866     
  -3.35835835835836      -1.487150792546015E-003 -0.339454329211959     
  -3.34834834834835      -1.472809864180487E-003 -0.340839999967919     
  -3.33833833833834      -1.538497178419453E-003 -0.342294101889970     
  -3.32832832832833      -1.745366704994089E-003 -0.343733301226447     
  -3.31831831831832      -1.895412388087683E-003 -0.344960601920653     
  -3.30830830830831      -2.054492121663436E-003 -0.346350953661422     
  -3.29829829829830      -2.098397300749574E-003 -0.347434540029336     
  -3.28828828828829      -2.055197030869434E-003 -0.348947063360394     
  -3.27827827827828      -2.334893647713586E-003 -0.350158165011479     
  -3.26826826826827      -2.195942920469074E-003 -0.351465846206097     
  -3.25825825825826      -2.382342724618894E-003 -0.352685508070780     
  -3.24824824824825      -2.144445374284287E-003 -0.353845097750568     
  -3.23823823823824      -1.817045132282977E-003 -0.355276912321903     
  -3.22822822822823      -1.657569218748957E-003 -0.356896800393073     
  -3.21821821821822      -1.605187041839159E-003 -0.358502306584889     
  -3.20820820820821      -1.588357889630084E-003 -0.360091217609766     
  -3.19819819819820      -1.586184729300886E-003 -0.361675739209742     
  -3.18818818818819      -1.591751457132485E-003 -0.363263608671363     
  -3.17817817817818      -1.603335676955349E-003 -0.364859573697380     
  -3.16816816816817      -1.623868697927260E-003 -0.366463620897335     
  -3.15815815815816      -1.641392840176510E-003 -0.368064134460739     
  -3.14814814814815      -1.649219250309901E-003 -0.369691560948563     
  -3.13813813813814      -1.674086262916398E-003 -0.371332093540450     
  -3.12812812812813      -1.685067390711348E-003 -0.372969284327849     
  -3.11811811811812      -1.689450501335055E-003 -0.374643047243840     
  -3.10810810810811      -1.705827336010224E-003 -0.376336199543178     
  -3.09809809809810      -1.729757492935256E-003 -0.378036700419221     
  -3.08808808808809      -1.739677712960167E-003 -0.379750956247702     
  -3.07807807807808      -1.752827692038511E-003 -0.381493538938467     
  -3.06806806806807      -1.771957218541315E-003 -0.383254639344848     
  -3.05805805805806      -1.796943557010867E-003 -0.385029483275726     
  -3.04804804804805      -1.812838936390569E-003 -0.386816451477243     
  -3.03803803803804      -1.827765526533412E-003 -0.388632745684741     
  -3.02802802802803      -1.847659522536158E-003 -0.390470297008733     
  -3.01801801801802      -1.872199917901525E-003 -0.392327373342458     
  -3.00800800800801      -1.897866213190698E-003 -0.394196356425131     
  -2.99799799799800      -1.913494093975615E-003 -0.396091125202242     
  -2.98798798798799      -1.934720117391596E-003 -0.398013508870928     
  -2.97797797797798      -1.962315275505049E-003 -0.399956458378775     
  -2.96796796796797      -1.986311389852038E-003 -0.401913380040071     
  -2.95795795795796      -2.004818525620444E-003 -0.403902625166179     
  -2.94794794794795      -2.028526878286405E-003 -0.405919333283420     
  -2.93793793793794      -2.055468290241204E-003 -0.407961976984561     
  -2.92792792792793      -2.086484765859567E-003 -0.410032247767271     
  -2.91791791791792      -2.127187206072527E-003 -0.412129591589650     
  -2.90790790790791      -2.171730450293231E-003 -0.414235165566635     
  -2.89789789789790      -2.195353424888345E-003 -0.416384699621680     
  -2.88788788788789      -2.248246740516264E-003 -0.418582070555686     
  -2.87787787787788      -2.338324725171021E-003 -0.420769821487966     
  -2.86786786786787      -2.355675405029734E-003 -0.422980031076465     
  -2.85785785785786      -2.426491084968235E-003 -0.425295087047059     
  -2.84784784784785      -2.565456459955838E-003 -0.427558484810058     
  -2.83783783783784      -2.589286782382036E-003 -0.429900390224623     
  -2.82782782782783      -2.793881120554799E-003 -0.432415691058981     
  -2.81781781781782      -3.398767089846489E-003 -0.434744068095195     
  -2.80780780780781      -3.704582288332272E-003 -0.436434834577012     
  -2.79779779779780      -3.258514302908686E-003 -0.438282889565285     
  -2.78778778778779      -2.924900086215707E-003 -0.440846758336307     
  -2.77777777777778      -2.816888356481651E-003 -0.443345167093414     
  -2.76776776776777      -2.696860067370037E-003 -0.445957414370222     
  -2.75775775775776      -2.671932245053212E-003 -0.448613458990803     
  -2.74774774774775      -2.685203156060672E-003 -0.451283678801910     
  -2.73773773773774      -2.718441402480736E-003 -0.453980103755326     
  -2.72772772772773      -2.774377045226778E-003 -0.456714018707663     
  -2.71771771771772      -2.885371240014058E-003 -0.459482022133209     
  -2.70770770770771      -3.053658942630700E-003 -0.462159026326648     
  -2.69769769769770      -3.030496085835190E-003 -0.464800097240877     
  -2.68768768768769      -2.954784053875167E-003 -0.467653214439618     
  -2.67767767767768      -2.958549599772171E-003 -0.470585889611890     
  -2.66766766766767      -2.993219507555130E-003 -0.473555245499504     
  -2.65765765765766      -3.047278311537047E-003 -0.476564163854178     
  -2.64764764764765      -3.113159249590169E-003 -0.479592496384745     
  -2.63763763763764      -3.144536459792774E-003 -0.482675309325699     
  -2.62762762762763      -3.192733143158001E-003 -0.485833199129490     
  -2.61761761761762      -3.262667229753167E-003 -0.489039942986162     
  -2.60760760760761      -3.321613009408756E-003 -0.492278431878174     
  -2.59759759759760      -3.368305320055305E-003 -0.495603496324464     
  -2.58758758758759      -3.431332039524206E-003 -0.499000629989957     
  -2.57757757757758      -3.504783670897843E-003 -0.502467877268248     
  -2.56756756756757      -3.589588382444074E-003 -0.506012473994428     
  -2.55755755755756      -3.694640639647697E-003 -0.509643208613485     
  -2.54754754754755      -3.846234189111977E-003 -0.513351013769295     
  -2.53753753753754      -3.978943480412041E-003 -0.517089550868690     
  -2.52752752752753      -4.109886274456899E-003 -0.521028995339629     
  -2.51751751751752      -4.421111904929369E-003 -0.525094358514663     
  -2.50750750750751      -4.743889282371765E-003 -0.529013830577011     
  -2.49749749749750      -4.886236196857962E-003 -0.533384089687123     
  -2.48748748748749      -5.551541731969092E-003 -0.538209469140892     
  -2.47747747747748      -7.421471131770281E-003 -0.542963531997031     
  -2.46746746746747      -9.443316442843902E-003 -0.545850341428732     
  -2.45745745745746      -1.045910998713513E-002 -0.547559440564956     
  -2.44744744744745      -9.062118873201724E-003 -0.551230533348167     
  -2.43743743743744      -9.553857247499018E-003 -0.554418460079181     
  -2.42742742742743      -7.664380295741486E-003 -0.558787199091852     
  -2.41741741741742      -7.905320045575832E-003 -0.564960641837282     
  -2.40740740740741      -1.068875578924403E-002 -0.569394525994589     
  -2.39739739739740      -1.072367598952810E-002 -0.570626187290153     
  -2.38738738738739      -7.887029612279701E-003 -0.574494792668755     
  -2.37737737737738      -6.509904846316614E-003 -0.580562053908089     
  -2.36736736736737      -6.126350983183199E-003 -0.586628486240910     
  -2.35735735735736      -6.087697803809552E-003 -0.592638334088624     
  -2.34734734734735      -6.255214891404131E-003 -0.598716222871494     
  -2.33733733733734      -6.741453385868561E-003 -0.604925577667085     
  -2.32732732732733      -7.794438253962913E-003 -0.610716005447042     
  -2.31731731731732      -8.055614759184648E-003 -0.615849657787146     
  -2.30730730730731      -7.428973889724032E-003 -0.621703858631573     
  -2.29729729729730      -7.159145897158038E-003 -0.628566310483855     
  -2.28728728728729      -7.273071606809633E-003 -0.635678662257360     
  -2.27727727727728      -7.564571977442798E-003 -0.643037293942107     
  -2.26726726726727      -8.031385429970365E-003 -0.650744500375330     
  -2.25725725725726      -8.842915277264959E-003 -0.658916844563725     
  -2.24724724724725      -1.059699513485269E-002 -0.667343646924460     
  -2.23723723723724      -1.241577456546306E-002 -0.674481213035326     
  -2.22722722722723      -1.411116888682489E-002 -0.682373890298486     
  -2.21721721721722      -1.373405669138253E-002 -0.689147623232001     
  -2.20720720720721      -1.328021550518295E-002 -0.700202551971568     
  -2.19719719719720      -1.575143458774005E-002 -0.712930455889195     
  -2.18718718718719      -2.311825691791458E-002 -0.724838856264675     
  -2.17717717717718      -2.803652938590767E-002 -0.730315197120938     
  -2.16716716716717      -3.509812329201960E-002 -0.739858942079259     
  -2.15715715715716      -3.383462837967581E-002 -0.741392518681349     
  -2.14714714714715      -3.420357464623212E-002 -0.760121213667609     
  -2.13713713713714      -5.438208418175908E-002 -0.771174036846521     
  -2.12712712712713      -5.536190803634099E-002 -0.763199990602961     
  -2.11711711711712      -5.464410908407831E-002 -0.764914839257217     
  -2.10710710710711      -3.842233099103264E-002 -0.776869815473945     
  -2.09709709709710      -3.580976983614349E-002 -0.805290414209014     
  -2.08708708708709      -4.781323262699747E-002 -0.838219308355793     
  -2.07707707707708      -8.988776506676964E-002 -0.868887108053980     
  -2.06706706706707      -0.148603931110105      -0.828496413270291     
  -2.05705705705706      -0.107836565857425      -0.777681852642909     
  -2.04704704704705      -6.460161789785653E-002 -0.809045452170617     
  -2.03703703703704      -6.239313781707380E-002 -0.856328219769177     
  -2.02702702702703      -9.715930209108359E-002 -0.904355339152341     
  -2.01701701701702      -0.187081936517099      -0.890765036569913     
  -2.00700700700701      -0.178712689328691      -0.790720425490841     
  -1.99699699699700      -9.147623951493289E-002 -0.784328654857723     
  -1.98698698698699      -5.511091689479804E-002 -0.830192294080744     
  -1.97697697697698      -4.543255340484315E-002 -0.872818170169835     
  -1.96696696696697      -4.971815202460354E-002 -0.910893851730487     
  -1.95695695695696      -6.252691713140998E-002 -0.926946093518501     
  -1.94694694694695      -4.162126754260363E-002 -0.955498667499775     
  -1.93693693693694      -4.254685442406034E-002 -0.998015607715573     
  -1.92692692692693      -4.748449699389777E-002  -1.04150554401970     
  -1.91691691691692      -5.733805743621989E-002  -1.09102081716413     
  -1.90690690690691      -7.782668016978211E-002  -1.15031488899858     
  -1.89689689689690      -0.128428611729066       -1.21482240437691     
  -1.88688688688689      -0.191756530371917       -1.23006182495951     
  -1.87687687687688      -0.239113990923180       -1.26946858579894     
  -1.86686686686687      -0.261430018098842       -1.26344708067649     
  -1.85685685685686      -0.297392760769253       -1.38376293476346     
  -1.84684684684685      -0.513536707186984       -1.44416539381390     
  -1.83683683683684      -0.684502612687709       -1.26969885750567     
  -1.82682682682683      -0.635565993175369       -1.12645009124071     
  -1.81681681681682      -0.507796287096496       -1.11188843144343     
  -1.80680680680681      -0.566305691526099       -1.28822879787906     
  -1.79679679679680      -0.806851230900082       -1.22810798203028     
  -1.78678678678679      -0.814052847658761      -0.988897782458287     
  -1.77677677677678      -0.666711245666613      -0.900332019707577     
  -1.76676676676677      -0.544238569944376       -1.06106638231368     
  -1.75675675675676      -0.761048644681725       -1.19004199420756     
  -1.74674674674675      -0.977855996025602      -0.969514468814934     
  -1.73673673673674      -0.829406864975830      -0.640381463563790     
  -1.72672672672673      -0.485803736163640      -0.692628723661300     
  -1.71671671671672      -0.422314771972022      -0.961014044527070     
  -1.70670670670671      -0.644604361632385       -1.13400489597798     
  -1.69669669669670      -0.912538335148041      -0.940927601415444     
  -1.68668668668669      -0.785010833987629      -0.565698452964452     
  -1.67667667667668      -0.405579589916190      -0.579716997798736     
  -1.66666666666667      -0.251815813737987      -0.790240683734815     
  -1.65665665665666      -0.219606126058265      -0.988906766463708     
  -1.64664664664665      -0.263270370729510       -1.18439452334999     
  -1.63663663663664      -0.437963111980874       -1.34444462002384     
  -1.62662662662663      -0.659475991070266       -1.25811134172079     
  -1.61661661661662      -0.538446597583517       -1.10310055848556     
  -1.60660660660661      -0.408857358163397       -1.29896738000780     
  -1.59659659659660      -0.532893904105269       -1.52985834720286     
  -1.58658658658659      -0.752676797957239       -1.60148089434760     
  -1.57657657657658      -0.926718549085768       -1.58091912257765     
  -1.56656656656657       -1.05873214257686       -1.53270439958810     
  -1.55655655655656       -1.16277718882600       -1.47352432588075     
  -1.54654654654655       -1.24221016024352       -1.41270507163415     
  -1.53653653653654       -1.31171494533117       -1.35834516130861     
  -1.52652652652653       -1.37956147264411       -1.30626006186346     
  -1.51651651651652       -1.44460168294556       -1.24486649873106     
  -1.50650650650651       -1.50090802517162       -1.17752482461764     
  -1.49649649649650       -1.54664351328913       -1.10371935229440     
  -1.48648648648649       -1.56820789810598       -1.03194014667133     
  -1.47647647647648       -1.59292163192176      -0.994350169904679     
  -1.46646646646647       -1.64878509080736      -0.941388994085615     
  -1.45645645645646       -1.69471234772666      -0.864833268593146     
  -1.44644644644645       -1.72812196599838      -0.777477803584748     
  -1.43643643643644       -1.74320723655761      -0.676065117914867     
  -1.42642642642643       -1.70669080348736      -0.572937929710314     
  -1.41641641641642       -1.65060203617492      -0.571279628976638     
  -1.40640640640641       -1.72251888005729      -0.541328550318975     
  -1.39639639639640       -1.73273328629168      -0.414895526524531     
  -1.38638638638639       -1.62564758925701      -0.337592419955913     
  -1.37637637637638       -1.63024241065698      -0.424085138205794     
  -1.36636636636637       -1.72561881858397      -0.327758660521479     
  -1.35635635635636       -1.67553289470667      -0.163065902910762     
  -1.34634634634635       -1.43723311688361      -0.154601877750612     
  -1.33633633633634       -1.48997938358412      -0.426810701889473     
  -1.32632632632633       -1.71409146577799      -0.391390668652119     
  -1.31631631631632       -1.80834997867955      -0.258597832550404     
  -1.30630630630631       -1.83130687084653      -0.138776770085687     
  -1.29629629629630       -1.85393318091773      -4.896432064248435E-002
  -1.28628628628629       -1.87141783134968       6.433724264144035E-002
  -1.27627627627628       -1.86769359791562       0.179363735516148     
  -1.26626626626627       -1.85246741157442       0.294681873423628     
  -1.25625625625626       -1.82507682360395       0.412431236067327     
  -1.24624624624625       -1.78477965409592       0.533176312517728     
  -1.23623623623624       -1.72884544514295       0.657910332508079     
  -1.22622622622623       -1.65123495252780       0.786254434463791     
  -1.21621621621622       -1.54105015006901       0.908367605141286     
  -1.20620620620621       -1.42547189222881       0.998981320574152     
  -1.19619619619620       -1.29351014008681        1.13305275235549     
  -1.18618618618619       -1.05800012390685        1.24488300844668     
  -1.17617617617618      -0.737919221748414        1.20707460236234     
  -1.16616616616617      -0.604813777862853       0.953719740582428     
  -1.15615615615616      -0.725841145980427       0.961675837714885     
  -1.14614614614615      -0.503446877583600        1.10404900400926     
  -1.13613613613614      -0.264717359852487       0.964448931213755     
  -1.12612612612613      -0.171470610147073       0.794711873997614     
  -1.11611611611612      -0.133061031733914       0.657256771278306     
  -1.10610610610611      -0.119575172597774       0.540921014904270     
  -1.09609609609610      -0.131489057146234       0.440292222099898     
  -1.08608608608609      -0.166238338122119       0.376355518258649     
  -1.07607607607608      -0.176054671199927       0.362124017496564     
  -1.06606606606607      -0.133217010362915       0.317208445106865     
  -1.05605605605606      -0.129022005829690       0.223644448359929     
  -1.04604604604605      -0.191787675810654       0.139348733939733     
  -1.03603603603604      -0.302628511677563       0.138333040656855     
  -1.02602602602603      -0.345094976453352       0.263467290173216     
  -1.01601601601602      -0.203675849432873       0.339337771226520     
  -1.00600600600601      -0.106450960959866       0.266628500664726     
 -0.995995995995996      -7.230579935055535E-002  0.193816002656184     
 -0.985985985985986      -5.803348556038290E-002  0.133733276023816     
 -0.975975975975976      -5.157095909631004E-002  8.127245292485907E-002
 -0.965965965965966      -4.982969214104355E-002  3.262214911425913E-002
 -0.955955955955956      -5.391838871711423E-002 -1.392993852032933E-002
 -0.945945945945946      -6.370158984539796E-002 -5.384139846901004E-002
 -0.935935935935936      -7.370648089211400E-002 -8.542840874348616E-002
 -0.925925925925926      -7.782305671272798E-002 -0.120257150585335     
 -0.915915915915916      -7.759246680187368E-002 -0.152437961570871     
 -0.905905905905906      -8.401172700862256E-002 -0.209658336029165     
 -0.895895895895896      -0.129283473494314      -0.263444562334260     
 -0.885885885885886      -0.173827150001507      -0.278451202701159     
 -0.875875875875876      -0.209805667124521      -0.272119658264719     
 -0.865865865865866      -0.226740932516139      -0.293415452926955     
 -0.855855855855856      -0.221500580703890      -0.306575604345868     
 -0.845845845845846      -0.298245428065632      -0.407968272884700     
 -0.835835835835836      -0.516195514724446      -0.315008706662677     
 -0.825825825825826      -0.438319677185461      -6.341846138652765E-002
 -0.815815815815816      -0.277026610938308      -8.539665476343006E-002
 -0.805805805805806      -0.204582963351790      -0.115369873625297     
 -0.795795795795796      -0.156497682085380      -0.208432317735232     
 -0.785785785785786      -0.184595291079528      -0.278165397499415     
 -0.775775775775776      -0.198165514652049      -0.342249943435553     
 -0.765765765765765      -0.314211855823129      -0.404965666991674     
 -0.755755755755755      -0.453121476263849      -0.339519363182539     
 -0.745745745745745      -0.457634977098570      -9.705702100205027E-002
 -0.735735735735735      -0.234335777142738      -5.966720812267802E-002
 -0.725725725725725      -0.150649147697019      -0.164270056345022     
 -0.715715715715715      -0.166265514782295      -0.230152901464587     
 -0.705705705705705      -0.161235382857747      -0.223982845875133     
 -0.695695695695695      -0.107657460376274      -0.240598415259572     
 -0.685685685685685      -8.077165427469096E-002 -0.297666898894423     
 -0.675675675675675      -7.192154319752192E-002 -0.339938491112007     
 -0.665665665665665      -6.774150997427540E-002 -0.385567498018880     
 -0.655655655655655      -6.749134093763114E-002 -0.416282735384932     
 -0.645645645645645      -5.526737929245129E-002 -0.452659773887567     
 -0.635635635635635      -4.903345970825292E-002 -0.498633748875399     
 -0.625625625625625      -4.860938581113279E-002 -0.545691154266868     
 -0.615615615615615      -5.146638890695416E-002 -0.594291216569848     
 -0.605605605605605      -5.863493712490048E-002 -0.645663228922711     
 -0.595595595595595      -7.109718012562326E-002 -0.696570072201097     
 -0.585585585585585      -8.244709901217211E-002 -0.747946977922237     
 -0.575575575575575      -9.436909400555357E-002 -0.811965319200180     
 -0.565565565565565      -0.116704252768836      -0.893210484516889     
 -0.555555555555555      -0.183384769855659      -0.997358107647242     
 -0.545545545545545      -0.349362132376849       -1.03164368578210     
 -0.535535535535535      -0.345569563862312      -0.918167008449258     
 -0.525525525525525      -0.288536267636689       -1.03953562074855     
 -0.515515515515515      -0.427430060212072       -1.17723412572974     
 -0.505505505505505      -0.564556933705697       -1.13542431579232     
 -0.495495495495495      -0.641923445306805       -1.15968893430421     
 -0.485485485485485      -0.703517277517179       -1.05781864531636     
 -0.475475475475475      -0.656500488252976       -1.19013127779578     
 -0.465465465465465      -0.899443351011184       -1.28855173096162     
 -0.455455455455455       -1.09347455562330       -1.19819781660537     
 -0.445445445445445       -1.26536726102542       -1.10357087655667     
 -0.435435435435435       -1.41640903716991      -0.907698347649219     
 -0.425425425425425       -1.46981234871916      -0.632437762982110     
 -0.415415415415415       -1.31077835692298      -0.337993051250575     
 -0.405405405405405       -1.03370807834379      -0.378730824605231     
 -0.395395395395395       -1.06716305698347      -0.427553555733533     
 -0.385385385385385       -1.02400920210108      -0.309970067714136     
 -0.375375375375375      -0.836723208165705      -0.367390796714591     
 -0.365365365365365      -0.865024609720152      -0.444490328506170     
 -0.355355355355355      -0.820251339793482      -0.564740524338188     
 -0.345345345345345      -0.833629427287079      -0.518550699020393     
 -0.335335335335335       -1.00093530883567      -0.702641706369367     
 -0.325325325325325       -1.27812892255649      -0.487175963742149     
 -0.315315315315315       -1.21427363518107      -8.882394895901383E-002
 -0.305305305305305      -0.843653278562191       6.422766754946338E-002
 -0.295295295295295      -0.545278482512252      -3.339211510731176E-003
 -0.285285285285285      -0.330945487589123      -0.230719108876627     
 -0.275275275275275      -0.269162184534415      -0.474803272864436     
 -0.265265265265265      -0.280084228776155      -0.687624094866092     
 -0.255255255255255      -0.322147808472549      -0.910357648011023     
 -0.245245245245245      -0.498616712343285       -1.15550541935014     
 -0.235235235235235      -0.818996341021815       -1.20990354185748     
 -0.225225225225225      -0.988460210236462       -1.04465871414976     
 -0.215215215215215      -0.876973581694920       -1.00305745848965     
 -0.205205205205205      -0.992808070359379       -1.21077286931222     
 -0.195195195195195       -1.23690141678930       -1.20200047332572     
 -0.185185185185185       -1.39756817414869       -1.09953078395086     
 -0.175175175175175       -1.50015758842418      -0.979071353208870     
 -0.165165165165165       -1.55170925736371      -0.834083328580649     
 -0.155155155155155       -1.48833594251647      -0.713518894770212     
 -0.145145145145145       -1.45067280128311      -0.761901795583288     
 -0.135135135135135       -1.53068927757247      -0.753046241768665     
 -0.125125125125125       -1.52438116059246      -0.699089310355015     
 -0.115115115115115       -1.57925587079363      -0.747819675370673     
 -0.105105105105105       -1.67814091933531      -0.709811282581651     
 -9.509509509509506E-002  -1.75633898391899      -0.645826531604958     
 -8.508508508508505E-002  -1.81121348974957      -0.561817124814110     
 -7.507507507507505E-002  -1.84401569075090      -0.476300527975203     
 -6.506506506506504E-002  -1.85853900054040      -0.391396212974466     
 -5.505505505505504E-002  -1.84395422950978      -0.323321519301655     
 -4.504504504504503E-002  -1.85840911900630      -0.296039366684569     
 -3.503503503503502E-002  -1.88415212888065      -0.237998139768595     
 -2.502502502502502E-002  -1.90664108535361      -0.175771874380814     
 -1.501501501501501E-002  -1.92014147609760      -0.105678123767172     
 -5.005005005005003E-003  -1.92621205566426      -3.520035747412671E-002
  5.005005005005003E-003  -1.92620766028390       3.525920980454653E-002
  1.501501501501501E-002  -1.92012810677449       0.105732538761635     
  2.502502502502502E-002  -1.90660801017539       0.175823083825277     
  3.503503503503502E-002  -1.88413514855224       0.237986711397671     
  4.504504504504503E-002  -1.85836667584223       0.295996195535720     
  5.505505505505504E-002  -1.84427359523042       0.323325378308792     
  6.506506506506504E-002  -1.85864359464472       0.391677260866719     
  7.507507507507505E-002  -1.84399216928506       0.476556328791327     
  8.508508508508505E-002  -1.81113552802701       0.562054576634625     
  9.509509509509506E-002  -1.75623089904587       0.646061771372290     
  0.105105105105105       -1.67795344046899       0.710133485744601     
  0.115115115115115       -1.57884884934846       0.748129823294298     
  0.125125125125125       -1.52390264113819       0.699372195489386     
  0.135135135135135       -1.52927551613806       0.752820026655950     
  0.145145145145145       -1.45024089771484       0.759592979583948     
  0.155155155155155       -1.49150107488190       0.713520620791198     
  0.165165165165165       -1.55237292316673       0.836380312469041     
  0.175175175175175       -1.49931442043296       0.980975492878414     
  0.185185185185185       -1.39595723593999        1.10109074365345     
  0.195195195195195       -1.23407250793894        1.20305388491956     
  0.205205205205205      -0.989174358334530        1.20972825833743     
  0.215215215215215      -0.876567329899545        1.00121599939679     
  0.225225225225225      -0.985806162227950        1.04652586865682     
  0.235235235235235      -0.810910318529842        1.20904937677027     
  0.245245245245245      -0.491644884659340        1.14675944794269     
  0.255255255255255      -0.320236825352731       0.899674946273352     
  0.265265265265265      -0.280925128200375       0.675786947852865     
  0.275275275275275      -0.273631536805823       0.461030038685519     
  0.285285285285285      -0.343127889211193       0.213987013274870     
  0.295295295295295      -0.572621365399228      -4.368121271840073E-003
  0.305305305305305      -0.874869237611655      -6.175026266503818E-002
  0.315315315315315       -1.23566141563855       0.123742093007234     
  0.325325325325325       -1.26493812800908       0.520519571365371     
  0.335335335335335      -0.970295429890928       0.702669871918163     
  0.345345345345345      -0.837292255926075       0.498358314344464     
  0.355355355355355      -0.824823964519687       0.554465233056984     
  0.365365365365365      -0.871692422757272       0.459722213107406     
  0.375375375375375      -0.838969945241271       0.373234042717571     
  0.385385385385385       -1.01710363827662       0.318330337288219     
  0.395395395395395       -1.07331854678572       0.420247068987300     
  0.405405405405405       -1.04780716020818       0.372603520864435     
  0.415415415415415       -1.33374120273884       0.361586257648115     
  0.425425425425425       -1.46889108972031       0.662060510996955     
  0.435435435435435       -1.40423124550146       0.930794494867268     
  0.445445445445445       -1.24744745654830        1.11767262853205     
  0.455455455455455       -1.08051630455555        1.21240008951731     
  0.465465465465465      -0.866163472066032        1.29542201192414     
  0.475475475475475      -0.637812111984015        1.16594052421016     
  0.485485485485485      -0.710385191176976        1.05491727697887     
  0.495495495495495      -0.636966066075733        1.15861360897363     
  0.505505505505505      -0.556652890230347        1.14831080074387     
  0.515515515515515      -0.403025523973040        1.17014204131696     
  0.525525525525525      -0.284021685320342        1.02122313483011     
  0.535535535535535      -0.356818076534503       0.917570402911254     
  0.545545545545545      -0.332284682743338        1.03786184903408     
  0.555555555555555      -0.173129277908757       0.986684058228785     
  0.565565565565565      -0.112920714507273       0.883611892922082     
  0.575575575575575      -9.278578812001878E-002  0.804184732751655     
  0.585585585585585      -8.187578273173481E-002  0.742325413888993     
  0.595595595595595      -6.975744626312312E-002  0.691747365605545     
  0.605605605605605      -5.731424086335225E-002  0.640300008662418     
  0.615615615615615      -5.079785280378614E-002  0.589238794996959     
  0.625625625625625      -4.815723848503269E-002  0.541052110280614     
  0.635635635635635      -4.855169883622675E-002  0.494301434453494     
  0.645645645645645      -5.440205775998362E-002  0.448153240595014     
  0.655655655655655      -6.804524006623444E-002  0.411450155106607     
  0.665665665665665      -6.680470041628099E-002  0.382020292215319     
  0.675675675675675      -6.870279847268400E-002  0.333210930263808     
  0.685685685685685      -8.580346059123277E-002  0.288956791823269     
  0.695695695695695      -0.110433721489773       0.237540826629624     
  0.705705705705705      -0.158621520180069       0.217945607134729     
  0.715715715715715      -0.175426037473891       0.214729836969435     
  0.725725725725725      -0.163356160005056       0.157869312763254     
  0.735735735735735      -0.256649270288442       5.476580206100174E-002
  0.745745745745745      -0.482828225038962       0.125807087429914     
  0.755755755755755      -0.438401971359572       0.367710820115038     
  0.765765765765765      -0.288424528564950       0.412370792827457     
  0.775775775775776      -0.178106105769234       0.334363334756224     
  0.785785785785786      -0.176866731293725       0.248783757134620     
  0.795795795795796      -0.170532397456529       0.195762316032370     
  0.805805805805806      -0.221566606440970       0.112555824632394     
  0.815815815815816      -0.287536765937233       8.799603319074387E-002
  0.825825825825826      -0.459132544676361       7.929641119659572E-002
  0.835835835835836      -0.503563149774887       0.350221762060424     
  0.845845845845846      -0.273323534374763       0.409601346373477     
  0.855855855855856      -0.201382895473237       0.298318812766957     
  0.865865865865866      -0.234942013614544       0.272237910259437     
  0.875875875875876      -0.215019257249191       0.286984985620196     
  0.885885885885886      -0.152387186941819       0.280649419947550     
  0.895895895895896      -0.122581154558843       0.246229687615756     
  0.905905905905906      -8.382695600134404E-002  0.200879881685989     
  0.915915915915916      -7.789194659692224E-002  0.146207962184792     
  0.925925925925926      -7.661034088022252E-002  0.115606157774787     
  0.935935935935936      -7.150305068668113E-002  8.042366026088554E-002
  0.945945945945946      -6.132015680124663E-002  4.697150280496335E-002
  0.955955955955956      -5.315193035413830E-002  6.227897058742640E-003
  0.965965965965966      -4.989421112370755E-002 -4.029453426756044E-002
  0.975975975975976      -5.222238948877400E-002 -8.929152406104136E-002
  0.985985985985986      -5.952175590511114E-002 -0.142596823990086     
  0.995995995995996      -7.561181526511719E-002 -0.204260921634202     
   1.00600600600601      -0.115085713301893      -0.279326252336149     
   1.01601601601602      -0.228396403299679      -0.345512470076079     
   1.02602602602603      -0.357025625373873      -0.235869770432378     
   1.03603603603604      -0.273926169000293      -0.124360513356177     
   1.04604604604605      -0.179759232590157      -0.157107223389054     
   1.05605605605606      -0.127796552953410      -0.236358478174677     
   1.06606606606607      -0.135720716756591      -0.328418254548731     
   1.07607607607608      -0.182400881357939      -0.365420656949954     
   1.08608608608609      -0.156313433722100      -0.379059524433820     
   1.09609609609610      -0.127413038847530      -0.459041961775902     
   1.10610610610611      -0.121603616812044      -0.557524161693415     
   1.11611611611612      -0.136858363952427      -0.675513798164964     
   1.12612612612613      -0.179367153983827      -0.816829155599626     
   1.13613613613614      -0.284550651026821      -0.990578588737227     
   1.14614614614615      -0.544118518309962       -1.10921043449939     
   1.15615615615616      -0.726051371162480      -0.941780043994316     
   1.16616616616617      -0.604808883137420      -0.988863308880876     
   1.17617617617618      -0.784550517419022       -1.22875992082578     
   1.18618618618619       -1.09936656602663       -1.23490430525219     
   1.19619619619620       -1.32088084087625       -1.11514306887523     
   1.20620620620621       -1.44438556774283      -0.983292906265595     
   1.21621621621622       -1.55933885092198      -0.890568748506626     
   1.22622622622623       -1.66431928158043      -0.767146786984929     
   1.23623623623624       -1.73828852011736      -0.639423623640713     
   1.24624624624625       -1.79167432644862      -0.515471293345637     
   1.25625625625626       -1.83002343105627      -0.395400849140249     
   1.26626626626627       -1.85587603157114      -0.278108216816669     
   1.27627627627628       -1.86956655528352      -0.162442462529831     
   1.28628628628629       -1.87056055866725      -4.760476966345320E-002
   1.29629629629630       -1.85004566755071       6.484781577520678E-002
   1.30630630630631       -1.82638816271383       0.153274273813583     
   1.31631631631632       -1.79926533096859       0.273851221500019     
   1.32632632632633       -1.69381435639077       0.404371085563121     
   1.33633633633634       -1.45817740456384       0.405794111233462     
   1.34634634634635       -1.47110805361857       0.130384777119387     
   1.35635635635636       -1.69301892946567       0.183121310241381     
   1.36636636636637       -1.72521826630704       0.346295385119575     
   1.37637637637638       -1.62074501738350       0.434295681059915     
   1.38638638638639       -1.62086886798620       0.339391567003839     
   1.39639639639640       -1.73126702826819       0.412557070154342     
   1.40640640640641       -1.73114969829027       0.539481439938536     
   1.41641641641642       -1.66494615370558       0.585698896429450     
   1.42642642642643       -1.70225454633164       0.590616900600775     
   1.43643643643644       -1.73868274698454       0.685561483082816     
   1.44644644644645       -1.72446758558583       0.786028606295053     
   1.45645645645646       -1.69101254369861       0.872884483540030     
   1.46646646646647       -1.64509922224991       0.948837125091432     
   1.47647647647648       -1.59100187825942        1.00181952983008     
   1.48648648648649       -1.56317347992172        1.04290282695638     
   1.49649649649650       -1.54032558756263        1.11210872505885     
   1.50650650650651       -1.49437951587513        1.18551088291709     
   1.51651651651652       -1.43756286717449        1.25266334700983     
   1.52652652652653       -1.37197913808844        1.31406969274204     
   1.53653653653654       -1.30333072525397        1.36675337639531     
   1.54654654654655       -1.22992610757534        1.42279269210578     
   1.55655655655656       -1.14844068099816        1.47887277499939     
   1.56656656656657       -1.04316397041526        1.53799142340800     
   1.57657657657658      -0.906341825062256        1.58458838079580     
   1.58658658658659      -0.724433416049071        1.59768148845629     
   1.59659659659660      -0.504620484625367        1.50168261806062     
   1.60660660660661      -0.415939553727486        1.25647050670397     
   1.61661661661662      -0.584784511541055        1.10354294425220     
   1.62662662662663      -0.643639487504136        1.29491808532365     
   1.63663663663664      -0.402784995757278        1.33341482795159     
   1.64664664664665      -0.251908350382131        1.15706416169241     
   1.65665665665666      -0.221192492215962       0.961026542158522     
   1.66666666666667      -0.266963427240247       0.758998846928221     
   1.67667667667668      -0.455598050780974       0.553303163619589     
   1.68668668668669      -0.844959958112781       0.617681964707433     
   1.69669669669670      -0.891264928472372        1.00207681643803     
   1.70670670670671      -0.598483929336317        1.14015936595509     
   1.71671671671672      -0.407571845107818       0.938383996401178     
   1.72672672672673      -0.499904224267618       0.674687532285533     
   1.73673673673674      -0.852526479986759       0.659024954138125     
   1.74674674674675      -0.967891803052456       0.998960177775034     
   1.75675675675676      -0.734441378224925        1.19827953736213     
   1.76676676676677      -0.530238488580166        1.05117340351293     
   1.77677677677678      -0.663910239998287       0.896658564182020     
   1.78678678678679      -0.811423479340863       0.989638771010413     
   1.79679679679680      -0.797476032060434        1.23136573202407     
   1.80680680680681      -0.555038082269533        1.28375636227452     
   1.81681681681682      -0.502818454840252        1.10550578062915     
   1.82682682682683      -0.632678742608282        1.12237501205593     
   1.83683683683684      -0.681423156716462        1.26906399742190     
   1.84684684684685      -0.507203847953841        1.44268502514480     
   1.85685685685686      -0.291652736662543        1.38031388421150     
   1.86686686686687      -0.254759521446537        1.25951253975847     
   1.87687687687688      -0.234289213945097        1.26360850630437     
   1.88688688688689      -0.186564125201610        1.22305914232937     
   1.89689689689690      -0.126679108376862        1.20738085274179     
   1.90690690690691      -7.693239334848026E-002   1.14411727578681     
   1.91691691691692      -5.678363275775632E-002   1.08547752627353     
   1.92692692692693      -4.714288276538314E-002   1.03639191221644     
   1.93693693693694      -4.245226951360811E-002  0.993292426437440     
   1.94694694694695      -4.147823900776565E-002  0.953058454538792     
   1.95695695695696      -5.651008746985458E-002  0.913526953575097     
   1.96696696696697      -5.533278634013413E-002  0.904776151378539     
   1.97697697697698      -4.825514248361263E-002  0.868279715770421     
   1.98698698698699      -5.870447302611970E-002  0.824414952519002     
   1.99699699699700      -0.100753410860204       0.779332390946803     
   2.00700700700701      -0.185781322099400       0.801414873238394     
   2.01701701701702      -0.178647025634280       0.895878786021582     
   2.02702702702703      -9.189607434513673E-002  0.898720009113616     
   2.03703703703704      -6.105165414377319E-002  0.850153800625986     
   2.04704704704705      -6.450693717467897E-002  0.802678080988577     
   2.05705705705706      -0.109136680655684       0.768439047793044     
   2.06706706706707      -0.159929831178872       0.821885475339885     
   2.07707707707708      -9.771641911611498E-002  0.871853532204759     
   2.08708708708709      -5.067880733206934E-002  0.841012184575448     
   2.09709709709710      -3.689627811345197E-002  0.806905592496997     
   2.10710710710711      -3.822760796809822E-002  0.777489990762204     
   2.11711711711712      -5.427782297945988E-002  0.762751661447810     
   2.12712712712713      -5.531070032847630E-002  0.760913774798514     
   2.13713713713714      -5.993482485078006E-002  0.766383166312275     
   2.14714714714715      -3.886238040766510E-002  0.760595321912284     
   2.15715715715716      -3.825701492621048E-002  0.742416398209253     
   2.16716716716717      -3.698239461446494E-002  0.742853282791714     
   2.17717717717718      -2.871362698186711E-002  0.731612089093203     
   2.18718718718719      -2.454046918147973E-002  0.725928340716512     
   2.19719719719720      -1.650768795400265E-002  0.714206141823362     
   2.20720720720721      -1.375946333454955E-002  0.701129845493684     
   2.21721721721722      -1.425236616997279E-002  0.689907418814327     
   2.22722722722723      -1.433963388030425E-002  0.683183965819954     
   2.23723723723724      -1.254255237765432E-002  0.674991287553773     
   2.24724724724725      -1.074678251374214E-002  0.667744130246443     
   2.25725725725726      -8.950348656269053E-003  0.659230769726896     
   2.26726726726727      -8.114801352635110E-003  0.650970729924739     
   2.27727727727728      -7.631759613969957E-003  0.643189482601038     
   2.28728728728729      -7.322532120339646E-003  0.635768764378927     
   2.29729729729730      -7.170815300619320E-003  0.628602343528701     
   2.30730730730731      -7.320861109625456E-003  0.621627676697192     
   2.31731731731732      -8.104737238468065E-003  0.615331831231801     
   2.32732732732733      -8.285096974022918E-003  0.610303073195856     
   2.33733733733734      -7.166018803431413E-003  0.604979050998737     
   2.34734734734735      -6.438940051689179E-003  0.598726605161054     
   2.35735735735736      -6.195813344575347E-003  0.592547319398581     
   2.36736736736737      -6.202822385187357E-003  0.586452388678569     
   2.37737737737738      -6.549271059403864E-003  0.580309362041016     
   2.38738738738739      -7.805507227390254E-003  0.574119261513015     
   2.39739739739740      -1.050860824188395E-002  0.569725959963868     
   2.40740740740741      -1.179822148079065E-002  0.567555594232521     
   2.41741741741742      -9.375816843112802E-003  0.564792343095928     
   2.42742742742743      -8.970677191478649E-003  0.558742279248731     
   2.43743743743744      -1.019633328094513E-002  0.555538580107549     
   2.44744744744745      -8.725727997038100E-003  0.551053326855334     
   2.45745745745746      -1.078853596308866E-002  0.545866736264830     
   2.46746746746747      -1.206746720558203E-002  0.545586795365854     
   2.47747747747748      -8.965650125361718E-003  0.544237012031793     
   2.48748748748749      -6.167515227257734E-003  0.539331578433261     
   2.49749749749750      -5.191442487383356E-003  0.534211661999046     
   2.50750750750751      -4.960719102244830E-003  0.529593174317968     
   2.51751751751752      -4.692641034592815E-003  0.525655957107600     
   2.52752752752753      -4.276714848944555E-003  0.521543657312291     
   2.53753753753754      -4.124221383117057E-003  0.517557002567269     
   2.54754754754755      -3.919871895400480E-003  0.513776778097374     
   2.55755755755756      -3.746036551354948E-003  0.510005960412045     
   2.56756756756757      -3.629908665053640E-003  0.506330907133620     
   2.57757757757758      -3.537764679751715E-003  0.502750820735789     
   2.58758758758759      -3.459340790295077E-003  0.499253904219738     
   2.59759759759760      -3.393284511323138E-003  0.495831244435475     
   2.60760760760761      -3.346275625345330E-003  0.492484623260325     
   2.61761761761762      -3.285809413005014E-003  0.489231583380196     
   2.62762762762763      -3.211348997753961E-003  0.486008271222028     
   2.63763763763764      -3.161400119038977E-003  0.482833597646490     
   2.64764764764765      -3.133298837254437E-003  0.479735666247913     
   2.65765765765766      -3.066002394109215E-003  0.476702062750823     
   2.66766766766767      -3.007354883475237E-003  0.473681063486737     
   2.67767767767768      -2.970938515677605E-003  0.470699211145543     
   2.68768768768769      -2.966149128483566E-003  0.467754371054362     
   2.69769769769770      -3.041085066643823E-003  0.464886348618782     
   2.70770770770771      -3.076240616930322E-003  0.462220119829153     
   2.71771771771772      -2.929940811565117E-003  0.459569651859711     
   2.72772772772773      -2.796974873002654E-003  0.456799912652039     
   2.73773773773774      -2.734338142756761E-003  0.454052211565144     
   2.74774774774775      -2.700670831139562E-003  0.451342323643720     
   2.75775775775776      -2.692950094530716E-003  0.448659039130281     
   2.76776776776777      -2.739307854919940E-003  0.446003789200299     
   2.77777777777778      -2.807074821299073E-003  0.443457409518620     
   2.78778778778779      -2.839233121291854E-003  0.440826507965023     
   2.79779779779780      -3.183454659030743E-003  0.438142056209875     
   2.80780780780781      -3.976279217071639E-003  0.436113392118632     
   2.81781781781782      -3.834846522345559E-003  0.434808412188685     
   2.82782782782783      -3.000693793621040E-003  0.432645440634565     
   2.83783783783784      -2.697098055939375E-003  0.430077682688619     
   2.84784784784785      -2.661015837229492E-003  0.427719913707898     
   2.85785785785786      -2.482943376016648E-003  0.425449830749889     
   2.86786786786787      -2.400454060254434E-003  0.423107981144857     
   2.87787787787788      -2.387303393399804E-003  0.420897724292768     
   2.88788788788789      -2.277103670625342E-003  0.418706754683998     
   2.89789789789790      -2.218062628459665E-003  0.416494669953248     
   2.90790790790791      -2.195203084059893E-003  0.414343699948301     
   2.91791791791792      -2.139334567320812E-003  0.412232253776823     
   2.92792792792793      -2.094979034793043E-003  0.410125870872276     
   2.93793793793794      -2.062454330268530E-003  0.408048441314144     
   2.94794794794795      -2.035318402667663E-003  0.405999701662273     
   2.95795795795796      -2.013907760042325E-003  0.403978751213037     
   2.96796796796797      -1.993868925163459E-003  0.401993747871897     
   2.97797797797798      -1.962505006471786E-003  0.400028013969252     
   2.98798798798799      -1.937144504407217E-003  0.398079734316484     
   2.99799799799800      -1.917447645749034E-003  0.396154924031030     
   3.00800800800801      -1.900449284054250E-003  0.394260932136603     
   3.01801801801802      -1.872700555890133E-003  0.392386442292436     
   3.02802802802803      -1.849265092137786E-003  0.390526703151542     
   3.03803803803804      -1.829837447323721E-003  0.388687293798847     
   3.04804804804805      -1.815486807261097E-003  0.386870139044218     
   3.05805805805806      -1.796970484177279E-003  0.385081837328241     
   3.06806806806807      -1.772613787598674E-003  0.383303791116903     
   3.07807807807808      -1.753824598716238E-003  0.381541252683278     
   3.08808808808809      -1.740299623910053E-003  0.379797021806109     
   3.09809809809810      -1.731710524750364E-003  0.378079840815829     
   3.10810810810811      -1.708434459225192E-003  0.376379937814969     
   3.11811811811812      -1.691583300995662E-003  0.374685317965129     
   3.12812812812813      -1.687972299293454E-003  0.373008952843888     
   3.13813813813814      -1.681808533558311E-003  0.371372838203072     
   3.14814814814815      -1.655024559575174E-003  0.369734205611328     
   3.15815815815816      -1.648172704397247E-003  0.368108026314324     
   3.16816816816817      -1.626706613679741E-003  0.366508417111338     
   3.17817817817818      -1.605108332115345E-003  0.364902360610403     
   3.18818818818819      -1.593382515518948E-003  0.363304895939642     
   3.19819819819820      -1.588207925232114E-003  0.361715475232245     
   3.20820820820821      -1.591717284333503E-003  0.360128902473288     
   3.21821821821822      -1.612442243000043E-003  0.358536774235667     
   3.22822822822823      -1.677675218289270E-003  0.356927214555172     
   3.23823823823824      -1.876853303501560E-003  0.355328459827293     
   3.24824824824825      -2.159446295652917E-003  0.353968125336330     
   3.25825825825826      -2.308827218846567E-003  0.352846120873834     
   3.26826826826827      -2.128027198888282E-003  0.351474616626974     
   3.27827827827828      -2.289579513955228E-003  0.350230764130637     
   3.28828828828829      -2.013488254990433E-003  0.348944833666748     
   3.29829829829830      -2.110106926836931E-003  0.347516406928994     
   3.30830830830831      -1.936195055301731E-003  0.346386798914842     
   3.31831831831832      -1.826973703203846E-003  0.344948928281417     
   3.32832832832833      -1.700261646698275E-003  0.343705683198452     
   3.33833833833834      -1.519808518431219E-003  0.342272339576186     
   3.34834834834835      -1.466227635785087E-003  0.340828863605994     
   3.35835835835836      -1.483413407677436E-003  0.339461838743764     
   3.36836836836837      -1.425164447282591E-003  0.338162444837000     
   3.37837837837838      -1.376097510890355E-003  0.336806593075567     
   3.38838838838839      -1.374790897877531E-003  0.335477168772543     
   3.39839839839840      -1.348775873969506E-003  0.334203098882912     
   3.40840840840841      -1.310234562757176E-003  0.332903148154249     
   3.41841841841842      -1.295489086539147E-003  0.331613084987295     
   3.42842842842843      -1.282860956600072E-003  0.330352729189859     
   3.43843843843844      -1.259556507202481E-003  0.329095453925632     
   3.44844844844845      -1.243768950474685E-003  0.327845501946928     
   3.45845845845846      -1.231345499451329E-003  0.326607662978902     
   3.46846846846847      -1.220555351727978E-003  0.325381073269638     
   3.47847847847848      -1.211138386005558E-003  0.324164679340434     
   3.48848848848849      -1.203799054543741E-003  0.322957527229347     
   3.49849849849850      -1.200998082674318E-003  0.321760838388204     
   3.50850850850851      -1.194948010840437E-003  0.320579366632428     
   3.51851851851852      -1.186599706126099E-003  0.319395753985180     
   3.52852852852853      -1.187954762892281E-003  0.318212609276347     
   3.53853853853854      -1.206573225000037E-003  0.317027148091813     
   3.54854854854855      -1.276832411588924E-003  0.315840721603517     
   3.55855855855856      -1.448180066372555E-003  0.314772055216157     
   3.56856856856857      -1.436558298982866E-003  0.313896231459121     
   3.57857857857858      -1.257852116760342E-003  0.312820985853292     
   3.58858858858859      -1.210192520264708E-003  0.311662398834454     
   3.59859859859860      -1.220133991224869E-003  0.310586231010490     
   3.60860860860861      -1.156538231842855E-003  0.309509239732563     
   3.61861861861862      -1.136120627339363E-003  0.308396685696182     
   3.62862862862863      -1.160384255269482E-003  0.307327617151539     
   3.63863863863864      -1.125898498701418E-003  0.306300387430762     
   3.64864864864865      -1.103226711866391E-003  0.305228584508261     
   3.65865865865866      -1.105275874830165E-003  0.304196906936886     
   3.66866866866867      -1.067692790910609E-003  0.303164496798695     
   3.67867867867868      -1.048082341468644E-003  0.302117178415948     
   3.68868868868869      -1.042629387922518E-003  0.301076977388265     
   3.69869869869870      -1.055355519880519E-003  0.300045815752720     
   3.70870870870871      -1.086696180979876E-003  0.299062311580232     
   3.71871871871872      -1.065587748182190E-003  0.298087270283507     
   3.72872872872873      -1.065769199164939E-003  0.297121724060758     
   3.73873873873874      -1.020839499822584E-003  0.296150957756374     
   3.74874874874875      -1.001000180516191E-003  0.295157270047611     
   3.75875875875876      -1.005997264559724E-003  0.294180382964353     
   3.76876876876877      -9.965219590848623E-004  0.293237402785052     
   3.77877877877878      -9.816574745588776E-004  0.292280188518239     
   3.78878878878879      -9.680825328596736E-004  0.291341497153058     
   3.79879879879880      -9.483363540420124E-004  0.290396146203355     
   3.80880880880881      -9.368642973099125E-004  0.289455279498643     
   3.81881881881882      -9.285853770275404E-004  0.288522621376607     
   3.82882882882883      -9.223853117111823E-004  0.287597813663295     
   3.83883883883884      -9.172757607981207E-004  0.286683206678833     
   3.84884884884885      -9.082227317735638E-004  0.285774737929234     
   3.85885885885886      -9.007643468764850E-004  0.284870568694877     
   3.86886886886887      -8.950056223002711E-004  0.283973171823486     
   3.87887887887888      -8.892268120505805E-004  0.283084356194016     
   3.88888888888889      -8.815422296981517E-004  0.282200468441880     
   3.89889889889890      -8.749431312690445E-004  0.281321836956361     
   3.90890890890891      -8.689781344173830E-004  0.280449246682932     
   3.91891891891892      -8.636677443414520E-004  0.279582532175436     
   3.92892892892893      -8.598577171902396E-004  0.278722176448816     
   3.93893893893894      -8.553357614784053E-004  0.277870567684742     
   3.94894894894895      -8.496910636980682E-004  0.277023669092525     
   3.95895895895896      -8.420479629275002E-004  0.276182823463260     
   3.96896896896897      -8.350155880301233E-004  0.275344920610546     
   3.97897897897898      -8.292657931694663E-004  0.274512358602247     
   3.98898898898899      -8.243173808537742E-004  0.273685162815199     
   3.99899899899900      -8.208408728582405E-004  0.272863109067490     
   4.00900900900901      -8.210918285357828E-004  0.272048638828654     
   4.01901901901902      -8.170220145241611E-004  0.271247559309859     
   4.02902902902903      -8.056363299488049E-004  0.270445309686492     
   4.03903903903904      -7.978970537761000E-004  0.269644580660789     
   4.04904904904905      -7.918934641972367E-004  0.268849331592841     
   4.05905905905906      -7.864999814025747E-004  0.268059530802488     
   4.06906906906907      -7.814824951143985E-004  0.267274955749995     
   4.07907907907908      -7.769652251473573E-004  0.266495702188046     
   4.08908908908909      -7.720480815130273E-004  0.265722128879067     
   4.09909909909910      -7.671001600765772E-004  0.264952882738922     
   4.10910910910911      -7.621164625805906E-004  0.264189003261697     
   4.11911911911912      -7.568660081406623E-004  0.263429336118237     
   4.12912912912913      -7.519947905440383E-004  0.262674284112047     
   4.13913913913914      -7.473269681612157E-004  0.261923966215377     
   4.14914914914915      -7.428693706752904E-004  0.261178416259361     
   4.15915915915916      -7.382538747913468E-004  0.260437716107061     
   4.16916916916917      -7.336153870443701E-004  0.259701300168997     
   4.17917917917918      -7.291816499175245E-004  0.258969469313603     
   4.18918918918919      -7.246281959890503E-004  0.258242125438167     
   4.19919919919920      -7.201693133897612E-004  0.257519079345006     
   4.20920920920921      -7.158039182216267E-004  0.256800405466591     
   4.21921921921922      -7.115004383167956E-004  0.256086062680286     
   4.22922922922923      -7.072516457686905E-004  0.255375999347520     
   4.23923923923924      -7.030592181196760E-004  0.254670163224524     
   4.24924924924925      -6.989341291622743E-004  0.253968498540555     
   4.25925925925926      -6.949120492630321E-004  0.253270941988570     
   4.26926926926927      -6.911218534174286E-004  0.252577444382265     
   4.27927927927928      -6.878519914768177E-004  0.251888371378430     
   4.28928928928929      -6.838855144135243E-004  0.251204291751288     
   4.29929929929930      -6.791806188298981E-004  0.250523219119899     
   4.30930930930931      -6.750315186394411E-004  0.249845673147371     
   4.31931931931932      -6.711930019141403E-004  0.249172003383688     
   4.32932932932933      -6.676580095645488E-004  0.248502094723601     
   4.33933933933934      -6.648235034705148E-004  0.247835831363420     
   4.34934934934935      -6.639657394858221E-004  0.247174318575096     
   4.35935935935936      -6.610376014127105E-004  0.246521251581838     
   4.36936936936937      -6.540104319131370E-004  0.245868133679237     
   4.37937937937938      -6.491431593429212E-004  0.245216882992302     
   4.38938938938939      -6.454147083098392E-004  0.244569576645799     
   4.39939939939940      -6.418875710324913E-004  0.243926772376088     
   4.40940940940941      -6.380185353481783E-004  0.243287439541298     
   4.41941941941942      -6.340300331411252E-004  0.242651720037171     
   4.42942942942943      -6.301922715438828E-004  0.242019221849022     
   4.43943943943944      -6.265737508118677E-004  0.241390274625380     
   4.44944944944945      -6.230567919390245E-004  0.240764870555750     
   4.45945945945946      -6.196245415047064E-004  0.240142965418860     
   4.46946946946947      -6.162541471972794E-004  0.239524594139266     
   4.47947947947948      -6.128287615667926E-004  0.238909629034611     
   4.48948948948949      -6.094333085845129E-004  0.238298040731623     
   4.49949949949950      -6.060554184552112E-004  0.237689750578808     
   4.50950950950951      -6.027379386878907E-004  0.237084770747301     
   4.51951951951952      -5.994604144812521E-004  0.236483084695372     
   4.52952952952953      -5.962156450930635E-004  0.235884661256226     
   4.53953953953954      -5.930011632004668E-004  0.235289470005180     
   4.54954954954955      -5.898159351240942E-004  0.234697481546455     
   4.55955955955956      -5.866596923447761E-004  0.234108667087235     
   4.56956956956957      -5.835333387673700E-004  0.233522998123811     
   4.57957957957958      -5.804415995749944E-004  0.232940447550387     
   4.58958958958959      -5.773906051235083E-004  0.232361006100530     
   4.59959959959960      -5.743456177456259E-004  0.231784645847004     
   4.60960960960961      -5.713100992079531E-004  0.231211332335761     
   4.61961961961962      -5.682888345708988E-004  0.230641001275294     
   4.62962962962963      -5.653111340470659E-004  0.230073651117333     
   4.63963963963964      -5.623705361328433E-004  0.229509262832328     
   4.64964964964965      -5.594783081795547E-004  0.228947809726902     
   4.65965965965966      -5.566719682404912E-004  0.228389311130284     
   4.66966966966967      -5.538131461087117E-004  0.227833838116793     
   4.67967967967968      -5.508569736647316E-004  0.227281124697112     
   4.68968968968969      -5.479845158274664E-004  0.226731194264552     
   4.69969969969970      -5.451640456695799E-004  0.226184089914398     
   4.70970970970971      -5.423773856350598E-004  0.225639788131671     
   4.71971971971972      -5.396226365578532E-004  0.225098261443545     
   4.72972972972973      -5.369106425617331E-004  0.224559484157245     
   4.73973973973974      -5.342787730331252E-004  0.224023467853588     
   4.74974974974975      -5.316034776254812E-004  0.223490300757746     
   4.75975975975976      -5.288300248718206E-004  0.222959707044802     
   4.76976976976977      -5.261390611800525E-004  0.222431729052440     
   4.77977977977978      -5.234943410879569E-004  0.221906402282865     
   4.78978978978979      -5.208805842210020E-004  0.221383704969849     
   4.79979979979980      -5.182988290406932E-004  0.220863616492216     
   4.80980980980981      -5.157412112325641E-004  0.220346135817805     
   4.81981981981982      -5.131749528573492E-004  0.219831220351684     
   4.82982982982983      -5.106297429115025E-004  0.219318827392228     
   4.83983983983984      -5.081133633134652E-004  0.218808956718030     
   4.84984984984985      -5.056194306647239E-004  0.218301591772388     
   4.85985985985986      -5.031458693783136E-004  0.217796712531844     
   4.86986986986987      -5.006919169774658E-004  0.217294299294256     
   4.87987987987988      -4.982571984682092E-004  0.216794332723675     
   4.88988988988989      -4.958415206967780E-004  0.216296793734905     
   4.89989989989990      -4.934448876818920E-004  0.215801663386993     
   4.90990990990991      -4.910677655549736E-004  0.215308922757052     
   4.91991991991992      -4.887122390582469E-004  0.214818552995411     
   4.92992992992993      -4.863861569484629E-004  0.214330539894344     
   4.93993993993994      -4.840781871748319E-004  0.213844895759248     
   4.94994994994995      -4.817458531053858E-004  0.213361559307753     
   4.95995995995996      -4.794425791111948E-004  0.212880501442371     
   4.96996996996997      -4.771651979381089E-004  0.212401728201282     
   4.97997997997998      -4.749082169967622E-004  0.211925223459308     
   4.98998998998999      -4.726718137620757E-004  0.211450970704450     
   5.00000000000000      -4.704521656441466E-004  0.210978958707860     
